240000	0.0015990396325680195
280000	0.003657394072820898
320000	0.0038783017482433933
360000	0.002986425458762096
400000	0.002195437720691552
440000	0.0014071537011361216
480000	0.0014213034150307067
520000	0.0014598472035548184
560000	0.001511292979249265
600000	0.001528494128829334
640000	0.0016014951852266676
680000	0.001627750520297559
720000	0.001664072113932343
760000	0.0016801200756162871
800000	0.0016737546519841999
840000	0.0017159325899439863
880000	0.001698184176569339
920000	0.001723050923401024
960000	0.0017641872322186828
1000000	0.001799410160270054
1040000	0.0018839310009090696
1080000	0.0018743641829583795
1120000	0.0018584839397808536
1160000	0.0019150778807641472
1200000	0.001981938684446504
1240000	0.001974461295455694
1280000	0.001982134871545713
1320000	0.002070644215331413
1360000	0.00215881909285672
1400000	0.002153655993810389
1440000	0.002164535371796228
1480000	0.0022430943721788933
1520000	0.002248324180697091
1560000	0.002308823380630929
1600000	0.0022432253731531093
1640000	0.0023774388330290094
1680000	0.002460565554862842
1720000	0.0023703345116693527
1760000	0.0023465663310373204
1800000	0.002444640525279101
1840000	0.0024303811240475623
1880000	0.0024341835608240217
1920000	0.002491215998469852
1960000	0.0024990310698514806
2000000	0.002453125737467781
2040000	0.002565699005010538
2080000	0.0025983998090145176
2120000	0.00261172657138668
2160000	0.0025698939396301287
2200000	0.002560482075018808
2240000	0.0026183374693384393
2280000	0.0025597373171243817
2320000	0.002614256039634347
2360000	0.0018853540588112082
2400000	0.0006065861490264069
2440000	0.0006082501175202196
2480000	0.0006281004601856693
2520000	0.0006194921413785778
2560000	0.0006354759908979759
2600000	0.0006296951001684647
2640000	0.0006253456114209257
2680000	0.0006179495158838108
2720000	0.0006099870711739641
2760000	0.0006158211064815987
2800000	0.0005963948962918949
2840000	0.0006025206227088347
2880000	0.0006029591720551253
2920000	0.0006063167236512527
2960000	0.0005985561891749967
3000000	0.000598686303338036
3040000	0.0005935900395910721
3080000	0.0005859972650883719
3120000	0.0005841937635792419
3160000	0.0005881059750856366
3200000	0.0005788162960321643
3240000	0.0005727369309403002
3280000	0.0005763109606399667
3320000	0.0005706681241397746
3360000	0.0005867964668810601
3400000	0.0005617605944280513
3440000	0.0005667365557979792
3480000	0.000559030525223352
3520000	0.000558931646606652
3560000	0.0005659029242291581
3600000	0.0005682820713613183
3640000	0.0005625659857003484
3680000	0.0005650940607942175
3720000	0.0005678912512084935
3760000	0.0005687891821493394
3800000	0.0005704194181540515
3840000	0.0005687441084650345
3880000	0.0005632055099646095
3920000	0.0005497564073069952
3960000	0.0005600397575821262
4000000	0.0005561611273384188
4040000	0.0005445151386666112
4080000	0.0005498271300108172
4120000	0.0005507909620879218
4160000	0.0005504547547490802
4200000	0.0005549688653263729
4240000	0.0005556966691743582
4280000	0.0005527819246286526
4320000	0.0005640172022278421
4360000	0.0005486396654741839
4400000	0.0005553881090891082
4440000	0.0005588011616782751
4480000	0.0005605226545070764
4520000	0.0005529870313592256
4560000	0.000553700509358896
4600000	0.000549369609268615
4640000	0.000559189629094908
4680000	0.0005513850171060767
4720000	0.0005432728575193324
4760000	0.0005515005869790912
4800000	0.0005478289843711536
4840000	0.0005386422300129197
4880000	0.0005460104274388868
4920000	0.0005379882467561401
4960000	0.0005419921914523001
5000000	0.0005415548177494202
5040000	0.0005298983286949806
5080000	0.0005401471363205929
5120000	0.0005350772501376924
5160000	0.0005269888185779564
5200000	0.0005306994534155819
5240000	0.0005242696900037118
5280000	0.0005251015884976368
5320000	0.0005243401288113092
5360000	0.0005169320898887235
5400000	0.0005003895445668604
5440000	0.0005017900670412928
5480000	0.0005022314860892948
5520000	0.0005067687821341679
5560000	0.0005081535581965
5600000	0.0005032972783024889
5640000	0.0004996112217137125
5680000	0.0004976783739111852
5720000	0.0005013542510772822
5760000	0.00048975612000213
5800000	0.0004989411700982601
5840000	0.000493369862518739
5880000	0.0005020415176986716
5920000	0.000496105841154349
5960000	0.000498535938974237
6000000	0.0004913179990602657
6040000	0.0004986777475860435
6080000	0.0004837154507811647
6120000	0.000493990090987063
6160000	0.0004894104558683466
6200000	0.00047878557630465365
6240000	0.00048016941417590713
6280000	0.0004810747070179787
6320000	0.000482809455198003
6360000	0.00048823070735088547
6400000	0.0004937173594255001
6440000	0.0004899606799386674
6480000	0.0004923240718781017
6520000	0.0004947864115762058
6560000	0.0004977597870514728
6600000	0.000495107609970728
6640000	0.0004967390308738686
6680000	0.0005041647216188722
6720000	0.000501945368037559
6760000	0.0005061530517879874
6800000	0.0005091187378740869
6840000	0.0005118946166883688
6880000	0.0005136106993362773
6920000	0.0005038186704739928
6960000	0.0005052939239423722
7000000	0.000501667269342579
7040000	0.0004981506107200402
7080000	0.0004952353196684272
7120000	0.000492483538138913
7160000	0.0004891618581372313
7200000	0.00047600430552556647
7240000	0.00047374428157927466
7280000	0.0004634352635301184
7320000	0.00046226578722707927
7360000	0.00047090296006936113
7400000	0.00045576139036274983
7440000	0.0004534258665778907
7480000	0.000446743419917766
7520000	0.00045216425794642417
7560000	0.0004503563940175809
7600000	0.00044690510879736396
7640000	0.00045003833065275105
7680000	0.0004487606066686567
7720000	0.00045433012397261334
7760000	0.00045322845212649555
7800000	0.00045429792448994704
7840000	0.00045057101995626
7880000	0.0004519652883929666
7920000	0.0004438238929840736
7960000	0.00044800914968072905
8000000	0.0004495938381936867
8040000	0.00045377040106686764
8080000	0.00045560785089619456
8120000	0.0004437958693917608
8160000	0.0004482387173571624
8200000	0.0004486037957685767
8240000	0.00045059438960743135
8280000	0.00044581105144461615
8320000	0.00043863014617818405
8360000	0.0004327857949043391
8400000	0.0004280558170110453
8440000	0.000426197492092615
8480000	0.00043350033289170825
8520000	0.00043197805119561965
8560000	0.000434620372322388
8600000	0.0004280539440282155
8640000	0.0004201326245092787
8680000	0.0004266521373181604
8720000	0.00042209478480508553
8760000	0.0004282352925511077
8800000	0.000419829814331024
8840000	0.0004263292619783897
8880000	0.00042628559916338415
8920000	0.0004140733806503704
8960000	0.00041554523609229363
9000000	0.000412128003773978
9040000	0.00042649331066641025
9080000	0.00042110890082549304
9120000	0.00040941022510523905
9160000	0.00040991154438233934
9200000	0.0004093716852628859
9240000	0.00041192239699885247
9280000	0.0004091694350063335
9320000	0.0004040363228035858
9360000	0.0004103269757004455
9400000	0.0004011943883873755
9440000	0.0004052586302801501
9480000	0.0003980887988640461
9520000	0.00040340923634939825
9560000	0.00039405834168428555
9600000	0.0003917068305134308
9640000	0.0003873091406916501
9680000	0.00039222451940586325
9720000	0.0003897813101153588
9760000	0.0003905437524255831
9800000	0.00040345242896291895
9840000	0.00039800132643140387
9880000	0.0003950885908154305
9920000	0.00039091310554067603
9960000	0.00038346651335596104
10000000	0.00038169358257437124
10040000	0.000381686816905858
10080000	0.0003804775008291472
10120000	0.00037424321505532133
10160000	0.0003642347705696011
10200000	0.0003671156323136529
10240000	0.00036624949426040986
10280000	0.00035756801180832553
10320000	0.0003576812292623799
10360000	0.00036075870360364207
10400000	0.00035857466566376387
10440000	0.0003501472742966143
10480000	0.0003543613682530122
10520000	0.0003470280173496576
10560000	0.0003409629027126357
10600000	0.0003419414888048777
10640000	0.0003447128337284084
10680000	0.0003412462073698407
10720000	0.00033960463571420407
10760000	0.00032939502661465667
10800000	0.00033478943225345574
10840000	0.00033566933348192835
10880000	0.000336257917311741
10920000	0.00032974738982738925
10960000	0.0003287786893924931
11000000	0.0003259804402739974
11040000	0.00032405762707348915
11080000	0.00032414160544285553
11120000	0.00032250990622269455
11160000	0.00032013873351970687
11200000	0.0003241360045794863
11240000	0.00031823707113508136
11280000	0.00031563472598209044
11320000	0.0003091955226234859
11360000	0.0003112352703145007
11400000	0.0003161824828363024
11440000	0.0003136537138721906
11480000	0.0003116429343295749
11520000	0.000315704237416503
11560000	0.000313415449988679
11600000	0.00031500919469981453
11640000	0.00031386929235013665
11680000	0.0003117106518941
11720000	0.0003066695323883323
11760000	0.0003067249338142574
11800000	0.00031041905738238713
11840000	0.0003108800496789627
11880000	0.00030824872231460175
11920000	0.000303234288393287
11960000	0.00030345428976288533
12000000	0.0003042763836972881
12040000	0.0003004510228463914
12080000	0.00029827829674177337
12120000	0.00030359374568215573
12160000	0.00030597971183015033
12200000	0.0003040770247316686
12240000	0.00030675577172951306
12280000	0.00030829013488692
12320000	0.0003030014808260603
12360000	0.00029575175560312344
12400000	0.00029747615695378045
12440000	0.000297346522854059
12480000	0.00029634903253463563
12520000	0.0002964256203966215
12560000	0.00030064952065004033
12600000	0.00030050024592783304
12640000	0.0003008330936834682
12680000	0.00030574680005083794
12720000	0.0003014524179016007
12760000	0.0002998321637584013
12800000	0.00030135506567603444
12840000	0.0002937486610346241
12880000	0.00029717624829208943
12920000	0.0002904594023013487
12960000	0.0002906669436662924
13000000	0.00029216291967022696
13040000	0.00029067398223269267
13080000	0.00029643236334668473
13120000	0.00029545886558189524
13160000	0.0002955283727409551
13200000	0.0002973233823402552
13240000	0.00029679600680829026
13280000	0.00029653563562314955
13320000	0.00029486996764026117
13360000	0.000296646005709772
13400000	0.0002919717055512592
13440000	0.0002927719487954164
13480000	0.0002937451050936943
13520000	0.0002970747082028538
13560000	0.00029707674413511996
13600000	0.0002923551927058725
13640000	0.00029136166353709996
13680000	0.00028969146625022405
13720000	0.00028463917080662215
13760000	0.0002893778289610054
13800000	0.00028620250939566177
13840000	0.0002892573146615177
13880000	0.00027704836368211546
13920000	0.00027601813076471443
13960000	0.00028202538384648507
14000000	0.00027719453033059837
14040000	0.00028036535376741085
14080000	0.0002850255097378977
14120000	0.0002816916334937559
14160000	0.0002851787666993914
14200000	0.00028369195366394705
14240000	0.00028400456580566244
14280000	0.00027854900299862495
14320000	0.00028760590607125776
14360000	0.0002875697842915542
14400000	0.0002849721705511911
14440000	0.0002816924037615536
14480000	0.0002867568645393476
14520000	0.00028558511221781375
14560000	0.00028425565436773466
14600000	0.0002869282056315569
14640000	0.0002867903691192623
14680000	0.00028145102478738406
14720000	0.0002843821160844527
14760000	0.0002884201208304148
14800000	0.00028732542062934955
14840000	0.0002836570699204458
14880000	0.00028593484978482595
14920000	0.00028033547175000423
14960000	0.0002797621150617488
15000000	0.0002808943440992152
15040000	0.00028052649116434625
15080000	0.0002762851605250035
15120000	0.00027825436514103787
15160000	0.00027804120702494404
15200000	0.00028173485785664527
15240000	0.0002790494219370885
15280000	0.00027790795307955704
15320000	0.0002796838950482197
15360000	0.000282730369316414
15400000	0.0002830623778601876
15440000	0.00028038330691342706
15480000	0.000279062182753114
15520000	0.00027924840553314424
15560000	0.00028255922594398725
15600000	0.0002776472370052943
15640000	0.0002803387846099213
15680000	0.0002772202967680641
15720000	0.00027135596006992274
15760000	0.00027239171110559257
15800000	0.00027151066597434694
15840000	0.00027870298195048233
15880000	0.00027192311552062164
15920000	0.00027408448785718067
15960000	0.0002738173593301326
16000000	0.00027857236730051226
16040000	0.0002728748429712141
16080000	0.0002732281856791815
16120000	0.00027301026551576797
16160000	0.0002771735600865213
16200000	0.000271375202620402
16240000	0.00027141457693069244
16280000	0.0002713139825500548
16320000	0.0002684495511901332
16360000	0.0002711909025645582
16400000	0.00026221931283653245
16440000	0.0002661137207731372
16480000	0.00026976942679903004
16520000	0.00027171363118686713
16560000	0.0002719836165342713
16600000	0.0002680242385191377
16640000	0.00027165906364680267
16680000	0.00026526242728868967
16720000	0.00026305636631732344
16760000	0.00026459805972699543
16800000	0.0002686290938057937
16840000	0.000263610945479013
16880000	0.00026378507081826683
16920000	0.00026233672127418686
16960000	0.0002611023750621825
17000000	0.0002587184628326213
17040000	0.0002595862225949531
17080000	0.00025525499578507154
17120000	0.00025676886672154067
17160000	0.0002552824001730187
17200000	0.00025753801029350143
17240000	0.0002554557498806389
17280000	0.0002550939712062245
17320000	0.00025722174900001844
17360000	0.00025741576564032587
17400000	0.0002579281141544925
17440000	0.0002572822196088964
17480000	0.000251676984714868
17520000	0.00025144288718292955
17560000	0.0002537407847208669
17600000	0.0002524782801847323
17640000	0.0002545782218439854
17680000	0.00025483792707527755
17720000	0.0002522633047628915
17760000	0.0002497956693492597
17800000	0.0002493327427073382
17840000	0.0002525770360196475
17880000	0.00025036407899751794
17920000	0.0002473894252616446
17960000	0.00024858050246839413
18000000	0.00024687998246809004
18040000	0.00024130810376082082
18080000	0.00024060895850707312
18120000	0.00024043554581876377
18160000	0.00023998333653435112
18200000	0.00024120948183117434
18240000	0.00024118890329264105
18280000	0.0002381709238718031
18320000	0.00024065008748439142
18360000	0.00023911969119508284
18400000	0.00024114332743774866
18440000	0.0002385222921409877
18480000	0.00023518234578950796
18520000	0.0002359399896755349
18560000	0.00023715133517980577
18600000	0.0002368174567440292
18640000	0.00023421775580500254
18680000	0.00023607525934057775
18720000	0.000234050860023126
18760000	0.00023262033856008202
18800000	0.00023499303606513421
18840000	0.00023277702520572348
18880000	0.00023327320633688943
18920000	0.0002287916478671832
18960000	0.00022953768740117085
19000000	0.00023587233847356402
19040000	0.0002349252634565346
19080000	0.00023859321228519547
19120000	0.00023707249438157304
19160000	0.00023820283516542986
19200000	0.0002342606900638202
19240000	0.00023047549422772136
19280000	0.00023333386118029012
19320000	0.00023379314397170675
19360000	0.0002329506851179758
19400000	0.00023362047345435713
19440000	0.00022836737301258836
19480000	0.0002325540186575381
19520000	0.0002303913959840429
19560000	0.00022780807491799352
19600000	0.0002309054364959593
19640000	0.00022669830174127127
19680000	0.000229587737446127
19720000	0.00022438801972166403
19760000	0.00023033193704031872
19800000	0.00023636207734671188
19840000	0.00023280890545574948
19880000	0.00022939385484642115
19920000	0.00023098080719064455
19960000	0.000226831727148965
20000000	0.00022763278070488013
20040000	0.00022621207563497593
20080000	0.000226674783724593
20120000	0.00022761285150336335
20160000	0.00022630616910464596
20200000	0.00023280999126582173
20240000	0.00022559395336720626
20280000	0.00022738593592657708
20320000	0.00032363676588865927
20360000	0.001720050269830972
20400000	0.0016497019987320527
20440000	0.0016479642269201576
20480000	0.001643699418194592
20520000	0.00021681021915428574
20560000	0.00021887036466941936
20600000	0.00021950925389246548
20640000	0.00021778879892372062
20680000	0.00021968277954874794
20720000	0.00021874216758005786
20760000	0.00022174025095737307
20800000	0.00022698154177342076
20840000	0.00022886694266053382
20880000	0.00022831878270953892
20920000	0.00022470328870695085
20960000	0.00022354034009331372
21000000	0.00022265367082436569
21040000	0.0002223257934805588
21080000	0.0002251521587226307
21120000	0.0002163752936234232
21160000	0.00022244920570374234
21200000	0.0002269725054851733
21240000	0.00022150195126014295
21280000	0.0002242776770348428
21320000	0.00021691145899385448
21360000	0.00021837062335398514
21400000	0.00022540187643026
21440000	0.0002183346443081973
21480000	0.00022020140920794802
21520000	0.00021756403391773346
21560000	0.00021933442430745344
21600000	0.00022369047219690402
21640000	0.00022358194579283008
21680000	0.00022345745864149648
21720000	0.00022237382835883183
21760000	0.0002229174145963043
21800000	0.00023344692879909417
21840000	0.0002224247496953467
21880000	0.0002226263210439356
21920000	0.0002249633146187989
21960000	0.0002217852978326846
22000000	0.00022099945515510625
22040000	0.0002237297871048213
22080000	0.00022069479459896685
22120000	0.00021778018872719258
22160000	0.00022075424600043333
22200000	0.0002204722620372195
22240000	0.00022062943647033534
22280000	0.0002252973892245791
22320000	0.00022566761181660696
22360000	0.00022775665462831967
22400000	0.00023202916878799443
22440000	0.00022049058563279687
22480000	0.00022992287317028968
22520000	0.0002231711514556082
22560000	0.0002213888660291559
22600000	0.0002226657168896054
22640000	0.0002235126606276026
22680000	0.00022024411104794127
22720000	0.0002203414220493869
22760000	0.00021823977265739814
22800000	0.00021867206305760192
22840000	0.0002197222070317366
22880000	0.00022362935663986717
22920000	0.0002134194575875881
22960000	0.00021208604776329592
23000000	0.00021398544857656815
23040000	0.0002139268706101575
23080000	0.0002119168875797186
23120000	0.0002102976670386852
23160000	0.0002106341238861205
23200000	0.00021000232258957112
23240000	0.00021322829537530198
23280000	0.00021244905987259698
23320000	0.00021140689337771618
23360000	0.00020954232053918532
23400000	0.00020560852987400722
23440000	0.0002115717474312987
23480000	0.00021360559535678477
23520000	0.00021436294038867346
23560000	0.00020990132115693996
23600000	0.00020705464446509723
23640000	0.00020593890800082591
23680000	0.0002037323907483369
23720000	0.00020419909967749845
23760000	0.00020071190279850271
23800000	0.00020343764963763532
23840000	0.00020553636381519027
23880000	0.0002097340859894757
23920000	0.0002151205404967186
23960000	0.00021565484705934068
24000000	0.00021502986952546052
24040000	0.0002035354447682039
24080000	0.00020096303598402302
24120000	0.00020029269120132084
24160000	0.0002058336235524621
24200000	0.0002017631273207371
24240000	0.00019985580428037792
24280000	0.00020458222582092275
24320000	0.00020373299346247223
24360000	0.00020190649189898976
24400000	0.000204076657317637
24440000	0.00020625428925122834
24480000	0.00019788496030523676
24520000	0.00019897051217849366
24560000	0.00020387395630823448
24600000	0.00019924219110398553
24640000	0.0001960352341120597
24680000	0.00019874500274745516
24720000	0.00020270133913872997
24760000	0.00019787692663667257
24800000	0.00019940469448338262
24840000	0.00020163424861966632
24880000	0.00019988379841815913
24920000	0.000196587861381704
24960000	0.00019506537035194924
25000000	0.00019505108207231388
25040000	0.00019803199038578897
25080000	0.00019610327516274991
25120000	0.00019530438139336184
25160000	0.00019608718260278693
25200000	0.00019454513473174303
25240000	0.00019655303232138976
25280000	0.00019198579792428064
25320000	0.00019108993941335938
25360000	0.00019329684727272252
25400000	0.0001944325846794527
25440000	0.00018713864096789621
25480000	0.00018940792378271
25520000	0.0001908873010557727
25560000	0.00019512965979083673
25600000	0.00018979630223620915
25640000	0.00019005050025589298
25680000	0.000185411428270163
25720000	0.00018161891428608215
25760000	0.00018179140308493516
25800000	0.00018288007541559636
25840000	0.00017967239204590442
25880000	0.00018497759431920712
25920000	0.000186063250778534
25960000	0.00018260897255968303
26000000	0.00018408576151123272
26040000	0.0001803301476451452
26080000	0.00017859297387622065
26120000	0.00017967373926512664
26160000	0.00017647052411193728
26200000	0.00017531113968871067
26240000	0.00017582895554660354
26280000	0.00017534858213475672
26320000	0.00018056722076580626
26360000	0.00017916027936007594
26400000	0.0001820166011049878
26440000	0.00017905751445214263
26480000	0.00017750844993570354
26520000	0.0001746480473302654
26560000	0.00017618992195493776
26600000	0.00017462642192404019
26640000	0.00017847906774986767
26680000	0.00017626969649718377
26720000	0.00017058605772035662
26760000	0.00017219870898552473
26800000	0.00017456271970440866
26840000	0.0001741049540156382
26880000	0.0001729304359992966
26920000	0.0001776269120935467
26960000	0.0001754226989018207
27000000	0.0003364975542426691
27040000	0.0021927285025827585
27080000	0.002111993203032762
27120000	0.0020781975427409632
27160000	0.0020087039056234063
27200000	0.0019641424638801256
27240000	0.0006923412277581519
27280000	0.00015943695158639456
27320000	0.00016125199560628972
27360000	0.00016526837556593818
27400000	0.00016872714879427803
27440000	0.00016797334306611447
27480000	0.00016698237609525678
27520000	0.0001640127725608181
27560000	0.00016983337085985114
27600000	0.0001695327373541659
27640000	0.0001681928692953079
27680000	0.00016988792651391121
27720000	0.00017390660759265301
27760000	0.00017347300852125046
27800000	0.00017209349220211151
27840000	0.0001694823010053369
27880000	0.00016881933952390683
27920000	0.0001707846171615529
27960000	0.0001741325061317184
28000000	0.0001704297982796561
28040000	0.0001714333324081963
28080000	0.00016830963143875125
28120000	0.00016831629167718347
28160000	0.00016243050433768075
28200000	0.0001668754492580774
28240000	0.0001688632150850026
28280000	0.0001673558953247266
28320000	0.0001684506374760531
28360000	0.0001664858585674665
28400000	0.00016834278135647766
28440000	0.00016859499829879497
28480000	0.00016951445777813206
28520000	0.00016713230150635353
28560000	0.00016624297345988452
28600000	0.00016228795676288428
28640000	0.0001652078943880042
28680000	0.00017106135760986945
28720000	0.0001659342949234997
28760000	0.00016362673801486382
28800000	0.0001670772982557537
28840000	0.0001627064126834739
28880000	0.00016575711913610576
28920000	0.00016545878891047324
28960000	0.00016518497224897146
29000000	0.00016643257655377965
29040000	0.00016542848128738114
29080000	0.00016522765063273255
29120000	0.00016936960130697117
29160000	0.00016900571330552338
29200000	0.0001652028830139898
29240000	0.0001652875775267603
29280000	0.0001635028470060206
29320000	0.0005002771636762191
29360000	0.0015653611655230635
29400000	0.0015371990274172277
29440000	0.0015232672435231507
29480000	0.0015201857507927343
29520000	0.0015179096324020066
29560000	0.0014300172329298221
29600000	0.0005704161460322212
29640000	0.00015029894257895647
29680000	0.0001521880850836169
29720000	0.00015489296273444778
29760000	0.0001549795700244431
29800000	0.00015361780268576694
29840000	0.0001528506029440905
29880000	0.00015425503063888754
29920000	0.00015362366318731803
29960000	0.00015626730096992105
30000000	0.00015620381485496182
30040000	0.00015894417491945205
30080000	0.00015347836567962078
30120000	0.00015943797297804848
30160000	0.00015570864350011106
30200000	0.00016022966957825703
30240000	0.00015913949915702686
30280000	0.0001555924666397914
30320000	0.0001548392575001344
30360000	0.00015399880936456612
30400000	0.00015504070620518177
30440000	0.00015664189445233206
30480000	0.0001603615084386547
30520000	0.0001602521746121056
30560000	0.00016169910619209986
30600000	0.00016012299994326896
30640000	0.000155565901499358
30680000	0.00015297128055535722
30720000	0.0001567375188402366
30760000	0.00015150941559113562
30800000	0.00015196971306140767
30840000	0.00015364352117176166
30880000	0.00015163937063043703
30920000	0.0001482577995819156
30960000	0.0001496536570295575
31000000	0.00014941876807133666
31040000	0.00014947048883041133
31080000	0.00015117696440283907
31120000	0.0001484558467302122
31160000	0.00014711328802368372
31200000	0.0001439095524736331
31240000	0.00015112142653670162
31280000	0.0001478260420350125
31320000	0.00014402700639184332
31360000	0.00014737209545855875
31400000	0.00014851229549094568
31440000	0.00014617172631551512
31480000	0.00014921517054172
31520000	0.00014847860616864638
31560000	0.00014959951950149842
31600000	0.00014800919631525176
31640000	0.0001494713075167965
31680000	0.00014990571038943018
31720000	0.0001531587275734637
31760000	0.0001490434815073968
31800000	0.00014451085559849162
31840000	0.00014310507271875396
31880000	0.0001423056496285426
31920000	0.00014396394397917902
31960000	0.00014779505828919356
32000000	0.00014892175785935252
32040000	0.00014503104512259598
32080000	0.00014698545306164306
32120000	0.00014396244231029413
32160000	0.0001410554365007556
32200000	0.000141645095491549
32240000	0.00014144057770026848
32280000	0.0001402269382306258
32320000	0.00014429629541264148
32360000	0.0001459752336726524
32400000	0.00014217361384799007
32440000	0.0001454862427781336
32480000	0.00013983586553076747
32520000	0.00013553065913947648
32560000	0.00013482155231758953
32600000	0.00013881640082399825
32640000	0.0001406057915868587
32680000	0.00013719236391334562
32720000	0.00013850316618336365
32760000	0.00013702208307367982
32800000	0.0001368601447335095
32840000	0.0001354439004790038
32880000	0.00013745955617632717
32920000	0.00013667740351957036
32960000	0.00013456545272201765
33000000	0.00013583190226199805
33040000	0.00013805923936670297
33080000	0.00013586533703200985
33120000	0.00013404498695017536
33160000	0.00013170762375666527
33200000	0.00013243183015147224
33240000	0.00013350059132208116
33280000	0.00013462880146544195
33320000	0.00013289905815181555
33360000	0.0001330953480908647
33400000	0.00013278957063303097
33440000	0.0001319079680615687
33480000	0.00013406659894171753
33520000	0.00013381637232669165
33560000	0.00013042163866193733
33600000	0.00012930254068487556
33640000	0.00012849537138972665
33680000	0.00013031203587015626
33720000	0.00013021782718933536
33760000	0.00012847898220061325
33800000	0.0001287065796830575
33840000	0.00012686413062547216
33880000	0.00012611357376590603
33920000	0.00012619457018809045
33960000	0.00013104595996264834
34000000	0.00013044135183590697
34040000	0.00013173481278063264
34080000	0.00013161895303856
34120000	0.00013235298361469175
34160000	0.00012781112107622904
34200000	0.0001280278243284556
34240000	0.0001283821609642473
34280000	0.00012803831081764657
34320000	0.00012896451616106787
34360000	0.0001272336116162478
34400000	0.00012821617137669819
34440000	0.00012538180983610802
34480000	0.0001268758589423669
34520000	0.00012263716240559007
34560000	0.00012335079936747205
34600000	0.00012413255092105828
34640000	0.00012608755089968325
34680000	0.00012173013144201832
34720000	0.00012218828135664807
34760000	0.00012424017669254681
34800000	0.00012069909034107695
34840000	0.00012437532187905163
34880000	0.00012215790430054768
34920000	0.00012184479240968357
34960000	0.00012077976421933272
35000000	0.00012266523357247933
35040000	0.00012206837265184731
35080000	0.00012372534787282347
35120000	0.0001224746440660965
35160000	0.00012280774287937675
35200000	0.00012345410842390264
35240000	0.00011933698688808363
35280000	0.0001192225917475298
35320000	0.00012429933934035944
35360000	0.00012427695365331603
35400000	0.0001236236400261987
35440000	0.00012194152018637396
35480000	0.00011928211193007883
35520000	0.00012013163026422263
35560000	0.00012078550447185989
35600000	0.0001193988647966762
35640000	0.00012195979395983158
35680000	0.00011938549343467457
35720000	0.00012031405871093738
35760000	0.00012267901688464916
35800000	0.00011952027048901073
35840000	0.0001174833207813208
35880000	0.00011716133404552238
35920000	0.00011735014935402433
35960000	0.00011985390088229906
36000000	0.00011902775216585724
36040000	0.00011956996298904414
36080000	0.00011688815435263677
36120000	0.00011679543076024857
36160000	0.00011675347968848655
36200000	0.0001152375314864912
36240000	0.00011545716040564003
36280000	0.00011564345158694777
36320000	0.0001149035586597165
36360000	0.00011429592079293798
36400000	0.0001149117150111124
36440000	0.00011597532859450439
36480000	0.00011096833558331127
36520000	0.00011140989180494217
36560000	0.00011514879591122735
36600000	0.00011434076420919155
36640000	0.00021423914168044574
36680000	0.0013564930414315312
36720000	0.0013061626455863006
36760000	0.0012233292132266798
36800000	0.0012074467686354184
36840000	0.001236334809777327
36880000	0.001231350989092607
36920000	0.0012722270320053213
36960000	0.001272946872317698
37000000	0.0013104826213326305
37040000	0.00120602331784321
37080000	0.0012047147263772786
37120000	0.001178196951909922
37160000	0.0011285520824836567
37200000	0.0011764695849502459
37240000	0.001038286667677312
37280000	0.00010246959229189088
37320000	0.00010355620684931637
37360000	0.00010826717239979188
37400000	0.00010812568167530117
37440000	0.00010739038837200497
37480000	0.00011116588045406389
37520000	0.00011267374052113155
37560000	0.00010982275636051782
37600000	0.00010869178499269766
37640000	0.00010784120325333788
37680000	0.00010785642424016259
37720000	0.00010823960567213363
37760000	0.0001084930414755945
37800000	0.00010787187291207374
37840000	0.00010961068032775075
37880000	0.00010895367176999571
37920000	0.00010669251994841034
37960000	0.00010707947295813938
38000000	0.00010624049966718304
38040000	0.00010772144489383208
38080000	0.00010650687148299766
38120000	0.00010327236306620761
38160000	0.00010273111712667742
38200000	0.00010346203593580867
38240000	0.00010399577164644143
38280000	0.00010786945111321984
38320000	0.00010568588343157899
38360000	0.0001026668411839637
38400000	0.00010193872086892952
38440000	0.00010497403180779656
38480000	0.0001035436900347122
38520000	0.00010348551628994755
38560000	0.00010349971523246495
38600000	0.0001051150277380657
38640000	0.00010554542433310417
38680000	0.00010371494507053285
38720000	0.00010663282116292976
38760000	0.00010353115510733914
38800000	0.0001047825544999796
38840000	0.00010421571091574151
38880000	0.00010010213734058198
38920000	0.00010123486260781646
38960000	0.00010144740335963434
39000000	0.00010255447939707665
39040000	0.000100968251501763
39080000	0.00010272208180613234
39120000	0.00010422706523240776
39160000	0.00010320659600620274
39200000	0.0001006733175519912
39240000	0.0001014887933684804
39280000	9.999574577741441e-05
39320000	9.803793692190083e-05
39360000	0.0001017907342480612
39400000	0.00010230415670084767
39440000	9.85700180484855e-05
39480000	9.797608071312425e-05
39520000	9.890940953919199e-05
39560000	9.947065214073518e-05
39600000	9.752298162857186e-05
39640000	9.521611145755742e-05
39680000	9.544394518889021e-05
39720000	9.71775667865586e-05
39760000	9.8509147396544e-05
39800000	9.784505834322772e-05
39840000	9.394663049170049e-05
39880000	9.527265939759672e-05
39920000	9.481982575525763e-05
39960000	9.259506185699138e-05
40000000	9.174964460762566e-05
40040000	9.255849372930243e-05
40080000	9.178720596755739e-05
40120000	9.089368170461967e-05
40160000	0.00010240245978566236
40200000	0.0011068698335904628
40240000	0.0011143264734651893
40280000	0.001115343267575372
40320000	0.001067450398474466
40360000	0.0010543511770898476
40400000	0.0010812471506069414
40440000	0.0011043004194041714
40480000	0.0010954808332258835
40520000	0.001063471821974963
40560000	0.0010382577015203424
40600000	0.0010484757014666685
40640000	0.0010351264576311224
40680000	0.0010282779505942016
40720000	0.001010492952982895
40760000	0.001016492498270236
40800000	0.0010212528388248757
40840000	0.0010267377465730534
40880000	0.0009897639369126408
40920000	0.0009988812811905518
40960000	0.0009898922531458084
41000000	0.0010205754191265441
41040000	0.0005162590802603518
41080000	8.591259891472874e-05
41120000	8.626184139648103e-05
41160000	8.76691980731266e-05
41200000	8.578906930342783e-05
41240000	8.67628680767666e-05
41280000	8.730966913281009e-05
41320000	8.623738054593559e-05
41360000	8.836103490830283e-05
41400000	8.618755714269355e-05
41440000	8.518498689954867e-05
41480000	8.75656240968965e-05
41520000	8.528252821488423e-05
41560000	8.660715632358916e-05
41600000	8.731051274808123e-05
41640000	8.717226166845649e-05
41680000	8.725018340192037e-05
41720000	8.631912028649822e-05
41760000	8.544827735750004e-05
41800000	8.63939118484268e-05
41840000	8.683775822719327e-05
41880000	8.741726893058512e-05
41920000	8.651530602801358e-05
41960000	8.489183946730918e-05
42000000	8.694319927235483e-05
42040000	8.618305923955632e-05
42080000	8.672668827566668e-05
42120000	8.97047558621125e-05
42160000	8.72573625332734e-05
42200000	8.577646917619858e-05
42240000	8.527889327524463e-05
42280000	8.429836362920468e-05
42320000	8.432540706562577e-05
42360000	8.625874713834491e-05
42400000	8.772405378767871e-05
42440000	8.594841419399018e-05
42480000	8.311260455739102e-05
42520000	8.451020049033105e-05
42560000	8.528825623216107e-05
42600000	8.512771907335263e-05
42640000	8.419529451057314e-05
42680000	8.306209254878923e-05
42720000	8.447621802042704e-05
42760000	8.422351974950289e-05
42800000	8.188641911256127e-05
42840000	8.323415780687355e-05
42880000	8.448693705649931e-05
42920000	8.343551603611559e-05
42960000	8.224749983419315e-05
43000000	8.121602844548761e-05
43040000	8.150514720546199e-05
43080000	8.123606237713829e-05
43120000	8.194346342716017e-05
43160000	8.195981038952596e-05
43200000	8.099994835502002e-05
43240000	8.013962498662295e-05
43280000	8.159709444298642e-05
43320000	8.218504878750537e-05
43360000	8.163117180592962e-05
43400000	8.262504054800956e-05
43440000	8.272522073311847e-05
43480000	8.287069363577757e-05
43520000	7.995414001270546e-05
43560000	7.75933324082871e-05
43600000	7.932270237943158e-05
43640000	8.064198283318547e-05
43680000	7.949798949921388e-05
43720000	8.032528082912904e-05
43760000	8.002681615398615e-05
43800000	7.892559515676112e-05
43840000	7.868662423352362e-05
43880000	7.934610986558254e-05
43920000	7.81021708760818e-05
43960000	8.037389573291876e-05
44000000	8.175919635323226e-05
44040000	8.095496937894495e-05
44080000	8.022603075005463e-05
44120000	7.945904615480685e-05
44160000	7.890275215977454e-05
44200000	7.786623581778258e-05
44240000	7.73200317111332e-05
44280000	7.72343869022734e-05
44320000	7.659013717711787e-05
44360000	7.893454071891028e-05
44400000	7.77426925378677e-05
44440000	7.793808132337289e-05
44480000	7.851510142645566e-05
44520000	7.758471228808048e-05
44560000	7.755758003841037e-05
44600000	7.69380872421607e-05
44640000	7.759972174317227e-05
44680000	7.684692309485399e-05
44720000	7.573809152090689e-05
44760000	7.725120933682775e-05
44800000	7.61858869700518e-05
44840000	7.742817610487692e-05
44880000	7.670927536964882e-05
44920000	7.876070419952157e-05
44960000	7.760360508254963e-05
45000000	7.737737117276993e-05
45040000	7.656688349452451e-05
45080000	7.602703117299825e-05
45120000	7.732389326629346e-05
45160000	7.641288952581817e-05
45200000	7.527300198635202e-05
45240000	7.748368881366332e-05
45280000	7.530786439601798e-05
45320000	7.497689351730514e-05
45360000	7.484731584918337e-05
45400000	7.445524819777347e-05
45440000	7.627708186628297e-05
45480000	7.549411202235205e-05
45520000	7.497160842831363e-05
45560000	7.575461871019798e-05
45600000	7.531799572170712e-05
45640000	7.583339622724453e-05
45680000	7.539735748068779e-05
45720000	7.413188066202566e-05
45760000	7.232451427917112e-05
45800000	7.299893043527845e-05
45840000	7.342717199062462e-05
45880000	7.161881666615955e-05
45920000	7.201560464418435e-05
45960000	7.3297968791303e-05
46000000	7.23212147175218e-05
46040000	7.221696425840491e-05
46080000	7.182832938124193e-05
46120000	7.197086752785254e-05
46160000	7.250176164889126e-05
46200000	7.317962806409923e-05
46240000	7.287313202396035e-05
46280000	7.236941630180809e-05
46320000	7.170270325514139e-05
46360000	7.002148599167412e-05
46400000	7.037893742744927e-05
46440000	7.126240063080331e-05
46480000	6.87688271573279e-05
46520000	7.07864384912682e-05
46560000	7.086060763504065e-05
46600000	7.076960413469351e-05
46640000	7.111651017476105e-05
46680000	6.95448347411002e-05
46720000	6.952861875979579e-05
46760000	6.966931444694637e-05
46800000	6.879577743820846e-05
46840000	6.845199228191631e-05
46880000	6.860233027182403e-05
46920000	6.820152607906493e-05
46960000	6.909738354806904e-05
47000000	6.837622284001555e-05
47040000	6.852150339109357e-05
47080000	6.801729453218286e-05
47120000	6.902054041638622e-05
47160000	6.903517196988105e-05
47200000	6.751046408244292e-05
47240000	6.74365139733709e-05
47280000	6.827270463763852e-05
47320000	6.868975505130947e-05
47360000	6.928262048386387e-05
47400000	6.812240997314802e-05
47440000	6.743342947374913e-05
47480000	6.849523437995231e-05
47520000	6.77253847141401e-05
47560000	6.678905516746454e-05
47600000	6.917273496437702e-05
47640000	6.759950482737622e-05
47680000	6.756708736793371e-05
47720000	6.727052017959067e-05
47760000	6.70816628022294e-05
47800000	6.892386138279107e-05
47840000	6.784598037411342e-05
47880000	6.61998851930548e-05
47920000	6.743085348789464e-05
47960000	6.716994441303541e-05
48000000	6.731871445444994e-05
48040000	6.740142886483227e-05
48080000	6.826680642625433e-05
48120000	6.786622536747017e-05
48160000	6.805184094337165e-05
48200000	6.694167143432423e-05
48240000	6.743742543258122e-05
48280000	6.7333716514986e-05
48320000	6.676988015533425e-05
48360000	6.592046848782047e-05
48400000	6.580243868738762e-05
48440000	6.54982736457896e-05
48480000	6.479451398663514e-05
48520000	6.42785131920391e-05
48560000	6.569903954296024e-05
48600000	6.590512503389619e-05
48640000	6.421999088961456e-05
48680000	6.525100014259805e-05
48720000	6.594856578522012e-05
48760000	6.533331607133732e-05
48800000	6.525253842410165e-05
48840000	6.395760737868841e-05
48880000	6.381284239760135e-05
48920000	6.381222900308785e-05
48960000	6.307754666886467e-05
49000000	6.318258423852967e-05
49040000	6.426328407469555e-05
49080000	6.33365008958208e-05
49120000	6.37428585017915e-05
49160000	6.221597646617738e-05
49200000	6.345523392119503e-05
49240000	6.256194384404807e-05
49280000	6.323969611403299e-05
49320000	6.091124274025787e-05
49360000	6.223821689272882e-05
49400000	6.290381758954026e-05
49440000	6.278600619043573e-05
49480000	6.355645280491444e-05
49520000	6.15810165356379e-05
49560000	6.207967761001782e-05
49600000	6.201604102934653e-05
49640000	6.181967030497617e-05
49680000	6.248746615237905e-05
49720000	6.105021859766566e-05
49760000	6.259325454084318e-05
49800000	6.0389576244415365e-05
49840000	6.21580020066176e-05
49880000	6.146226102537185e-05
49920000	6.253449867508607e-05
49960000	6.360742407196085e-05
50000000	6.259250470757251e-05
50040000	6.1986204997811e-05
50080000	6.226289377445937e-05
50120000	6.260869499310503e-05
50160000	6.258105363485811e-05
50200000	6.178045068736538e-05
50240000	6.191155339765828e-05
50280000	6.020392518985318e-05
50320000	6.138451893421006e-05
50360000	6.0858229463337924e-05
50400000	6.132809180999174e-05
50440000	5.969975355474162e-05
50480000	5.964713267676416e-05
50520000	5.933789799528313e-05
50560000	6.023760781972669e-05
50600000	6.053720616546343e-05
50640000	6.023002378351521e-05
50680000	5.993900264656986e-05
50720000	6.079402991090319e-05
50760000	5.9611529188259736e-05
50800000	6.0229264805821004e-05
50840000	6.108871930191527e-05
50880000	6.0353522341756616e-05
50920000	5.958545468383818e-05
50960000	6.028505781505373e-05
51000000	6.0360876725462734e-05
51040000	5.881071006806451e-05
51080000	5.944450630304345e-05
51120000	5.8569965592687365e-05
51160000	5.812059565141681e-05
51200000	5.7992489462776573e-05
51240000	5.878364038799191e-05
51280000	5.998464587937633e-05
51320000	5.785968810414488e-05
51360000	5.8722535064225665e-05
51400000	5.692983198096045e-05
51440000	5.7269354944583026e-05
51480000	5.730020270384557e-05
51520000	5.884052832625457e-05
51560000	5.7629528502729956e-05
51600000	5.738940314622596e-05
51640000	5.647693977771269e-05
51680000	5.7369029843175666e-05
51720000	5.8009035903887705e-05
51760000	5.8558913610249876e-05
51800000	5.752963902705233e-05
51840000	5.6684216037683654e-05
51880000	5.611658928100951e-05
51920000	5.619589144880593e-05
51960000	5.6859397727384934e-05
52000000	5.549198791777599e-05
52040000	5.5348166653493535e-05
52080000	5.61786722530087e-05
52120000	5.6293553689465626e-05
52160000	5.638130257211742e-05
52200000	5.616697770929022e-05
52240000	5.647124568349682e-05
52280000	5.566545142428367e-05
52320000	5.5707404269560354e-05
52360000	5.572032312520605e-05
52400000	5.502145479549654e-05
52440000	5.507892347595771e-05
52480000	5.4805870999916805e-05
52520000	5.3923942981418806e-05
52560000	5.479893588599225e-05
52600000	5.406553104730847e-05
52640000	5.454978432389908e-05
52680000	5.5315093171520854e-05
52720000	5.562343521087314e-05
52760000	5.4273159150397986e-05
52800000	5.5495197802156324e-05
52840000	5.427780988757149e-05
52880000	5.4020573056914145e-05
52920000	5.41796940669883e-05
52960000	5.3415879745443814e-05
53000000	5.414761919018929e-05
53040000	5.357382667716593e-05
53080000	5.4311456253708455e-05
53120000	5.5306386978918455e-05
53160000	5.503618911607191e-05
53200000	5.386221310182009e-05
53240000	5.3535788330918876e-05
53280000	5.406565582452458e-05
53320000	5.4538010663236494e-05
53360000	5.345766579375777e-05
53400000	5.3563464531907815e-05
53440000	5.2407246722577835e-05
53480000	5.31986073598091e-05
53520000	5.383665593690239e-05
53560000	5.20402781861776e-05
53600000	5.289932596788276e-05
53640000	5.32817564358993e-05
53680000	5.3023768348430165e-05
53720000	5.345196989255783e-05
53760000	5.322993579502508e-05
53800000	5.271815569103637e-05
53840000	5.373653654751252e-05
53880000	5.281442443447304e-05
53920000	5.274216787802288e-05
53960000	5.244359839998651e-05
54000000	5.224709544818325e-05
54040000	5.182004434136616e-05
54080000	5.234449787531048e-05
54120000	5.2276507726855925e-05
54160000	5.346908268184052e-05
54200000	5.301873261851142e-05
54240000	5.202916210473632e-05
54280000	5.116355782811297e-05
54320000	5.202723575202981e-05
54360000	5.338509513021563e-05
54400000	5.2633608537144025e-05
54440000	5.3279060020213364e-05
54480000	5.1813095798206634e-05
54520000	5.297950254462194e-05
54560000	5.124246454797685e-05
54600000	4.946198107973032e-05
54640000	5.0608767316589364e-05
54680000	5.023719486234768e-05
54720000	5.070921599290159e-05
54760000	5.023135211049521e-05
54800000	4.9686045273847413e-05
54840000	5.0134860084290265e-05
54880000	5.029592383689305e-05
54920000	4.988911945838481e-05
54960000	4.931368892175669e-05
55000000	4.9280022902530616e-05
55040000	4.9394980573561044e-05
55080000	4.852129819228139e-05
55120000	4.953922067907115e-05
55160000	4.878900194889866e-05
55200000	4.804263216283289e-05
55240000	4.772478301711089e-05
55280000	4.9506531441875265e-05
55320000	4.884693979547592e-05
55360000	4.941002787782054e-05
55400000	4.8447417794159266e-05
55440000	4.846740261491504e-05
55480000	4.8377894061559346e-05
55520000	4.8874790826084793e-05
55560000	4.83213251860434e-05
55600000	4.7955372366777736e-05
55640000	4.82484935575485e-05
55680000	4.777627769908577e-05
55720000	4.8446408782183427e-05
55760000	4.740341464312223e-05
55800000	4.6915963347419164e-05
55840000	4.76876067903504e-05
55880000	4.765646635023586e-05
55920000	4.7995273429478404e-05
55960000	4.724639336272958e-05
56000000	4.691254258577828e-05
56040000	4.6053663779821365e-05
56080000	4.706378976079577e-05
56120000	4.569646981180995e-05
56160000	4.678052468625538e-05
56200000	4.6599784134014046e-05
56240000	4.578014207254455e-05
56280000	4.675118889426813e-05
56320000	4.66075311487657e-05
56360000	4.69371124960162e-05
56400000	4.59246421327407e-05
56440000	4.577653232772718e-05
56480000	4.5851643932473965e-05
56520000	4.506094572825532e-05
56560000	4.588583839868079e-05
56600000	4.59222547517129e-05
56640000	4.483959341669106e-05
56680000	4.48105429943098e-05
56720000	4.560361965632182e-05
56760000	4.469890967629908e-05
56800000	4.496457753193681e-05
56840000	4.499952120859234e-05
56880000	4.5718275605031525e-05
56920000	4.5382077589238176e-05
56960000	4.498069390829187e-05
57000000	4.513407537342573e-05
57040000	4.6127849749245795e-05
57080000	4.59481861867971e-05
57120000	4.495868050689751e-05
57160000	4.429869575396879e-05
57200000	4.565772397254477e-05
57240000	4.540371244220296e-05
57280000	4.4361742293403947e-05
57320000	4.416961750066548e-05
57360000	4.499896077686572e-05
57400000	4.448877661889128e-05
57440000	4.4766416342463345e-05
57480000	4.385499728959985e-05
57520000	4.433634630622692e-05
57560000	4.391486685890414e-05
57600000	4.3277569929341553e-05
57640000	4.3283329007681456e-05
57680000	4.3822585765155966e-05
57720000	4.349682576066698e-05
57760000	4.376831031877373e-05
57800000	4.36708711542451e-05
57840000	4.326131293310027e-05
57880000	4.491813303320669e-05
57920000	4.432234711421188e-05
57960000	4.3826897939652555e-05
58000000	4.405641446755908e-05
58040000	4.3080347452996646e-05
58080000	4.3356224543458666e-05
58120000	4.294873239196022e-05
58160000	4.285396104714892e-05
58200000	4.2904624764196345e-05
58240000	4.20477751737053e-05
58280000	4.230063923896523e-05
58320000	4.203736246490735e-05
58360000	4.2418741005167246e-05
58400000	4.2407627369175316e-05
58440000	4.123145115518127e-05
58480000	4.153148911427707e-05
58520000	4.267398039919499e-05
58560000	4.1735928184061775e-05
58600000	4.2078503669472414e-05
58640000	4.138701646552363e-05
58680000	4.108888497248699e-05
58720000	4.1614015330196705e-05
58760000	4.135368102579378e-05
58800000	4.249028447520686e-05
58840000	4.1652173094189495e-05
58880000	4.149513218653737e-05
58920000	4.170539029328211e-05
58960000	4.168165543487703e-05
59000000	4.156987839305657e-05
59040000	4.136551883275388e-05
59080000	4.073153431345418e-05
59120000	4.1012733752359056e-05
59160000	4.106524750823155e-05
59200000	4.053599367398419e-05
59240000	4.060264222316618e-05
59280000	4.0189133185776885e-05
59320000	4.0620051131554646e-05
59360000	4.070869151801162e-05
59400000	4.0842344387419874e-05
59440000	4.0158713420896676e-05
59480000	4.018151100935938e-05
59520000	3.984170738913235e-05
59560000	3.9607340405200374e-05
59600000	4.0298126091147424e-05
59640000	3.9854668538464464e-05
59680000	3.974608871685632e-05
59720000	4.025716558207932e-05
59760000	3.993857864479651e-05
59800000	4.003316320122394e-05
59840000	3.9886609447785306e-05
59880000	3.9804660973823045e-05
59920000	3.985215677566885e-05
59960000	3.9514757060533154e-05
60000000	3.911451423336985e-05
60040000	3.9657236929997455e-05
60080000	3.97708314769261e-05
60120000	3.907964440368232e-05
60160000	3.961255703907227e-05
60200000	3.861551598893129e-05
60240000	3.8548308251120034e-05
60280000	3.828383323016169e-05
60320000	3.8247948152638855e-05
60360000	3.8949569472606525e-05
60400000	3.874404815760499e-05
60440000	3.900009800090629e-05
60480000	3.8584240411000794e-05
60520000	3.841540790781437e-05
60560000	3.885923398229352e-05
60600000	3.865928120358149e-05
60640000	3.8647093428153314e-05
60680000	3.856876637437381e-05
60720000	3.843551287973241e-05
60760000	3.790191456246248e-05
60800000	3.75153700941155e-05
60840000	3.764364404632943e-05
60880000	3.88353576658119e-05
60920000	3.773961200968188e-05
60960000	3.7499735029996376e-05
61000000	3.7463586551893966e-05
61040000	3.7874404386093374e-05
61080000	3.711126282905752e-05
61120000	3.776166318930336e-05
61160000	3.716651502363675e-05
61200000	3.715091906269663e-05
61240000	3.6764229555410565e-05
61280000	3.6766389531840106e-05
61320000	3.714292526710778e-05
61360000	3.7139108687551924e-05
61400000	3.6720324017005623e-05
61440000	3.6796481270721414e-05
61480000	3.6832560066250154e-05
61520000	3.738481993714231e-05
61560000	3.677826994935458e-05
61600000	3.6614468162224515e-05
61640000	3.7498803381822655e-05
61680000	3.7379469687948585e-05
61720000	3.7169387860558344e-05
61760000	3.695063567829493e-05
61800000	3.7026295721443604e-05
61840000	3.78800592978223e-05
61880000	3.6694320173774034e-05
61920000	3.648897962339106e-05
61960000	3.662726580405433e-05
62000000	0.0001811562715269247
62040000	0.00027084439601458144
62080000	0.00026651042340090496
62120000	0.00026886949402105527
62160000	0.00033875997170107437
62200000	0.0004492563466716092
62240000	0.00044782028515473937
62280000	0.0004491380568651948
62320000	0.00044963540973258205
62360000	0.00044082227925537154
62400000	0.00045381329961237496
62440000	0.0004488462044333573
62480000	0.0006213020870811306
62520000	0.0006654116610996426
62560000	0.0006393331078579649
62600000	0.0006250156965048518
62640000	0.0006335108728788328
62680000	0.000649075306468876
62720000	0.0006516621101298369
62760000	0.0006444581033720169
62800000	0.0006536669965484179
62840000	0.0006708021487225778
62880000	0.0006324611393676605
62920000	0.0006467084252624772
62960000	0.0006452424678194802
63000000	0.0006417879074811935
63040000	0.000637327988963807
63080000	0.0006330080965417437
63120000	0.0006330981404636986
63160000	0.0006205474774877075
63200000	0.0006219930061371997
63240000	0.0006195312321651727
63280000	0.0006271806931239552
63320000	0.0006143376824038569
63360000	0.0006277979232138023
63400000	0.0006217988547752611
63440000	0.00018634894282622554
63480000	3.386108824233815e-05
63520000	3.4343068267480705e-05
63560000	3.374011983141827e-05
63600000	3.359193838696228e-05
63640000	3.3979538109269926e-05
63680000	3.344126521369617e-05
63720000	3.4095936430821894e-05
63760000	3.330062335917319e-05
63800000	3.412865152713493e-05
63840000	3.345046341783018e-05
63880000	3.3465277698633144e-05
63920000	3.317405164925731e-05
63960000	3.338020712508296e-05
64000000	3.3952596259769053e-05
64040000	3.3274282852653416e-05
64080000	3.293969965852739e-05
64120000	3.308153288271569e-05
64160000	3.330884678653092e-05
64200000	3.277739360928536e-05
64240000	3.269484511220071e-05
64280000	3.322585608075315e-05
64320000	3.377560836415796e-05
64360000	3.33123111497116e-05
64400000	3.309928175040113e-05
64440000	3.303630890768545e-05
64480000	3.322849871401559e-05
64520000	3.3044397124103856e-05
64560000	3.31275245620418e-05
64600000	3.28770273081318e-05
64640000	3.26679209680151e-05
64680000	3.203537866356783e-05
64720000	3.20705612331949e-05
64760000	3.239550223079277e-05
64800000	3.22469794886274e-05
64840000	3.1796655500511406e-05
64880000	3.228186013475351e-05
64920000	3.1972187396604566e-05
64960000	3.199544693488861e-05
65000000	3.1534799895598556e-05
65040000	3.169969925766054e-05
65080000	3.184147186766495e-05
65120000	3.221361457981402e-05
65160000	3.133144716593961e-05
65200000	3.172538156359224e-05
65240000	3.1674801590270366e-05
65280000	3.167248730933352e-05
65320000	3.219169830445026e-05
65360000	3.169367017690092e-05
65400000	3.210185507923598e-05
65440000	3.1540327420225365e-05
65480000	3.182296311460959e-05
65520000	3.193838527004118e-05
65560000	3.153669962885033e-05
65600000	3.0715481366496535e-05
65640000	3.122862496857124e-05
65680000	3.067471046852006e-05
65720000	3.172765814706508e-05
65760000	3.095525318258296e-05
65800000	3.1087792264588646e-05
65840000	3.0701958066856606e-05
65880000	3.066931029934494e-05
65920000	3.149616829723527e-05
65960000	3.075001616853115e-05
66000000	3.052456979003182e-05
66040000	3.095299180986331e-05
66080000	3.0424496545856528e-05
66120000	3.0466847782372498e-05
66160000	3.0239320354303346e-05
66200000	3.1015372159163235e-05
66240000	3.0554143531844605e-05
66280000	3.0604640274395935e-05
66320000	3.055920831138792e-05
66360000	3.0131875292681796e-05
66400000	3.0321324507167448e-05
66440000	3.014534549693053e-05
66480000	3.0089364581363044e-05
66520000	2.986166481678083e-05
66560000	2.9550443681000617e-05
66600000	2.9388216120059952e-05
66640000	2.997704194713151e-05
66680000	3.009436162246857e-05
66720000	3.0416777360369453e-05
66760000	3.0044033556987415e-05
66800000	2.9327311608722084e-05
66840000	2.9761559002508875e-05
66880000	2.9600376212692937e-05
66920000	2.977737844121293e-05
66960000	2.9325594774854837e-05
67000000	2.947497308086895e-05
67040000	2.9356673064103232e-05
67080000	2.9216555826496916e-05
67120000	2.9044094067285186e-05
67160000	2.9442705072870013e-05
67200000	2.90572573292593e-05
67240000	2.8581836955163452e-05
67280000	2.875613943906501e-05
67320000	2.8912277078052285e-05
67360000	2.8989745043145376e-05
67400000	2.881537663015479e-05
67440000	2.877273030971992e-05
67480000	2.89490698467489e-05
67520000	2.9036973507754737e-05
67560000	2.8612560073815986e-05
67600000	2.8818920876074116e-05
67640000	2.834755879266595e-05
67680000	2.8133977585821413e-05
67720000	2.8251837521020205e-05
67760000	2.8343362393752613e-05
67800000	2.8758908102099666e-05
67840000	2.7867839686587104e-05
67880000	2.860602729160746e-05
67920000	2.794540962950123e-05
67960000	2.8040218053320133e-05
68000000	2.8141160986342584e-05
68040000	2.7579889041044225e-05
68080000	2.7642086678679334e-05
68120000	2.802169902352034e-05
68160000	2.818471412465442e-05
68200000	2.725272316201881e-05
68240000	2.767400350621756e-05
68280000	2.724852107130573e-05
68320000	2.7313870049329126e-05
68360000	2.7326440553588326e-05
68400000	2.742224163339415e-05
68440000	2.7255251351925834e-05
68480000	2.713818299307604e-05
68520000	2.6872901448223274e-05
68560000	2.7162015022258856e-05
68600000	2.7151773064360897e-05
68640000	2.720818512225378e-05
68680000	2.6951180394462426e-05
68720000	2.6756426433894377e-05
68760000	2.6626231808222657e-05
68800000	2.6626323121672613e-05
68840000	2.7186212137530673e-05
68880000	2.6779491275374313e-05
68920000	2.6578447647989378e-05
68960000	2.6688420524078537e-05
69000000	2.6814172412559857e-05
69040000	2.5977013338160758e-05
69080000	2.660350057285541e-05
69120000	2.563566006574547e-05
69160000	2.58807629779767e-05
69200000	2.6579107844736428e-05
69240000	2.6439263667452904e-05
69280000	2.6123720750729262e-05
69320000	2.6436356150043138e-05
69360000	2.594273415816133e-05
69400000	2.5804110525314174e-05
69440000	2.6004861947876633e-05
69480000	2.6090042764917596e-05
69520000	2.621755106265482e-05
69560000	2.585386026821652e-05
69600000	2.6022272329100814e-05
69640000	2.6373648531625805e-05
69680000	2.566744358591677e-05
69720000	2.5764774675189983e-05
69760000	2.605741066254268e-05
69800000	2.5483646159955244e-05
69840000	2.5589484786178217e-05
69880000	2.5309128237495314e-05
69920000	2.534459900998627e-05
69960000	2.5388263364038722e-05
70000000	2.5478952589219262e-05
70040000	2.5095838064407872e-05
70080000	2.5153546579895193e-05
70120000	2.4977219028914988e-05
70160000	2.5281422071930138e-05
70200000	2.4998298837635956e-05
70240000	2.5401911085282335e-05
70280000	2.509399949849467e-05
70320000	2.530181028851075e-05
70360000	2.4899401375296294e-05
70400000	2.5371491099758714e-05
70440000	2.5331212616038103e-05
70480000	2.50952345368205e-05
70520000	2.5102076274379216e-05
70560000	2.49389877773865e-05
70600000	2.4704945043777117e-05
70640000	2.4835089625230467e-05
70680000	2.4509118639070948e-05
70720000	2.4245876478198626e-05
70760000	2.4267649531975622e-05
70800000	2.4302140895815684e-05
70840000	2.4272221077262658e-05
70880000	2.463227572825417e-05
70920000	2.462078225962614e-05
70960000	2.4649601281089416e-05
71000000	2.4258740565710468e-05
71040000	2.4259370320396556e-05
71080000	2.427655002629763e-05
71120000	2.4178958369157045e-05
71160000	2.4139414897945245e-05
71200000	2.368238752860634e-05
71240000	2.386201056688151e-05
71280000	2.3970705669125892e-05
71320000	2.3626137644532718e-05
71360000	2.3899121226168063e-05
71400000	2.3411376709555043e-05
71440000	2.349307527401834e-05
71480000	2.3365610503969946e-05
71520000	2.3553622940016793e-05
71560000	2.346465216469369e-05
71600000	2.3485977135351276e-05
71640000	2.3432048079848756e-05
71680000	2.3444677989027697e-05
71720000	2.30077387066558e-05
71760000	2.3470434559749266e-05
71800000	2.3739419582489064e-05
71840000	2.3775925373047356e-05
71880000	2.3097133436749574e-05
71920000	2.3562141137153958e-05
71960000	2.341356018969236e-05
72000000	2.3291227708432416e-05
72040000	2.2977310482019676e-05
72080000	2.3156906714757495e-05
72120000	2.301365793809964e-05
72160000	2.288017823102564e-05
72200000	2.2839129284875526e-05
72240000	2.2799388095518226e-05
72280000	2.303802167025424e-05
72320000	2.300252863915375e-05
72360000	2.2699803821706155e-05
72400000	2.265506928051764e-05
72440000	2.2751741550018777e-05
72480000	2.3279079139683744e-05
72520000	2.2731773297346082e-05
72560000	2.285165065295587e-05
72600000	2.2893088961791363e-05
72640000	2.349332972371485e-05
72680000	2.3192035034844594e-05
72720000	2.3140174499349085e-05
72760000	2.2787022437660197e-05
72800000	2.2914943427713296e-05
72840000	2.2720532847779395e-05
72880000	2.2254831521058803e-05
72920000	2.252804473100696e-05
72960000	2.251782113162335e-05
73000000	2.2818292325428045e-05
73040000	2.246423815995513e-05
73080000	2.2393074644787703e-05
73120000	2.225531713811506e-05
73160000	2.2574885467838613e-05
73200000	2.2676603897707538e-05
73240000	2.2657188792982197e-05
73280000	2.25783115158265e-05
73320000	2.2341593534838467e-05
73360000	2.2307724490929104e-05
73400000	2.214871863325243e-05
73440000	2.2377283361856826e-05
73480000	2.2112872977777443e-05
73520000	2.2550259894705958e-05
73560000	2.207657333237876e-05
73600000	2.2602619653116563e-05
73640000	2.2470133213755616e-05
73680000	2.2041329379317178e-05
73720000	2.240728705746733e-05
73760000	2.2063048879863345e-05
73800000	2.1656784214064828e-05
73840000	2.197993325316929e-05
73880000	2.2210542112406983e-05
73920000	2.214280186653923e-05
73960000	2.1777438175922726e-05
74000000	2.161629322636145e-05
74040000	2.1674027522385585e-05
74080000	2.1671536054964235e-05
74120000	2.1589482348281308e-05
74160000	2.1230005315374e-05
74200000	2.1650161366051178e-05
74240000	2.1605441762221744e-05
74280000	2.1671263826101495e-05
74320000	2.2074091492140723e-05
74360000	2.2046724701976928e-05
74400000	2.150693820694869e-05
74440000	2.1237807986472034e-05
74480000	2.1796545282631998e-05
74520000	2.166269101053331e-05
74560000	2.163243375325692e-05
74600000	2.1457444736188335e-05
74640000	2.1373655536444856e-05
74680000	2.107324903627159e-05
74720000	2.1276514912824497e-05
74760000	2.1400361161613547e-05
74800000	2.1730268383544172e-05
74840000	2.1280741737245988e-05
74880000	2.0890664617036236e-05
74920000	2.1395273060443286e-05
74960000	2.150065904497751e-05
75000000	2.1477137524016143e-05
75040000	2.1411299519422755e-05
75080000	2.0876024163771944e-05
75120000	2.1086072296020574e-05
75160000	2.0668102544550494e-05
75200000	2.0911841489396464e-05
75240000	2.0968158408504677e-05
75280000	2.0887965341717063e-05
75320000	2.0775955444696593e-05
75360000	2.0856564296263967e-05
75400000	2.072499440455431e-05
75440000	2.060157648011227e-05
75480000	2.0716149527106608e-05
75520000	2.088036996028677e-05
75560000	2.0606419188698055e-05
75600000	2.0470034298705286e-05
75640000	2.0331866096057637e-05
75680000	2.0465301141121017e-05
75720000	2.037054575721413e-05
75760000	2.0328980390331708e-05
75800000	2.007885745733802e-05
75840000	2.04200944486729e-05
75880000	2.033699793446431e-05
75920000	2.033863907054183e-05
75960000	2.0219158026338845e-05
76000000	1.976611334557674e-05
76040000	1.9936400150254484e-05
76080000	1.9927754635318705e-05
76120000	2.014384532812983e-05
76160000	1.9825333055632655e-05
76200000	1.9744258476930553e-05
76240000	1.9442361570509093e-05
76280000	1.96295363633908e-05
76320000	1.922787808034627e-05
76360000	1.9530282326195447e-05
76400000	1.9483036592646386e-05
76440000	1.944456065011764e-05
76480000	1.926469795653247e-05
76520000	1.965287944476586e-05
76560000	1.945410789503512e-05
76600000	1.9022490382758406e-05
76640000	1.930706165931042e-05
76680000	1.934651040846802e-05
76720000	1.9213658728949667e-05
76760000	1.958089963554812e-05
76800000	1.915517006200389e-05
76840000	1.944981047854526e-05
76880000	1.904663671139133e-05
76920000	1.924883062929439e-05
76960000	1.910451940384519e-05
77000000	1.9235577360996104e-05
77040000	1.9219731467455857e-05
77080000	1.8937040204582446e-05
77120000	1.9295878703451307e-05
77160000	1.9093205845456394e-05
77200000	1.8558788256996196e-05
77240000	1.8542842538954575e-05
77280000	1.9018854552086852e-05
77320000	1.8735164416102633e-05
77360000	1.8976030126759725e-05
77400000	1.8709050108918747e-05
77440000	1.8559126068976184e-05
77480000	1.850702506617381e-05
77520000	1.8301187937868237e-05
77560000	1.8626343168944004e-05
77600000	1.813687928934087e-05
77640000	1.8590272709843704e-05
77680000	1.8596467417592068e-05
77720000	1.8649556037962612e-05
77760000	1.8651575835792757e-05
77800000	1.855782182428811e-05
77840000	1.8277748421678552e-05
77880000	1.8196716299098625e-05
77920000	1.813694960274006e-05
77960000	1.8153188091855554e-05
78000000	1.8266366019452107e-05
78040000	1.8151439559005665e-05
78080000	1.7941677770249954e-05
78120000	1.828600608787383e-05
78160000	1.7941989712926444e-05
78200000	1.7799467246732093e-05
78240000	1.7889335930340166e-05
78280000	1.7943386509614357e-05
78320000	1.7717325040393916e-05
78360000	1.77419214431211e-05
78400000	1.7692579418599054e-05
78440000	1.7835243461195205e-05
78480000	1.7856086549727478e-05
78520000	1.7913145234342666e-05
78560000	1.7836754716699943e-05
78600000	1.7763680230200407e-05
78640000	1.7399457380452076e-05
78680000	1.7434616803075188e-05
78720000	1.7586544584992225e-05
78760000	1.759172460861009e-05
78800000	1.7657191957368922e-05
78840000	1.7473891969893885e-05
78880000	1.7293161886846063e-05
78920000	1.7376601799151105e-05
78960000	1.746568011403724e-05
79000000	1.7497331806043804e-05
79040000	1.7433208587863193e-05
79080000	1.742681230225571e-05
79120000	1.7423310725462215e-05
79160000	1.7351524403602526e-05
79200000	1.739065634938015e-05
79240000	1.7283811173365393e-05
79280000	1.7479570297109602e-05
79320000	1.7437287721259055e-05
79360000	1.7409080254765285e-05
79400000	1.7143385830058832e-05
79440000	1.7246494233859266e-05
79480000	1.7096274305004045e-05
79520000	1.7130095061111205e-05
79560000	1.740917145871208e-05
79600000	1.7177691378856253e-05
79640000	1.7418662799536834e-05
79680000	1.6911868417082586e-05
79720000	1.7101082285626034e-05
79760000	1.7117209787102182e-05
79800000	1.7333580031845486e-05
79840000	1.7142620417689614e-05
79880000	1.6889085256298132e-05
79920000	1.7223967891368376e-05
79960000	1.6786975544528105e-05
80000000	1.698882006567146e-05
80040000	1.6975310220186656e-05
80080000	1.7118350606506282e-05
80120000	1.679537685649848e-05
80160000	1.7235771932973875e-05
80200000	1.6759994368840127e-05
80240000	1.73134725093405e-05
80280000	1.7206777542378405e-05
80320000	1.7016174735545065e-05
80360000	1.6959045411567784e-05
80400000	1.6874995403850334e-05
80440000	1.677427102240472e-05
80480000	1.7124461505045474e-05
80520000	1.6460827729497396e-05
80560000	1.705975907989341e-05
80600000	1.6527002405928216e-05
80640000	1.6803305354551413e-05
80680000	1.659987010389159e-05
80720000	1.662368454508396e-05
80760000	1.6581104091346788e-05
80800000	1.6521206608376813e-05
80840000	1.6358986667182762e-05
80880000	1.622810126918921e-05
80920000	1.634478668693191e-05
80960000	1.6360651140894332e-05
81000000	1.6195684651393095e-05
81040000	1.6627899559898652e-05
81080000	1.6444844469242527e-05
81120000	1.6701266081872747e-05
81160000	1.6334809493491776e-05
81200000	1.6245992930089415e-05
81240000	1.637399391765939e-05
81280000	1.612255879499571e-05
81320000	1.601150994320051e-05
81360000	1.604258945408219e-05
81400000	1.5952809103873733e-05
81440000	1.6040864416936528e-05
81480000	1.599890366214822e-05
81520000	1.5971421384710992e-05
81560000	1.5799109074396256e-05
81600000	1.592053671665781e-05
81640000	1.5865717434644467e-05
81680000	1.5798636792897015e-05
81720000	1.588056046366546e-05
81760000	1.56825538018893e-05
81800000	1.5621344517239778e-05
81840000	1.562119782774971e-05
81880000	1.572583474098792e-05
81920000	1.5815383465087507e-05
81960000	1.5811095383651262e-05
82000000	1.5538137162548083e-05
82040000	1.5626766715649865e-05
82080000	1.5690396484387748e-05
82120000	1.5715115620696453e-05
82160000	1.538432889738033e-05
82200000	1.5434789308346806e-05
82240000	1.5183738996711327e-05
82280000	1.5108971042263874e-05
82320000	1.526855902193347e-05
82360000	1.5442298738344106e-05
82400000	1.5298432492090797e-05
82440000	1.5227967478767823e-05
82480000	1.5164570873275807e-05
82520000	1.5330980320140952e-05
82560000	1.5279145092699764e-05
82600000	1.5151931764921756e-05
82640000	1.532953865662421e-05
82680000	1.5152635691447357e-05
82720000	1.516913969990128e-05
82760000	1.5319136258403886e-05
82800000	1.5015679264524807e-05
82840000	1.500676897885569e-05
82880000	1.5085041393831488e-05
82920000	1.4903747607422701e-05
82960000	1.4945623519997752e-05
83000000	1.4878139207030472e-05
83040000	1.5064093979708559e-05
83080000	1.4873664755214123e-05
83120000	1.4853628771925287e-05
83160000	1.4656901250054944e-05
83200000	1.4483646592179867e-05
83240000	1.4517099741442507e-05
83280000	1.4560666968100122e-05
83320000	1.4194467671040911e-05
83360000	1.4497692278018804e-05
83400000	1.4518260018303408e-05
83440000	1.4228075228129456e-05
83480000	1.4468688727174595e-05
83520000	1.435126984542876e-05
83560000	1.4279739294397587e-05
83600000	1.432414051178057e-05
83640000	1.4326957061348366e-05
83680000	1.4051257342180178e-05
83720000	1.438021879621374e-05
83760000	1.4266756288634496e-05
83800000	1.4450498892983888e-05
83840000	1.4384241720654245e-05
83880000	1.4170797293718351e-05
83920000	1.4286971219826227e-05
83960000	1.4235268706033822e-05
84000000	1.4012583847579663e-05
84040000	1.4320673552447261e-05
84080000	1.3947023007949611e-05
84120000	1.418399018157288e-05
84160000	1.4041188967257767e-05
84200000	1.4162212353312498e-05
84240000	1.3822281886677956e-05
84280000	1.4084932878813561e-05
84320000	1.4278801568434574e-05
84360000	1.4100127547135343e-05
84400000	1.4224709228619758e-05
84440000	1.4004214718625008e-05
84480000	1.3968817906243202e-05
84520000	1.3720084893429884e-05
84560000	1.3896037066660937e-05
84600000	1.3827871503508504e-05
84640000	1.3942314866017114e-05
84680000	1.3747546255308408e-05
84720000	1.3640405806199851e-05
84760000	1.3710036923657753e-05
84800000	1.360308127996177e-05
84840000	1.3871698853836278e-05
84880000	1.3673724461477832e-05
84920000	1.3656746014385135e-05
84960000	1.3819587578291248e-05
85000000	1.3780689794020874e-05
85040000	1.3619241303786112e-05
85080000	1.3694868074435362e-05
85120000	1.3743608379809303e-05
85160000	1.3659027639005216e-05
85200000	1.3393257239386002e-05
85240000	1.344515108376072e-05
85280000	1.33780596734141e-05
85320000	1.3328620574066008e-05
85360000	1.3297965241054043e-05
85400000	1.3306097653094184e-05
85440000	1.3263680321961147e-05
85480000	1.3259099190690903e-05
85520000	1.35225106132566e-05
85560000	1.3251507803761342e-05
85600000	1.3208569669768622e-05
85640000	1.3204895243416104e-05
85680000	1.316207440022481e-05
85720000	1.3063147602770186e-05
85760000	1.3167433715170774e-05
85800000	1.3138000263825234e-05
85840000	1.3035424135523499e-05
85880000	1.3032303319687343e-05
85920000	1.3174416849687986e-05
85960000	1.2942169829329941e-05
86000000	1.3093044590095815e-05
86040000	1.3118638877040212e-05
86080000	1.298279472066497e-05
86120000	1.2918917438400968e-05
86160000	1.2671446031072265e-05
86200000	1.2818070529101532e-05
86240000	1.2909626804139408e-05
86280000	1.2674676198548695e-05
86320000	1.2638375151982472e-05
86360000	1.287570609101749e-05
86400000	1.272750576317776e-05
86440000	1.267359564499202e-05
86480000	1.269995682487206e-05
86520000	1.2829782656353928e-05
86560000	1.2931867969564337e-05
86600000	1.2866239113100165e-05
86640000	1.2818224906277465e-05
86680000	1.2726399459916139e-05
86720000	1.2730176439345087e-05
86760000	1.2611031584674492e-05
86800000	1.2567905700052506e-05
86840000	1.2605716227699304e-05
86880000	1.2482111642566452e-05
86920000	1.2613747668183351e-05
86960000	1.2559615268310153e-05
87000000	1.2423647584182618e-05
87040000	1.2477458115426998e-05
87080000	1.25169774168171e-05
87120000	1.2497884811364202e-05
87160000	1.246225744871481e-05
87200000	1.2484321950978483e-05
87240000	1.2316924456172273e-05
87280000	1.2437030628734647e-05
87320000	1.2477026133001346e-05
87360000	1.2278725324449624e-05
87400000	1.2308001319797768e-05
87440000	1.224071812703187e-05
87480000	1.2208470959012629e-05
87520000	1.2197021314568702e-05
87560000	1.2097669123613742e-05
87600000	1.2158246240414883e-05
87640000	1.2114444148392067e-05
87680000	1.2188078800681979e-05
87720000	1.2068499890665407e-05
87760000	1.2112562048605469e-05
87800000	1.2195342066934244e-05
87840000	1.201065009299782e-05
87880000	1.1960844097848166e-05
87920000	1.2029965949477628e-05
87960000	1.1939514474033786e-05
88000000	1.1949876722519548e-05
88040000	1.1996078125594068e-05
88080000	1.2126163855282357e-05
88120000	1.186073301714714e-05
88160000	1.202765517100488e-05
88200000	1.1814746150321299e-05
88240000	1.1985947946686792e-05
88280000	1.1923965317873808e-05
88320000	1.1814480669909244e-05
88360000	1.1896222503673925e-05
88400000	1.193283589927887e-05
88440000	1.1771998988479026e-05
88480000	1.1629252170860128e-05
88520000	1.1774596824670879e-05
88560000	1.1679004703546525e-05
88600000	1.1793914075951761e-05
88640000	1.202659177579335e-05
88680000	1.1726841392101051e-05
88720000	1.1829958631096816e-05
88760000	1.1758872347581929e-05
88800000	1.1851031746209628e-05
88840000	1.1571882516363984e-05
88880000	1.1694354479823233e-05
88920000	1.1617548656704457e-05
88960000	1.1476248017970648e-05
89000000	1.1572026409339742e-05
89040000	1.1529757039352261e-05
89080000	1.1409619401547389e-05
89120000	1.1445780586018372e-05
89160000	1.1431685087336519e-05
89200000	1.1366976535464347e-05
89240000	1.135732561506302e-05
89280000	1.1325650897015293e-05
89320000	1.1282533200937905e-05
89360000	1.1264859450056974e-05
89400000	1.1154632901434525e-05
89440000	1.1206651552220136e-05
89480000	1.1171375097092096e-05
89520000	1.1282449371992697e-05
89560000	1.1250885817662493e-05
89600000	1.1196404273232474e-05
89640000	1.1150778923638427e-05
89680000	1.1186964236458153e-05
89720000	1.114072971877249e-05
89760000	1.10744254596284e-05
89800000	1.1152576017138927e-05
89840000	1.1050627721397178e-05
89880000	1.095676892246047e-05
89920000	1.1060758459188947e-05
89960000	1.1065880858132005e-05
90000000	1.0891211192483751e-05
90040000	1.089685049300897e-05
90080000	1.0858359370104154e-05
90120000	1.1009067203394807e-05
90160000	1.0920540761162556e-05
90200000	1.0801959386753879e-05
90240000	1.0896520470851102e-05
90280000	1.0826664942487696e-05
90320000	1.0773036022055749e-05
90360000	1.0983775360728032e-05
90400000	1.0716036388839711e-05
90440000	1.0734033181415726e-05
90480000	1.0764263558849052e-05
90520000	1.0801931635887741e-05
90560000	1.0639825819453108e-05
90600000	1.0772711954632542e-05
90640000	1.0810184138426849e-05
90680000	1.0679973964124656e-05
90720000	1.0733729705407313e-05
90760000	1.0643131739925593e-05
90800000	1.0767436632431781e-05
90840000	1.0751467576665164e-05
90880000	1.0741977293400851e-05
90920000	1.0639422728672799e-05
90960000	1.0647471235643024e-05
91000000	1.0494153333002031e-05
91040000	1.0611297298237332e-05
91080000	1.0700531347265495e-05
91120000	1.054525314248167e-05
91160000	0.00024289919555621963
91200000	0.0001642033941353475
91240000	1.032581026584012e-05
91280000	1.0545181270390459e-05
91320000	1.0455413160161698e-05
91360000	1.0283863511085656e-05
91400000	1.02546784374681e-05
91440000	1.036395511127921e-05
91480000	1.0425799187942176e-05
91520000	1.0159823381491151e-05
91560000	1.0234759456852772e-05
91600000	1.0251899489594506e-05
91640000	1.0214327844732908e-05
91680000	1.0101564515844074e-05
91720000	1.0262986143607123e-05
91760000	1.0264686781647469e-05
91800000	1.0354342374284898e-05
91840000	1.0335896645756292e-05
91880000	1.0288013930585293e-05
91920000	1.0250622492003458e-05
91960000	1.0156551336876873e-05
92000000	1.0151159837005253e-05
92040000	1.0172899623694321e-05
92080000	1.0130510044564289e-05
92120000	1.0183927098933055e-05
92160000	1.0190515239992236e-05
92200000	1.0180380089332174e-05
92240000	1.020009524509078e-05
92280000	1.021387676073573e-05
92320000	1.0179404185964813e-05
92360000	1.0193640812758531e-05
92400000	1.0266315857916197e-05
92440000	1.0048583869047434e-05
92480000	1.0006672470353806e-05
92520000	1.0252618004051328e-05
92560000	1.0190563158266742e-05
92600000	9.967680749741703e-06
92640000	1.0097953503191093e-05
92680000	9.983647195349476e-06
92720000	1.00027249991399e-05
92760000	1.010966633730277e-05
92800000	1.012775477811374e-05
92840000	1.0038194805019885e-05
92880000	9.881989784298639e-06
92920000	9.793635850292048e-06
92960000	9.866731652073213e-06
93000000	1.00130798085047e-05
93040000	9.938858397890726e-06
93080000	9.9445603103959e-06
93120000	9.897378436835424e-06
93160000	9.82668622464189e-06
93200000	9.998689388612548e-06
93240000	9.822742005781037e-06
93280000	1.0034988169536518e-05
93320000	9.91524017026677e-06
93360000	9.79966080203667e-06
93400000	9.911201196155162e-06
93440000	9.867881485661201e-06
93480000	9.882912248031062e-06
93520000	9.754042753320392e-06
93560000	9.785102442401694e-06
93600000	9.666643032869616e-06
93640000	9.702658646347118e-06
93680000	9.720460210610326e-06
93720000	9.736886682821932e-06
93760000	9.632685929318541e-06
93800000	9.760165338502702e-06
93840000	9.617204663845768e-06
93880000	9.698976908839541e-06
93920000	9.695402687066234e-06
93960000	9.656287760117266e-06
94000000	9.634284579988162e-06
94040000	9.673271377414495e-06
94080000	9.556870293454268e-06
94120000	9.575372747622169e-06
94160000	9.636984458029474e-06
94200000	9.239752608618802e-06
94240000	9.369178440192628e-06
94280000	9.491810458439432e-06
94320000	9.454059551353567e-06
94360000	9.403519348052214e-06
94400000	9.507928517541587e-06
94440000	9.34297858766513e-06
94480000	9.441054296439688e-06
94520000	9.532723858592362e-06
94560000	9.468414956245397e-06
94600000	9.379604221612681e-06
94640000	9.475477016349032e-06
94680000	9.300355862251309e-06
94720000	9.362766485901375e-06
94760000	9.350565486511187e-06
94800000	9.211247782150167e-06
94840000	9.162866105634748e-06
94880000	9.236666934930326e-06
94920000	9.175098577998142e-06
94960000	9.266571570424275e-06
95000000	9.285106247170916e-06
95040000	9.302187860384948e-06
95080000	9.2589562651483e-06
95120000	9.108871985881706e-06
95160000	9.163516800526849e-06
95200000	9.059890642674872e-06
95240000	9.170082221407937e-06
95280000	9.194360583114757e-06
95320000	9.118139602742303e-06
95360000	9.101644823567768e-06
95400000	9.097007381114963e-06
95440000	9.097930280495347e-06
95480000	9.000161882158864e-06
95520000	9.006151946505269e-06
95560000	8.919827602039732e-06
95600000	9.140546693470242e-06
95640000	8.966967645483237e-06
95680000	9.018403948175547e-06
95720000	9.035914160722314e-06
95760000	8.936044608435622e-06
95800000	8.85469607046616e-06
95840000	8.908087664713093e-06
95880000	8.852290026879927e-06
95920000	8.775458452510065e-06
95960000	8.8148509342318e-06
96000000	8.819094305908948e-06
96040000	8.78614154225943e-06
96080000	8.755407641911005e-06
96120000	8.76694273965768e-06
96160000	8.785632050512503e-06
96200000	8.704823366861092e-06
96240000	8.793597612111626e-06
96280000	8.66817119785992e-06
96320000	8.631950056224014e-06
96360000	8.669141670816316e-06
96400000	8.765204341034406e-06
96440000	8.738455767070264e-06
96480000	8.657044567189586e-06
96520000	8.610094439154636e-06
96560000	8.817558958890004e-06
96600000	8.589736334943155e-06
96640000	8.641372008241888e-06
96680000	8.508038095715165e-06
96720000	8.539338744321868e-06
96760000	8.561130300586228e-06
96800000	8.537122702819034e-06
96840000	8.63103057608896e-06
96880000	8.50234935305707e-06
96920000	8.565981035098957e-06
96960000	8.548027233064204e-06
97000000	8.624813302594702e-06
97040000	8.528828234557294e-06
97080000	8.459421595307503e-06
97120000	8.335468667883106e-06
97160000	8.457387768794432e-06
97200000	8.380309732001478e-06
97240000	8.424620196819888e-06
97280000	8.285250340122729e-06
97320000	8.27204619454278e-06
97360000	8.29588595606765e-06
97400000	8.324325799458165e-06
97440000	8.328245452776172e-06
97480000	8.341572979134071e-06
97520000	8.385625219580107e-06
97560000	8.376638507888856e-06
97600000	8.239922880056838e-06
97640000	8.37577995389438e-06
97680000	8.236844802740962e-06
97720000	8.252828662352841e-06
97760000	8.188902484926075e-06
97800000	8.221811830571824e-06
97840000	8.248076545987715e-06
97880000	8.20373977348936e-06
97920000	8.286190601211273e-06
97960000	8.286293125456723e-06
98000000	8.198102560982078e-06
98040000	8.247749143174587e-06
98080000	8.243625216709915e-06
98120000	8.165606222701172e-06
98160000	8.157638318289173e-06
98200000	8.203977010271047e-06
98240000	8.082489019034256e-06
98280000	8.139125592060736e-06
98320000	8.145561059154716e-06
98360000	8.123560804233421e-06
98400000	7.998467683228228e-06
98440000	7.981486840162688e-06
98480000	8.11666648633036e-06
98520000	8.153025183310091e-06
98560000	8.132138995051718e-06
98600000	8.107578612816724e-06
98640000	8.042159325395915e-06
98680000	8.061682282095717e-06
98720000	8.005711558416806e-06
98760000	7.972947109192318e-06
98800000	7.93809279348352e-06
98840000	7.879562698144582e-06
98880000	7.909146554538892e-06
98920000	7.865172078709292e-06
98960000	7.87717331713793e-06
99000000	7.9783452245465e-06
99040000	7.859134174759674e-06
99080000	7.860486126992328e-06
99120000	7.979247741786822e-06
99160000	7.845037346760364e-06
99200000	7.896415568939119e-06
99240000	7.874506620009925e-06
99280000	7.965514944680762e-06
99320000	7.846491134159806e-06
99360000	7.720720430188522e-06
99400000	7.754504792683293e-06
99440000	7.744444818126795e-06
99480000	7.683195464687743e-06
99520000	7.74362125175685e-06
99560000	7.684851021986105e-06
99600000	7.762863364587247e-06
99640000	7.701414774874138e-06
99680000	7.535706622365979e-06
99720000	7.559915091678704e-06
99760000	7.639855418074148e-06
99800000	7.525735723629623e-06
99840000	7.53919232320186e-06
99880000	7.612957455694414e-06
99920000	7.602584750839014e-06
99960000	7.6001790574082405e-06
100000000	7.572970823275682e-06
100040000	7.575714299491665e-06
100080000	7.4510616208499415e-06
100120000	7.457282419682087e-06
100160000	7.436311272249441e-06
100200000	7.473761963501602e-06
100240000	7.500151786462084e-06
100280000	7.438544226170052e-06
100320000	7.454528827292961e-06
100360000	7.424639038526948e-06
100400000	7.323016460031795e-06
100440000	7.301319334419531e-06
100480000	7.410331250503077e-06
100520000	7.30631514770721e-06
100560000	7.281922325955747e-06
100600000	7.396535365614909e-06
100640000	7.3006998635719356e-06
100680000	7.258211625230615e-06
100720000	7.355420786643663e-06
100760000	7.288573947153054e-06
100800000	7.388262627591758e-06
100840000	7.302710825479153e-06
100880000	7.292885449624009e-06
100920000	7.326186510090338e-06
100960000	7.276729421391792e-06
101000000	7.188468241065494e-06
101040000	7.1522577618907234e-06
101080000	7.2916896663628e-06
101120000	7.087368999555111e-06
101160000	7.116813744596584e-06
101200000	7.118865045231359e-06
101240000	7.098419020530855e-06
101280000	7.097279068420903e-06
101320000	7.081872419621504e-06
101360000	7.051036108259723e-06
101400000	7.0597601066765494e-06
101440000	6.98930567473326e-06
101480000	6.979780692745408e-06
101520000	7.025940370658646e-06
101560000	7.052833269335679e-06
101600000	6.999757892845082e-06
101640000	7.0061190046544656e-06
101680000	6.992807356164121e-06
101720000	6.838507198699517e-06
101760000	2.5641481625552842e-05
101800000	0.00024901143984461667
101840000	0.00024954935011191993
101880000	0.00018597208112332736
101920000	0.0001862978432662203
101960000	0.00018566477754502556
102000000	0.00018734484157321277
102040000	0.0001902975548480754
102080000	0.00018813970199262257
102120000	0.00018565559636772377
102160000	0.00018450135423336177
102200000	0.0001801785539239063
102240000	0.00018154119134414942
102280000	0.00018347198054689216
102320000	0.00012401955201385136
102360000	6.609099026400145e-06
102400000	6.779113918537405e-06
102440000	6.820599746697553e-06
102480000	6.761639022624877e-06
102520000	6.667605627626472e-06
102560000	6.700251150823533e-06
102600000	6.661165654531942e-06
102640000	6.610019048639515e-06
102680000	6.665809121113852e-06
102720000	6.706628129450109e-06
102760000	6.6988942017360386e-06
102800000	6.7413329853479805e-06
102840000	6.57537157767365e-06
102880000	6.598573308156119e-06
102920000	6.697311101197556e-06
102960000	6.6491494064848665e-06
103000000	6.624860266583709e-06
103040000	6.6036019308285174e-06
103080000	6.546194899874536e-06
103120000	6.518247725853143e-06
103160000	6.558936702549545e-06
103200000	6.476338898937684e-06
103240000	6.521571187658992e-06
103280000	6.475705729781111e-06
103320000	6.466506265132921e-06
103360000	6.394704126341822e-06
103400000	6.419758798347175e-06
103440000	6.398693169330727e-06
103480000	6.579266124253991e-06
