240000	0.06380873706751736
280000	0.06965683950120583
320000	0.055292227613180873
360000	0.04942420275546611
400000	0.05223332728780806
440000	0.0507235438041389
480000	0.049772260050475595
520000	0.049122550154477355
560000	0.04833406894877553
600000	0.04676123582236469
640000	0.04832939852848649
680000	0.046873424834385516
720000	0.04714137912876904
760000	0.046936995086818936
800000	0.04835064007118344
840000	0.04917345567569137
880000	0.051451213543862104
920000	0.05326061924770475
960000	0.052322722349315884
1000000	0.05000795580521226
1040000	0.050881442845612766
1080000	0.050600669857114554
1120000	0.050207063439488414
1160000	0.05081963839232922
1200000	0.052613049547374245
1240000	0.05490005186572671
1280000	0.05568214065432549
1320000	0.059929666958749295
1360000	0.05345186462663114
1400000	0.051547028759866956
1440000	0.05409661027975381
1480000	0.055314298306405545
1520000	0.055622339223325254
1560000	0.05717044059634209
1600000	0.05415584615394473
1640000	0.05452434602677822
1680000	0.054525195140764114
1720000	0.054906162203103306
1760000	0.055876372094452384
1800000	0.06099423752725124
1840000	0.0642073762692511
1880000	0.06631592930182814
1920000	0.059853340762853625
1960000	0.05724589562565088
2000000	0.051941705073416236
2040000	0.0534257265239954
2080000	0.05373702109828591
2120000	0.05800380417481065
2160000	0.06104387250170112
2200000	0.05875983254462481
2240000	0.06136138541027904
2280000	0.06148464548587799
2320000	0.06230805981829762
2360000	0.0639693331219256
2400000	0.0674336566016078
2440000	0.07226003913059831
2480000	0.07791074013411999
2520000	0.08024403490424156
2560000	0.07998016692325473
2600000	0.08034062535464763
2640000	0.08599955841898918
2680000	0.08666593683362007
2720000	0.09085465542152524
2760000	0.09622669089585542
2800000	0.09749607334211469
2840000	0.10371658224090934
2880000	0.10564953633621335
2920000	0.11349309250488877
2960000	0.1147881343409419
3000000	0.1299986271984875
3040000	0.13445640361607075
3080000	0.12519533812925218
3120000	0.12367837314084172
3160000	0.12001326464787125
3200000	0.1271864156961441
3240000	0.13131109880805014
3280000	0.11867570066973566
3320000	0.1322851557932794
3360000	0.13474399890750646
3400000	0.13055937407314777
3440000	0.1329252516068518
3480000	0.14744026981666683
3520000	0.15039430253580213
3560000	0.15014409926533698
3600000	0.1563640401005745
3640000	0.1621776199862361
3680000	0.17776096656918525
3720000	0.159610085516423
3760000	0.158165025614202
3800000	0.1531260378062725
3840000	0.1505301421634853
3880000	0.13445894772112368
3920000	0.1315820522800088
3960000	0.12329334458857774
4000000	0.12188268087059259
4040000	0.12820211128145456
4080000	0.1242800154849887
4120000	0.12175662626475096
4160000	0.11217222948670387
4200000	0.11571367847472429
4240000	0.1275099082708359
4280000	0.12551669752597808
4320000	0.12027580315321684
4360000	0.13151780577152966
4400000	0.12519928014278411
4440000	0.13425531474351882
4480000	0.12602429994046688
4520000	0.11800390697717666
4560000	0.11261469829380512
4600000	0.11503726853579282
4640000	0.11566121952235699
4680000	0.11921787830889224
4720000	0.11193719570040703
4760000	0.11904196646511554
4800000	0.13111385977566242
4840000	0.1404160444676876
4880000	0.14704354693889618
4920000	0.15028689258098601
4960000	0.17701543904095887
5000000	0.16958677302896977
5040000	0.1780814227476716
5080000	0.17917211143672465
5120000	0.20300291962325573
5160000	0.19544087542742491
5200000	0.20815513887703418
5240000	0.23074117637574673
5280000	0.2289886259958148
5320000	0.23457087199240922
5360000	0.24838249970823525
5400000	0.25811751336157324
5440000	0.2661139805927873
5480000	0.2360912571206689
5520000	0.2581847467929125
5560000	0.30191114238798616
5600000	0.2899941256895661
5640000	0.3069801427170634
5680000	0.29803385756015777
5720000	0.27380000796467063
5760000	0.3009284734815359
5800000	0.3059905941680074
5840000	0.30691378991752866
5880000	0.3317436220049858
5920000	0.31241259767115115
5960000	0.29841796922385694
6000000	0.29762895896583796
6040000	0.2875560707136989
6080000	0.30375532469302413
6120000	0.3025058637574315
6160000	0.29943934446573256
6200000	0.2735413738757372
6240000	0.2966002015680075
6280000	0.2840177084967494
6320000	0.27080846270620823
6360000	0.254769877654314
6400000	0.24253057028800248
6440000	0.2197445509508252
6480000	0.20002301227301358
6520000	0.19425195621550084
6560000	0.18419560963213444
6600000	0.18195362051948905
6640000	0.17401954614818096
6680000	0.16883504358828066
6720000	0.1829097947254777
6760000	0.1841947861790657
6800000	0.18156838411986828
6840000	0.179147466853261
6880000	0.19459722722023726
6920000	0.19123877574652434
6960000	0.20107890716046095
7000000	0.22148525559306145
7040000	0.20128075216412544
7080000	0.1884237396284938
7120000	0.17217991678714753
7160000	0.18088789104372263
7200000	0.17884785362184047
7240000	0.18315246039181948
7280000	0.17378047014921905
7320000	0.16770992485359312
7360000	0.16605180633589625
7400000	0.16591026194542646
7440000	0.1874309411495924
7480000	0.19370369157642126
7520000	0.2128752155214548
7560000	0.2103263880699873
7600000	0.19511094374358653
7640000	0.2139846293821931
7680000	0.21995266143232584
7720000	0.22731781994998454
7760000	0.2349093818306923
7800000	0.21946023338586093
7840000	0.1903813641101122
7880000	0.1811034821666777
7920000	0.17820874174833298
7960000	0.17602318742200732
8000000	0.1768969534918666
8040000	0.1648088196337223
8080000	0.16952928482592106
8120000	0.15658599430322648
8160000	0.15602750916928054
8200000	0.1438034693673253
8240000	0.136228361839056
8280000	0.12831052827835082
8320000	0.14081330418735744
8360000	0.1311420017465949
8400000	0.1299239605590701
8440000	0.13539837824702264
8480000	0.14844588596969843
8520000	0.14489242797344923
8560000	0.16154424847364426
8600000	0.168462465557456
8640000	0.18596273276731373
8680000	0.19431006303727627
8720000	0.19059862796813248
8760000	0.1904392931818962
8800000	0.1900559393376112
8840000	0.20770108011215926
8880000	0.22741896180659532
8920000	0.22138708876371382
8960000	0.23530322274714707
9000000	0.25020800294578077
9040000	0.22017083848565816
9080000	0.21939065427780152
9120000	0.20422337770015
9160000	0.2267664513207972
9200000	0.2411732274353504
9240000	0.23337642449960114
9280000	0.21005813360363246
9320000	0.18445760531574487
9360000	0.16587741607427597
9400000	0.1582523907147348
9440000	0.1586423947483301
9480000	0.1635797087110579
9520000	0.15932357936948538
9560000	0.14961971514970065
9600000	0.14908173461854457
9640000	0.13834006760194897
9680000	0.13090491218864916
9720000	0.13041389725506305
9760000	0.13289120856672526
9800000	0.13725901495665313
9840000	0.133850918649137
9880000	0.13686899557858706
9920000	0.13828369144052266
9960000	0.13382725684791805
10000000	0.13496834040209651
10040000	0.14398336585611105
10080000	0.15241620519459248
10120000	0.1774650978460908
10160000	0.19875999994575977
10200000	0.20480588978230954
10240000	0.21589954169094563
10280000	0.2064679366633296
10320000	0.21719437570720912
10360000	0.22917910860925914
10400000	0.2594975355729461
10440000	0.2951055448114872
10480000	0.30721121013015507
10520000	0.3137798972338438
10560000	0.34561285458058116
10600000	0.34112697784155604
10640000	0.3160438904553652
10680000	0.33551002818346026
10720000	0.3341894343495369
10760000	0.33283955982625485
10800000	0.3705294732034206
10840000	0.3847758486375213
10880000	0.3663719713762403
10920000	0.3342918552875519
10960000	0.30307733957394956
11000000	0.30430750304758547
11040000	0.3208620219573379
11080000	0.34517554740607737
11120000	0.358220698274672
11160000	0.35104160584211347
11200000	0.3369037869527936
11240000	0.35146252801716327
11280000	0.36983873144835233
11320000	0.41430457755327227
11360000	0.4068619075894356
11400000	0.43501471287310123
11440000	0.4556105668410659
11480000	0.5199721225455404
11520000	0.5707335697129369
11560000	0.5700204612255096
11600000	0.5275413019791245
11640000	0.4592551073268056
11680000	0.4991718993961811
11720000	0.45804185423403976
11760000	0.46471241759210824
11800000	0.4505449594721198
11840000	0.47369508625268936
11880000	0.47094793086797
11920000	0.42957994605973365
11960000	0.3801434837087989
12000000	0.33646235687956216
12040000	0.33982383153513074
12080000	0.3267452463015914
12120000	0.28949938707873224
12160000	0.28396978956460955
12200000	0.24466031064391136
12240000	0.2206854049757123
12280000	0.23161207377910614
12320000	0.22547548074424267
12360000	0.22256092189997434
12400000	0.2241606290012598
12440000	0.2206902783676982
12480000	0.20065065614581107
12520000	0.20585132926106453
12560000	0.20014919587373733
12600000	0.19742255133241415
12640000	0.1984935407936573
12680000	0.19920840247273444
12720000	0.20140096084624529
12760000	0.21974685675501823
12800000	0.22447199456989766
12840000	0.21344861652702093
12880000	0.21815612949281932
12920000	0.223529203350842
12960000	0.24345867598056795
13000000	0.23236274510324
13040000	0.24015224891379475
13080000	0.24153889720588922
13120000	0.24649134456962346
13160000	0.27707928200513127
13200000	0.2737386754192412
13240000	0.28197880234718325
13280000	0.2943105800122023
13320000	0.26347975072562696
13360000	0.2594829329058528
13400000	0.25303328679800036
13440000	0.2552368694514036
13480000	0.2786606300413609
13520000	0.2898710517346859
13560000	0.32286893751472234
13600000	0.37169585401639343
13640000	0.37893541302978995
13680000	0.36197707056701184
13720000	0.3644939529389143
13760000	0.3837697030425072
13800000	0.4016586370050907
13840000	0.41536668215841055
13880000	0.3913521884456277
13920000	0.3964461528584361
13960000	0.442898857550323
14000000	0.444198439258337
14040000	0.4123776139333844
14080000	0.40607922491952775
14120000	0.40301231573224067
14160000	0.41242829649597407
14200000	0.42500649173408744
14240000	0.44006868229657414
14280000	0.427869880028069
14320000	0.4332804442413151
14360000	0.4123196137078106
14400000	0.4414888826914132
14440000	0.39960611310601235
14480000	0.4210373627886176
14520000	0.45341151462718843
14560000	0.48005595029890535
14600000	0.46862927644103763
14640000	0.43556646582633257
14680000	0.4142359962411225
14720000	0.3526402507841587
14760000	0.34209812261462214
14800000	0.33518849862515926
14840000	0.3554066396594048
14880000	0.293813511903584
14920000	0.28902217880636455
14960000	0.29560026919841764
15000000	0.3136713534861803
15040000	0.2779351195201278
15080000	0.2908209474697709
15120000	0.24116424684226512
15160000	0.2257995914146304
15200000	0.2193490121781826
15240000	0.21784646049663425
15280000	0.21666172555238009
15320000	0.2126704203054309
15360000	0.2165294756144285
15400000	0.2019112116754055
15440000	0.19693638652190565
15480000	0.18861047932803632
15520000	0.16990235775783658
15560000	0.17352184582203625
15600000	0.16476945349872113
15640000	0.16289260087013244
15680000	0.172547271938622
15720000	0.19128137728869915
15760000	0.18935874061137437
15800000	0.1976626670613885
15840000	0.21512493002489208
15880000	0.23849085340946913
15920000	0.2445191416285932
15960000	0.2555599521033466
16000000	0.2830201543211937
16040000	0.28308866085410117
16080000	0.2841793396934867
16120000	0.2684062934026122
16160000	0.26267935388982294
16200000	0.28331281730681657
16240000	0.2930594072394073
16280000	0.29660919906049965
16320000	0.283841224257648
16360000	0.29773061332404616
16400000	0.30855101727694273
16440000	0.28960652564316985
16480000	0.3117408553443849
16520000	0.30266038980185983
16560000	0.2996208815842867
16600000	0.33888143461048603
16640000	0.34499238213151695
16680000	0.3529130408771336
16720000	0.3317008070409298
16760000	0.3088988918080926
16800000	0.29468031075596807
16840000	0.31129416172876956
16880000	0.28141472898870706
16920000	0.26858961417526006
16960000	0.26822220790833234
17000000	0.28438385465443133
17040000	0.2862239518895745
17080000	0.2644377833336592
17120000	0.24849285061508417
17160000	0.2358215814501047
17200000	0.19152867954075337
17240000	0.17019961562901736
17280000	0.16001721125915647
17320000	0.17037375497668983
17360000	0.18300955118089915
17400000	0.1883703912511468
17440000	0.18680524863749742
17480000	0.20086163787320258
17520000	0.20738603149577975
17560000	0.18952939944788813
17600000	0.18767734686657786
17640000	0.18052412803545595
17680000	0.18858820914030075
17720000	0.17618871507793665
17760000	0.1963673573628068
17800000	0.186788506346941
17840000	0.2130461988016963
17880000	0.2157058677636087
17920000	0.23528926402702927
17960000	0.22229098891317844
18000000	0.22279575855582953
18040000	0.23082943114191293
18080000	0.23464023806899786
18120000	0.2312758421830833
18160000	0.23652848109453917
18200000	0.2174430595740676
18240000	0.2087062371812761
18280000	0.21422342967689037
18320000	0.2120368968628347
18360000	0.2317248043626547
18400000	0.23660271746888756
18440000	0.23034385974928737
18480000	0.21511471636742355
18520000	0.24195068572610617
18560000	0.26350317849367855
18600000	0.28395833456665276
18640000	0.2991872009024024
18680000	0.3259493699252605
18720000	0.3386739556953311
18760000	0.3458895164117217
18800000	0.33193433936238287
18840000	0.3173204080864787
18880000	0.3208880348935723
18920000	0.31195815252512693
18960000	0.31074739885777236
19000000	0.2979396977290511
19040000	0.27284863564819095
19080000	0.23598812328577043
19120000	0.23629226961433888
19160000	0.2215262673944235
19200000	0.2352293186917901
19240000	0.22652737776637077
19280000	0.2033245120935142
19320000	0.18048307893127202
19360000	0.18184630563408136
19400000	0.18799164030849932
19440000	0.17647266572713852
19480000	0.1730604727834463
19520000	0.1691007153466344
19560000	0.15966444788053633
19600000	0.15629122770130635
19640000	0.15005263170450925
19680000	0.16167091632187366
19720000	0.17429982606470584
19760000	0.18640260118618607
19800000	0.1982617959164083
19840000	0.20958946036994458
19880000	0.21060504412800074
19920000	0.21425399297103287
19960000	0.24210543953701855
20000000	0.254721369805932
20040000	0.25815340421870353
20080000	0.2532266181983054
20120000	0.25487372851371765
20160000	0.23063756480664016
20200000	0.2079595748156309
20240000	0.22949511725306512
20280000	0.24984302876219153
20320000	0.2790051809832454
20360000	0.27384178560078143
20400000	0.2442841882288456
20440000	0.24218063371926546
20480000	0.26532895031794906
20520000	0.2598752974152565
20560000	0.2580543634735048
20600000	0.2939552135437727
20640000	0.3259133365109563
20680000	0.33290745625048873
20720000	0.33332932275757193
20760000	0.33319507127776743
20800000	0.33095972805768253
20840000	0.34538061495795847
20880000	0.36319187885820864
20920000	0.37553688170164823
20960000	0.38244225711375474
21000000	0.3847230265527964
21040000	0.44588170442953706
21080000	0.4601366779908538
21120000	0.42781851715892555
21160000	0.42711223826259376
21200000	0.44597055111676454
21240000	0.47359762625619767
21280000	0.4781575556874275
21320000	0.48178449153378605
21360000	0.46496224141865966
21400000	0.48789643554985523
21440000	0.5013842647582293
21480000	0.5111035555906593
21520000	0.48258414174318315
21560000	0.49446406575143337
21600000	0.48570159715414046
21640000	0.5183648640736938
21680000	0.516762813656032
21720000	0.5346277245014905
21760000	0.5200062303625047
21800000	0.5874007435813546
21840000	0.6538082391366362
21880000	0.6774859451860189
21920000	0.704981396241486
21960000	0.7136180869184434
22000000	0.6964148760527372
22040000	0.6484006465941667
22080000	0.6414272222720087
22120000	0.659745885963738
22160000	0.7139082129120826
22200000	0.7425231562286615
22240000	0.7609501760751008
22280000	0.7402621065378189
22320000	0.7884760733217001
22360000	0.7999349944978953
22400000	0.7669645129844547
22440000	0.7865262933321298
22480000	0.8398875243157148
22520000	0.8839209540642798
22560000	0.9342159960404038
22600000	0.9374044895216823
22640000	0.9369581317603588
22680000	0.9831800588816404
22720000	0.9696059259846806
22760000	0.8766352736838162
22800000	0.787918866686523
22840000	0.6688347116976976
22880000	0.6493216632291675
22920000	0.5865967525914312
22960000	0.5235905616000295
23000000	0.4791884132653475
23040000	0.4569620050624013
23080000	0.42507887099981306
23120000	0.37790684480667114
23160000	0.3548929242014885
23200000	0.3348549834772944
23240000	0.31159197131544353
23280000	0.303474473811686
23320000	0.32277432142719625
23360000	0.3373685330599546
23400000	0.33840250966623425
23440000	0.3169334303915501
23480000	0.3185010668590665
23520000	0.3047047521665692
23560000	0.3370492383681238
23600000	0.3191605632074177
23640000	0.30290521584153174
23680000	0.30715213543772696
23720000	0.31401769447624683
23760000	0.2848701140753925
23800000	0.2731806233689189
23840000	0.2912687817461789
23880000	0.27641042492836715
23920000	0.2603734727576375
23960000	0.26045661712661383
24000000	0.25705643438622355
24040000	0.25520867602005604
24080000	0.2578737155802548
24120000	0.25818324664607645
24160000	0.2567881608992815
24200000	0.2625846464127302
24240000	0.2858826050251722
24280000	0.3186230074420571
24320000	0.3558503109142184
24360000	0.3598243967458606
24400000	0.38363578359037637
24440000	0.3778513167828321
24480000	0.3726297755822539
24520000	0.38774792284071447
24560000	0.40605520538687706
24600000	0.42322456178963186
24640000	0.47618000879883765
24680000	0.4973700289815664
24720000	0.4957942620396614
24760000	0.520280892728269
24800000	0.49120096119344236
24840000	0.4766443909160793
24880000	0.5025307233430445
24920000	0.4823430100828409
24960000	0.5016154444448649
25000000	0.4850980918057263
25040000	0.4723711727648974
25080000	0.5051277597814798
25120000	0.46591135330200195
25160000	0.4726313281737268
25200000	0.45550860598385334
25240000	0.42567986679002645
25280000	0.4097603886246681
25320000	0.3575583676993847
25360000	0.35285564336404207
25400000	0.32818538851886986
25440000	0.34273671427965163
25480000	0.31391341166198256
25520000	0.3152297912761569
25560000	0.2782425756029785
25600000	0.25938585639074446
25640000	0.25076215586215256
25680000	0.24590301772877574
25720000	0.25053729157671334
25760000	0.23095272513031959
25800000	0.2254502763673663
25840000	0.22293491800948978
25880000	0.2276812995173037
25920000	0.22624592309892178
25960000	0.2135810157187283
26000000	0.22555701448470353
26040000	0.24368229969143868
26080000	0.22568016950935124
26120000	0.23508169530034065
26160000	0.25484644550830127
26200000	0.2537520383089781
26240000	0.2756430724620819
26280000	0.26567853761687876
26320000	0.2789754282444715
26360000	0.28934712482243774
26400000	0.3455401862859726
26440000	0.32065562215074894
26480000	0.3456085820272565
26520000	0.32289179978743193
26560000	0.30665705973654983
26600000	0.32378945237100126
26640000	0.37273673568293453
26680000	0.3667765797123313
26720000	0.34951714282929897
26760000	0.31727032824009654
26800000	0.30507401137575507
26840000	0.30150664133578536
26880000	0.3033980859167874
26920000	0.2915061781719327
26960000	0.27637414060086013
27000000	0.2494962343111634
27040000	0.24167110009640455
27080000	0.22817822889611125
27120000	0.1955092479199171
27160000	0.17244932480230926
27200000	0.17963531759753823
27240000	0.17790826817378402
27280000	0.1868059940800071
27320000	0.1887975999251008
27360000	0.19110092665404083
27400000	0.1781065395720303
27440000	0.16836847950741649
27480000	0.1771610122308135
27520000	0.16849782132729887
27560000	0.14814261634871365
27600000	0.1431646882660687
27640000	0.13238110700547695
27680000	0.1319629815503955
27720000	0.13535277128964662
27760000	0.14290683134496213
27800000	0.1534633939154446
27840000	0.14455679322332143
27880000	0.1446226010233164
27920000	0.1540417024590075
27960000	0.15351809168457986
28000000	0.1607495632953942
28040000	0.1713779023423791
28080000	0.180345204500854
28120000	0.19102823390886187
28160000	0.18042460374981165
28200000	0.1730367155879736
28240000	0.1784103422254324
28280000	0.17802741045579315
28320000	0.18834093909189106
28360000	0.17543137509003282
28400000	0.1871927923709154
28440000	0.1832358956500888
28480000	0.17964925960749387
28520000	0.18433333101719618
28560000	0.18814072101935744
28600000	0.20549673979729413
28640000	0.2158094055697322
28680000	0.2212863673888147
28720000	0.23307064330130817
28760000	0.2433461123019457
28800000	0.2351569479212165
28840000	0.25362168555036185
28880000	0.25034675733819606
28920000	0.26682049884423614
28960000	0.30075556707531215
29000000	0.29852697829529645
29040000	0.3106960347779095
29080000	0.3193431756384671
29120000	0.33343634551391005
29160000	0.35290336220934987
29200000	0.3783830438748002
29240000	0.3970647750720382
29280000	0.4058227662794292
29320000	0.4052199797458947
29360000	0.4082427686147392
29400000	0.37404725425839425
29440000	0.33253607348650693
29480000	0.3113570114403963
29520000	0.2848245648354292
29560000	0.252993874219805
29600000	0.21850445100814103
29640000	0.19064476488828658
29680000	0.17592001937180757
29720000	0.15843755849823354
29760000	0.1595097335241735
29800000	0.16248838129863144
29840000	0.16863660659044982
29880000	0.1770442756317556
29920000	0.17556564634665847
29960000	0.17755581124126912
30000000	0.17431676768958568
30040000	0.16931297641545534
30080000	0.1797518633916974
30120000	0.18058148512393235
30160000	0.1940152770102024
30200000	0.21088210605680943
30240000	0.2061656541466713
30280000	0.2031830815523863
30320000	0.19200633140131831
30360000	0.18443858863040805
30400000	0.17741531150639056
30440000	0.17638681323602795
30480000	0.17654082472920418
30520000	0.15076515356451273
30560000	0.1522996258944273
30600000	0.1764143207035959
30640000	0.17995136786550284
30680000	0.18936541104316712
30720000	0.21179715715944766
30760000	0.21011840013861657
30800000	0.20387626390606164
30840000	0.19918359788805245
30880000	0.2129669014364481
30920000	0.21409603688046336
30960000	0.22447839101552963
31000000	0.23059035226255656
31040000	0.2513473450154066
31080000	0.26989577856510877
31120000	0.31074958786666396
31160000	0.3048737938567996
31200000	0.3318174561269581
31240000	0.35162993952333926
31280000	0.37478235129117965
31320000	0.35822660099565984
31360000	0.3932379256479442
31400000	0.4356937998279929
31440000	0.45970195734500885
31480000	0.5017336645439268
31520000	0.46161190406829117
31560000	0.45904509145468475
31600000	0.4991068341255188
31640000	0.48938167827874424
31680000	0.5214603639930486
31720000	0.5372560743197798
31760000	0.576360542729497
31800000	0.5252563042923808
31840000	0.5143046076744795
31880000	0.5327768919624388
31920000	0.5457502663210034
31960000	0.5715518826760352
32000000	0.5998054472908377
32040000	0.5563330473713577
32080000	0.493919625967741
32120000	0.4943250703394413
32160000	0.4749996485054493
32200000	0.47741577255129813
32240000	0.41550623214021326
32280000	0.37177425341159104
32320000	0.35471478906720877
32360000	0.3465177338249981
32400000	0.31941508243978023
32440000	0.32958737748116257
32480000	0.3328596159517765
32520000	0.3288884307190776
32560000	0.3361850417643785
32600000	0.3318880611486733
32640000	0.32571005589812996
32680000	0.32017260897755623
32720000	0.3162055513858795
32760000	0.3133631465651095
32800000	0.29337573816627266
32840000	0.28813059096187355
32880000	0.2940835593238473
32920000	0.29670601791888473
32960000	0.2912540252096951
33000000	0.29898462237641216
33040000	0.29558461747914555
33080000	0.2856523545458913
33120000	0.29798691700622437
33160000	0.29837923236340286
33200000	0.3176675135910511
33240000	0.30086238340586424
33280000	0.29584049068167806
33320000	0.29407252625525
33360000	0.30662790295556186
33400000	0.3029886683322489
33440000	0.2930234882801771
33480000	0.2996631090737879
33520000	0.3000085161864757
33560000	0.2880729476436973
33600000	0.25393087543696163
33640000	0.2201059308283031
33680000	0.2194178389675915
33720000	0.19892430735751987
33760000	0.18641774064525962
33800000	0.1838899744786322
33840000	0.18408338711857797
33880000	0.17258502022624017
33920000	0.15973726612702013
33960000	0.15639972406849265
34000000	0.16344133576750755
34040000	0.1548188799083233
34080000	0.14984403770416976
34120000	0.1530027237854898
34160000	0.15126939208507537
34200000	0.1432232904136181
34240000	0.15532494142502545
34280000	0.14998229090124368
34320000	0.15055050679072737
34360000	0.16554916707724332
34400000	0.15285648998394608
34440000	0.14864572246968746
34480000	0.15338722566813232
34520000	0.16985285439044237
34560000	0.19353484366238116
34600000	0.19222625980973243
34640000	0.19570532306954264
34680000	0.18064782387018205
34720000	0.18067431181147695
34760000	0.20683683636561037
34800000	0.21407432030066847
34840000	0.2063514646589756
34880000	0.2224774997510016
34920000	0.2196485969364643
34960000	0.215637727162987
35000000	0.21603515200167894
35040000	0.2162701004318893
35080000	0.23539531806409358
35120000	0.2783323520734906
35160000	0.27546621309965846
35200000	0.2650240006618202
35240000	0.2619617200024426
35280000	0.2528861879825592
35320000	0.2786600892364979
35360000	0.29616990352645517
35400000	0.3099164761997759
35440000	0.3338265730455518
35480000	0.3093033651061356
35520000	0.34547698343545197
35560000	0.3234300889737904
35600000	0.3427004275910556
35640000	0.36630616863518956
35680000	0.37377326677888634
35720000	0.37757334510758517
35760000	0.3690949820049107
35800000	0.34591203788742425
35840000	0.3443006859600544
35880000	0.3718853664599359
35920000	0.3778502961747348
35960000	0.36698979952037336
36000000	0.3969499832250178
36040000	0.3984513481512666
36080000	0.40486985650509594
36120000	0.37918723877519367
36160000	0.36828664750903845
36200000	0.34387474703788756
36240000	0.31520266600474717
36280000	0.29118632841408254
36320000	0.2718828069187701
36360000	0.24855363127216698
36400000	0.21512197107374667
36440000	0.1901395074672997
36480000	0.1827145194388926
36520000	0.21524957372024656
36560000	0.2286703591428697
36600000	0.20708755850046873
36640000	0.2232395441517234
36680000	0.2320908400453627
36720000	0.2686016642019153
36760000	0.25475728314071894
36800000	0.2463901646874845
36840000	0.24348538680225612
36880000	0.24856723775193096
36920000	0.23156883388906718
36960000	0.2480011042945087
37000000	0.2559530537262559
37040000	0.2449956873074174
37080000	0.2261861769914627
37120000	0.22862581409588456
37160000	0.2333514295935631
37200000	0.2614443327702582
37240000	0.2545454518035054
37280000	0.27485942924022677
37320000	0.28698893639594314
37360000	0.2708104769617319
37400000	0.2772910862125456
37440000	0.2878558383576572
37480000	0.30765982378572226
37520000	0.29834664103835823
37560000	0.3060615741819143
37600000	0.30103922409415246
37640000	0.31466911459341645
37680000	0.34680684614256024
37720000	0.3406301424652338
37760000	0.39740470037683845
37800000	0.3833290565237403
37840000	0.38876294175982473
37880000	0.3869998510420322
37920000	0.38494296802654865
37960000	0.3645085113659501
38000000	0.3636492954842746
38040000	0.42079863756373526
38080000	0.40369774401634934
38120000	0.36667200319990517
38160000	0.3697033736795187
38200000	0.3674672167561948
38240000	0.3296088127329946
38280000	0.314365450707078
38320000	0.28624361741840837
38360000	0.2614633568562567
38400000	0.2620284410446882
38440000	0.22775441114231945
38480000	0.20103658835366367
38520000	0.20401464008167386
38560000	0.22610578745007515
38600000	0.22501781916320324
38640000	0.21590541255027057
38680000	0.23052577026486396
38720000	0.2394246991969645
38760000	0.22220265525206923
38800000	0.20606178801357747
38840000	0.19728752820268272
38880000	0.17216495467796922
38920000	0.18187155718877912
38960000	0.17717150526344777
39000000	0.18531093801036477
39040000	0.18389832449778915
39080000	0.1878350870154798
39120000	0.19101474339812993
39160000	0.17792620858028532
39200000	0.18543614353090523
39240000	0.18702999703511597
39280000	0.19493986361920834
39320000	0.1911577451042831
39360000	0.23829432479143142
39400000	0.2608457730539143
39440000	0.2926484769459814
39480000	0.3235633208274841
39520000	0.3591664023004472
39560000	0.36414272324964403
39600000	0.3641482256799936
39640000	0.35339388604462146
39680000	0.3326027915596962
39720000	0.34754274938255547
39760000	0.31748968959227203
39800000	0.3320983463346958
39840000	0.3377925151258707
39880000	0.3468063585996628
39920000	0.34884115587770936
39960000	0.3696899505972862
40000000	0.32702557771652935
40040000	0.35313596283718945
40080000	0.35051367032155395
40120000	0.3592664572678506
40160000	0.3626746455490589
40200000	0.36307685262560846
40240000	0.3761846568048
40280000	0.3578632828190923
40320000	0.33325788986235855
40360000	0.34418164326772094
40400000	0.3393439506433904
40440000	0.36814556126222014
40480000	0.36535706814825536
40520000	0.3828655283950269
40560000	0.37855630744993685
40600000	0.3891137002512813
40640000	0.3890274646423757
40680000	0.39239097951501606
40720000	0.37337693077325823
40760000	0.34858544778302314
40800000	0.38827091567739846
40840000	0.4114244894232601
40880000	0.4256129823498428
40920000	0.40220297354757784
40960000	0.44849276366755364
41000000	0.4721455677203834
41040000	0.4831269279077649
41080000	0.5248980238094926
41120000	0.5162029390878975
41160000	0.5603674371436238
41200000	0.5298458196349441
41240000	0.4615220587790012
41280000	0.42174533384740354
41320000	0.3800586024366319
41360000	0.372931196667999
41400000	0.32554149992987513
41440000	0.3145727673493326
41480000	0.2940551566198468
41520000	0.27954352694153783
41560000	0.2736152769885957
41600000	0.251821255838871
41640000	0.2646072350263596
41680000	0.2610091575138271
41720000	0.2374578106150031
41760000	0.23628528664112092
41800000	0.22613649612888695
41840000	0.23624229528978466
41880000	0.21765532508790494
41920000	0.1969017019815743
41960000	0.2069199125699699
42000000	0.1923210094243288
42040000	0.20608848439082503
42080000	0.1866365321211517
42120000	0.17974354689270258
42160000	0.18955423627197743
42200000	0.1753340222619474
42240000	0.16123308833017946
42280000	0.161268555110693
42320000	0.15746248231902718
42360000	0.14512886767238378
42400000	0.14494274667948484
42440000	0.13988243426680566
42480000	0.1305487253565341
42520000	0.12511428480893375
42560000	0.12786014181524516
42600000	0.14498657196313142
42640000	0.13753830950856208
42680000	0.13654509558975697
42720000	0.14416989060789348
42760000	0.14932938480228186
42800000	0.1683917244322598
42840000	0.17133564321398734
42880000	0.17812132953107357
42920000	0.17740145107731223
42960000	0.1806760325871408
43000000	0.1766565812520683
43040000	0.19241837563067674
43080000	0.19302374500259756
43120000	0.1953949336580932
43160000	0.1941229031600058
43200000	0.22151480230093
43240000	0.24535095240920782
43280000	0.24732712591886521
43320000	0.24554750121161342
43360000	0.2567692852810025
43400000	0.27350389904752376
43440000	0.2996998081177473
43480000	0.3202358808852732
43520000	0.3325444470539689
43560000	0.3290321856223047
43600000	0.3235124811254442
43640000	0.3026797026708722
43680000	0.28571486632451415
43720000	0.27849018384292723
43760000	0.26104268403202296
43800000	0.25475034955218434
43840000	0.24531354110538958
43880000	0.21111728033795954
43920000	0.20195423608720303
43960000	0.18222275636345148
44000000	0.17041916361376644
44040000	0.17346829818636178
44080000	0.1724356907956302
44120000	0.1718864794947207
44160000	0.16841537476405502
44200000	0.15455442075580358
44240000	0.14637460045740008
44280000	0.14182162027359008
44320000	0.13149535122588277
44360000	0.13279748351722956
44400000	0.13408629043474793
44440000	0.14194340573251246
44480000	0.1513261937610805
44520000	0.16505860539376735
44560000	0.175160388725996
44600000	0.18333386914134026
44640000	0.18581841035038232
44680000	0.19339668289199471
44720000	0.19323038803003728
44760000	0.19744809976294636
44800000	0.20951082208454608
44840000	0.26347250816226003
44880000	0.2589652512393892
44920000	0.24633876122683288
44960000	0.2601489953801036
45000000	0.2513316128589213
45040000	0.23163326861038805
45080000	0.21505581952184438
45120000	0.22224954183921217
45160000	0.2258678156942129
45200000	0.24034148551151158
45240000	0.2377350220501423
45280000	0.2233300853393972
45320000	0.2297151632755995
45360000	0.2273632709905505
45400000	0.21377502513453364
45440000	0.2345124142229557
45480000	0.24088191943392157
45520000	0.2396976307310164
45560000	0.2636039847798646
45600000	0.2691769433759153
45640000	0.27776929561942815
45680000	0.3070318983525038
45720000	0.31551949341371655
45760000	0.32757536885067823
45800000	0.3003796112731099
45840000	0.31900590913668275
45880000	0.3550535125158727
45920000	0.359905533029139
45960000	0.4026489053055644
46000000	0.42518667921423914
46040000	0.43774143915623426
46080000	0.4611770368359983
46120000	0.486911026481539
46160000	0.5267555979695171
46200000	0.5497728980675339
46240000	0.5610034190431237
46280000	0.5717135197341442
46320000	0.5365540466830134
46360000	0.5308125598289073
46400000	0.5155922283537686
46440000	0.5035827059894801
46480000	0.44889004912003877
46520000	0.41435485422462226
46560000	0.4095291527532041
46600000	0.3944851619426161
46640000	0.42891099746003747
46680000	0.396867869232595
46720000	0.3781235101521015
46760000	0.34401512055620553
46800000	0.3280030112743378
46840000	0.31992707399129866
46880000	0.3023328610554338
46920000	0.29362740390598774
46960000	0.26901522416844964
47000000	0.2629559456087649
47040000	0.2678296712324023
47080000	0.27239147265180946
47120000	0.284189545429498
47160000	0.2865562399290502
47200000	0.2789009219802916
47240000	0.27357826085537673
47280000	0.2745832367196679
47320000	0.25407512074932453
47360000	0.28664173186048864
47400000	0.2836377876341343
47440000	0.2904093118779361
47480000	0.32911896660849455
47520000	0.32455353624373673
47560000	0.31799849905371663
47600000	0.30507805553525685
47640000	0.31113034220710395
47680000	0.3382636929154396
47720000	0.3457768935546279
47760000	0.40527138215228914
47800000	0.4039369181364775
47840000	0.41809674153178933
47880000	0.4430559544607997
47920000	0.4450725427515805
47960000	0.45906243480443953
48000000	0.45033063276559115
48040000	0.45907611742541193
48080000	0.4151379269629717
48120000	0.4093071087412536
48160000	0.40678051380217073
48200000	0.42885767240822315
48240000	0.4465226880200207
48280000	0.4378530845552683
48320000	0.4476717312626541
48360000	0.4678924447268248
48400000	0.45153836829662325
48440000	0.4513189215376973
48480000	0.45965692230165006
48520000	0.5070134659521282
48560000	0.4542646518781781
48600000	0.45266156900674104
48640000	0.43730481339767574
48680000	0.4005156035318971
48720000	0.39315593750029804
48760000	0.3817115042705089
48800000	0.32595402935296297
48840000	0.31120813988521695
48880000	0.3134494120500982
48920000	0.28749778337925674
48960000	0.2629926117040217
49000000	0.23568126281425356
49040000	0.2392631786249578
49080000	0.223258672644943
49120000	0.22700879640877247
49160000	0.22714620997980237
49200000	0.2294193508155644
49240000	0.2379331952355802
49280000	0.22563933706507086
49320000	0.22612481389790773
49360000	0.23958902729377152
49400000	0.22751109131127595
49440000	0.23926762655228376
49480000	0.23768768533021212
49520000	0.22460749079585077
49560000	0.20223568870425224
49600000	0.19960343412086368
49640000	0.19315871606767177
49680000	0.19588498047292233
49720000	0.188283747587353
49760000	0.17331936975941062
49800000	0.16445631492435933
49840000	0.16103420147597788
49880000	0.16663337222859265
49920000	0.1705544262625277
49960000	0.1769198004245758
50000000	0.1680390759550035
50040000	0.18305660743340849
50080000	0.18834779548346997
50120000	0.19515718859657646
50160000	0.19029448137134314
50200000	0.194189899918437
50240000	0.19391879752203822
50280000	0.2031970223031938
50320000	0.19744577283114195
50360000	0.1929331565566361
50400000	0.21563086375519633
50440000	0.22044598674029112
50480000	0.23400778638646005
50520000	0.25106533698663114
50560000	0.2534309850983322
50600000	0.26507227539420125
50640000	0.2677998319618404
50680000	0.2668221673257649
50720000	0.2767672678694129
50760000	0.29092841958105564
50800000	0.2980099841438234
50840000	0.3147048047989607
50880000	0.32190526993721724
50920000	0.3192630918286741
50960000	0.3183646450147033
51000000	0.3196422306023538
51040000	0.32531427934467794
51080000	0.33550313689559697
51120000	0.3480860158763826
51160000	0.31882758975699543
51200000	0.3127607008703053
51240000	0.3086141453675926
51280000	0.31324650286510586
51320000	0.30593592268005015
51360000	0.2702024668902159
51400000	0.2536326198212802
51440000	0.22864528115019203
51480000	0.21248445812016725
51520000	0.2049400081090629
51560000	0.19778632376119495
51600000	0.19280206325650215
51640000	0.1883538176998496
51680000	0.18043979192748666
51720000	0.1765754494085908
51760000	0.16417389693558215
51800000	0.14953029613643884
51840000	0.14468422598689795
51880000	0.14547226631864904
51920000	0.14765971098542213
51960000	0.1515562724120915
52000000	0.1612532153315842
52040000	0.17250662979632617
52080000	0.16165100695714354
52120000	0.15611928411498666
52160000	0.1630882878936827
52200000	0.16865659391656518
52240000	0.17159575101062655
52280000	0.177225229626894
52320000	0.17783843232542276
52360000	0.18432816658616066
52400000	0.18851921555250883
52440000	0.20366663138195873
52480000	0.2074060493528843
52520000	0.22158475047796963
52560000	0.23630115718580783
52600000	0.2508842719644308
52640000	0.27916214183196425
52680000	0.27223855670541525
52720000	0.2921787502221763
52760000	0.2804086328081787
52800000	0.29501001991778614
52840000	0.2971233290947974
52880000	0.3164560178875923
52920000	0.33352643988132474
52960000	0.31436850619390605
53000000	0.3192847878418863
53040000	0.2937145304519683
53080000	0.30655333085656167
53120000	0.3108273302830756
53160000	0.30609222102984784
53200000	0.3055248896487057
53240000	0.3297824696280062
53280000	0.32999649398699404
53320000	0.30876809709966185
53360000	0.33129074722081425
53400000	0.3444469575360417
53440000	0.3588843618661165
53480000	0.3572754546649754
53520000	0.3786966556221247
53560000	0.4146683871217072
53600000	0.4199560049340129
53640000	0.40238311838433144
53680000	0.3903460021167994
53720000	0.3578211935348809
53760000	0.317153288552165
53800000	0.27832777581214907
53840000	0.268707110337168
53880000	0.25616216263249514
53920000	0.2419366738639772
53960000	0.22350144726485013
54000000	0.2218114824898541
54040000	0.21381691620498897
54080000	0.23509274757057427
54120000	0.24452845996022224
54160000	0.24557537240087987
54200000	0.24377531927004456
54240000	0.2381473876424134
54280000	0.22639429674744607
54320000	0.23627455231770872
54360000	0.24125600454509258
54400000	0.21184514932110907
54440000	0.20849472832605243
54480000	0.19936706589534878
54520000	0.18986684915274382
54560000	0.1869897214062512
54600000	0.18248764967769385
54640000	0.20124051123186945
54680000	0.20003128565624356
54720000	0.17626650784611703
54760000	0.17914679192975164
54800000	0.1857673229753971
54840000	0.19203463643416763
54880000	0.19864753993675113
54920000	0.20469307688623667
54960000	0.21800387656837703
55000000	0.2231567923679948
55040000	0.230856246329844
55080000	0.24155234752520918
55120000	0.23337955001220106
55160000	0.24902272945940496
55200000	0.25252641066610815
55240000	0.2626708050169051
55280000	0.2770508892148733
55320000	0.2782325764685869
55360000	0.27777420231699945
55400000	0.2998570571795106
55440000	0.2917848938189447
55480000	0.29367609840258957
55520000	0.3180397946201265
55560000	0.3121190671250224
55600000	0.3881261200338602
55640000	0.40739458767026665
55680000	0.44320061943903566
55720000	0.44318322902694346
55760000	0.4369430052779615
55800000	0.42392523693591355
55840000	0.4290759292528033
55880000	0.4258387530528009
55920000	0.4457821645975113
55960000	0.48168878193497655
56000000	0.5204203705400229
56040000	0.5414685103528202
56080000	0.5446432142354548
56120000	0.5309535860791802
56160000	0.5298426499128341
56200000	0.49012801550999285
56240000	0.4646554855912924
56280000	0.4583236112780869
56320000	0.4991250239439309
56360000	0.4761351208522916
56400000	0.45630346632227303
56440000	0.428779062537849
56480000	0.41801805597394703
56520000	0.40491580057665705
56560000	0.40578768781125546
56600000	0.37306968662515283
56640000	0.3827812469810247
56680000	0.35346705324947836
56720000	0.3393030847199261
56760000	0.32851245421767233
56800000	0.3100194489710033
56840000	0.31879721866771576
56880000	0.31577779555171726
56920000	0.3112085561737418
56960000	0.3213729422703385
57000000	0.3223923361748457
57040000	0.3297660383708775
57080000	0.31577373250275853
57120000	0.3021987778618932
57160000	0.31273044649288056
57200000	0.3100371758878231
57240000	0.3189956495665014
57280000	0.3132675516106188
57320000	0.3465422019585967
57360000	0.38700306909680365
57400000	0.39386636296138167
57440000	0.3695916215412319
57480000	0.3768150270521641
57520000	0.3723911286599934
57560000	0.3940722560361028
57600000	0.4039135956637561
57640000	0.4397716325208545
57680000	0.42853227187991144
57720000	0.4136452604576945
57760000	0.43233186708018184
57800000	0.4264139570042491
57840000	0.4694891495257616
57880000	0.46410418022200467
57920000	0.4982335578300059
57960000	0.44804437745064496
58000000	0.4406147814951837
58040000	0.4162837281346321
58080000	0.408302842977643
58120000	0.4033889174327254
58160000	0.34153698842003943
58200000	0.3082285066895187
58240000	0.28343991852626205
58280000	0.24388381171897053
58320000	0.22826679874956607
58360000	0.22206238462403416
58400000	0.2229977660767734
58440000	0.20819745965525507
58480000	0.2073438173018396
58520000	0.20110611990615726
58560000	0.20195801589861512
58600000	0.1980301926933229
58640000	0.1933098028242588
58680000	0.18530914031341672
58720000	0.19038603962808848
58760000	0.18544555676728486
58800000	0.18207640270590783
58840000	0.19372980491891503
58880000	0.20757174543067813
58920000	0.2122331080071628
58960000	0.213441622723639
59000000	0.22824418514966965
59040000	0.23070007529705763
59080000	0.2368706812016666
59120000	0.2345152595050633
59160000	0.21413051251471044
59200000	0.23658758974075317
59240000	0.2533421272709966
59280000	0.24967953037768603
59320000	0.269076833704859
59360000	0.28410247352942825
59400000	0.2765183462314308
59440000	0.2871250360712409
59480000	0.29776785156428814
59520000	0.3325762233577669
59560000	0.3253836997643113
59600000	0.33792987592369317
59640000	0.32036444395035507
59680000	0.294374002443999
59720000	0.2745508616417646
59760000	0.24316319219246507
59800000	0.22353819922357798
59840000	0.2066270965643227
59880000	0.19316445827782155
59920000	0.19428234051316975
59960000	0.19096955387890338
60000000	0.1871551303461194
60040000	0.18009485948011278
60080000	0.16372776984199883
60120000	0.16831596846729516
60160000	0.17948535534739493
60200000	0.16806421921774745
60240000	0.17044227009415627
60280000	0.18011752949506044
60320000	0.190819440086931
60360000	0.1994663139604032
60400000	0.19440858197808267
60440000	0.20407853024676442
60480000	0.19924194700196385
60520000	0.20208984548449516
60560000	0.2184854325219989
60600000	0.23637320217639207
60640000	0.2452242367208004
60680000	0.2503109078772366
60720000	0.27354343791380525
60760000	0.2535908750347793
60800000	0.25535484678000214
60840000	0.26770349099636076
60880000	0.2761757512457669
60920000	0.2675251646898687
60960000	0.2654312508538365
61000000	0.25822993648126724
61040000	0.27033374112844466
61080000	0.27945097635164856
61120000	0.28367357969358564
61160000	0.2998349283263087
61200000	0.3070151586972177
61240000	0.3258351064607501
61280000	0.32387245825305583
61320000	0.3405611320771277
61360000	0.3530048825003207
61400000	0.3380383259959519
61440000	0.35631388852000234
61480000	0.37649210802465677
61520000	0.39501859069019557
61560000	0.37895603080168366
61600000	0.3798962636113167
61640000	0.3848001689948142
61680000	0.4017273687899113
61720000	0.4141644543729722
61760000	0.40524895548373463
61800000	0.42468969224095343
61840000	0.4487079738393426
61880000	0.4197465629309416
61920000	0.39776311684548854
61960000	0.3869261078245938
62000000	0.35734924280643465
62040000	0.3421947321817279
62080000	0.33082494478598234
62120000	0.32145038422569633
62160000	0.29006385680735114
62200000	0.2678669654592872
62240000	0.26470591399371624
62280000	0.25851474937573077
62320000	0.255461541827023
62360000	0.24310067716985942
62400000	0.2501584686987102
62440000	0.23898574508801101
62480000	0.246244045317173
62520000	0.24206823725923896
62560000	0.25765397430285814
62600000	0.2695568647354841
62640000	0.25506901833340523
62680000	0.26428730660527944
62720000	0.2656518687210977
62760000	0.2812424801185727
62800000	0.282211170335114
62840000	0.26185714171677826
62880000	0.263309719748795
62920000	0.2861980802476406
62960000	0.2835264469601214
63000000	0.2853799776762724
63040000	0.29732404211387037
63080000	0.28299715877771375
63120000	0.2720326053448021
63160000	0.259095671171695
63200000	0.2526460107035935
63240000	0.23316095002517104
63280000	0.2203761708766222
63320000	0.2137647344775498
63360000	0.2060930088058114
63400000	0.1894816020220518
63440000	0.18138041969388724
63480000	0.166475466375798
63520000	0.15960042591691018
63560000	0.14924568805173039
63600000	0.13474648140519857
63640000	0.14017483882680534
63680000	0.1363167545951903
63720000	0.147772980273515
63760000	0.16497558566331863
63800000	0.1626546525977552
63840000	0.15936042576357723
63880000	0.16173011265546083
63920000	0.16148741941303016
63960000	0.17035008816495537
64000000	0.18109741293564438
64040000	0.19060960869193078
64080000	0.2089555553600192
64120000	0.21374648124724627
64160000	0.24127988757416605
64200000	0.25354371472746134
64240000	0.260580544564873
64280000	0.2599572531998158
64320000	0.24584612774029374
64360000	0.23276186067834498
64400000	0.2517551476985216
64440000	0.2699783627532423
64480000	0.2960534555375576
64520000	0.29538450378105047
64560000	0.288314018189162
64600000	0.3106750435575843
64640000	0.32512998030111195
64680000	0.35863193733617665
64720000	0.36250193234607575
64760000	0.3852979674175382
64800000	0.39822886829152704
64840000	0.41784601337611676
64880000	0.4415063329152763
64920000	0.48899038409143686
64960000	0.4759688623808324
65000000	0.5250282468616962
65040000	0.5545253718405962
65080000	0.5290674181625247
65120000	0.5660481694303453
65160000	0.5545592357113958
65200000	0.5292817580141127
65240000	0.5736299466103315
65280000	0.5664563712731003
65320000	0.5582195100076497
65360000	0.5625154759317637
65400000	0.5843392384044827
65440000	0.6732087703488767
65480000	0.6050569234326482
65520000	0.5938898789212108
65560000	0.5851035405538976
65600000	0.5843375150226057
65640000	0.565988045860827
65680000	0.5538232119865716
65720000	0.5898488305479288
65760000	0.6161135922029615
65800000	0.6706494504667818
65840000	0.6578815157428384
65880000	0.7111611593320966
65920000	0.7262509987719357
65960000	0.7215588055990636
66000000	0.7337245329193771
66040000	0.7438335944533349
66080000	0.6938451125569641
66120000	0.7702483044981957
66160000	0.7059067320607603
66200000	0.7315986263222992
66240000	0.7385420785434544
66280000	0.8201256502345204
66320000	0.8126694953292608
66360000	0.8091784459799528
66400000	0.8144519633024931
66440000	0.7825515071876347
66480000	0.8026521337367595
66520000	0.8644488792415709
66560000	0.8848237073674798
66600000	0.8498343998149037
66640000	0.9123672629293055
66680000	0.8192437462076545
66720000	0.8577450426861644
66760000	0.845580021570623
66800000	0.8565128790766001
66840000	0.8417953970775008
66880000	0.9022215788133442
66920000	0.8627556572534144
66960000	0.8814508996851742
67000000	0.931113203369081
67040000	0.900991704031825
67080000	0.9080485035218299
67120000	0.9011152733966709
67160000	0.9172123328953982
67200000	0.9309660835675895
67240000	0.9677426572315395
67280000	0.8712832849159837
67320000	0.8632751529075205
67360000	0.8274445757709443
67400000	0.8429157592520118
67440000	0.8222874465420842
67480000	0.8898698163658381
67520000	0.8318554481968283
67560000	0.7388484927669168
67600000	0.6779607383236289
67640000	0.6423463077045977
67680000	0.586057005534321
67720000	0.5325352541506291
67760000	0.48940486484244466
67800000	0.49363639612942933
67840000	0.4556580893553793
67880000	0.43508200562521815
67920000	0.4682385487549007
67960000	0.41739752802997826
68000000	0.3709558089293539
68040000	0.37384463643208143
68080000	0.37624068982228637
68120000	0.3619088158071041
68160000	0.3506422311462462
68200000	0.31817419737130404
68240000	0.29982985781505705
68280000	0.29655285237059
68320000	0.2949781127385795
68360000	0.29049047903195024
68400000	0.27401588340997696
68440000	0.2798845422446728
68480000	0.2872324905201793
68520000	0.30100162327587604
68560000	0.30259452945142984
68600000	0.3146031984642148
68640000	0.3513353383809328
68680000	0.3291645211778581
68720000	0.3350859098993242
68760000	0.3132139542490244
68800000	0.2996100611515343
68840000	0.2664525489009917
68880000	0.2566435658402741
68920000	0.24740369485989214
68960000	0.2431010184623301
69000000	0.24929685316309333
69040000	0.2607154626712203
69080000	0.2410361329205334
69120000	0.2464942381128669
69160000	0.2116346454411745
69200000	0.2157850263684988
69240000	0.2170574569888413
69280000	0.21345136360153555
69320000	0.20015471398085355
69360000	0.19820248072445393
69400000	0.18115420887246728
69440000	0.1754471658669412
69480000	0.16973968518301843
69520000	0.17886308362856507
69560000	0.15775656821206213
69600000	0.16122324354723097
69640000	0.16656354411914945
69680000	0.1547183898691088
69720000	0.1557035556472838
69760000	0.14137816794365646
69800000	0.1374001391813159
69840000	0.1316956106964499
69880000	0.12518226764127613
69920000	0.12113563723936677
69960000	0.12064464006498456
70000000	0.12702783797085285
70040000	0.13806118969991804
70080000	0.14158553450107575
70120000	0.160370600309968
70160000	0.15907527224645018
70200000	0.16877613548561932
70240000	0.16338368129953743
70280000	0.2033522993400693
70320000	0.19757707484215498
70360000	0.2050742891587317
70400000	0.20790417143628
70440000	0.2200278214842081
70480000	0.23414166594669222
70520000	0.23933957116752863
70560000	0.25222950298711655
70600000	0.27040063543245196
70640000	0.27884405104368926
70680000	0.2866870084069669
70720000	0.28528281776607034
70760000	0.2738935373753309
70800000	0.25792958563044666
70840000	0.27052577230036257
70880000	0.25974800335764886
70920000	0.2645133579723537
70960000	0.291605908344686
71000000	0.2799699638321996
71040000	0.2824086686730385
71080000	0.2832763451449573
71120000	0.29544410755038264
71160000	0.31003285285010934
71200000	0.3328016618363559
71240000	0.32574329245463013
71280000	0.3379945144318044
71320000	0.3483222607448697
71360000	0.35240026602819563
71400000	0.3775212273158133
71440000	0.3974034493919462
71480000	0.41925311340391636
71520000	0.4406860344260931
71560000	0.46461775775924324
71600000	0.4776299760572612
71640000	0.460360547093302
71680000	0.4720822124913335
71720000	0.42056758410856127
71760000	0.4232328598894179
71800000	0.4003387394063175
71840000	0.3940415402568877
71880000	0.36426212061271074
71920000	0.35566175903230907
71960000	0.3417085125308484
72000000	0.33678612588867546
72040000	0.33927729261666534
72080000	0.3190004332177341
72120000	0.348441918348521
72160000	0.3324194096021354
72200000	0.3079905795700848
72240000	0.28590388489067553
72280000	0.27063918276689947
72320000	0.2605517438538372
72360000	0.2754941553398967
72400000	0.2811902784705162
72440000	0.2797665128901601
72480000	0.3006432233508676
72520000	0.32334561798125505
72560000	0.3121858769893646
72600000	0.3169192507788539
72640000	0.32167364685460925
72680000	0.3061063234210014
72720000	0.32614953988566997
72760000	0.3136210347063839
72800000	0.3238325879864395
72840000	0.32697109319642187
72880000	0.3059804303824902
72920000	0.3120620488613844
72960000	0.3458751307722181
73000000	0.3459844426013529
73040000	0.3460405908793211
73080000	0.3721788200967014
73120000	0.4023873409174383
73160000	0.43133363285958765
73200000	0.45710749557763336
73240000	0.44318502805791793
73280000	0.41724358204677703
73320000	0.44807817248962817
73360000	0.4513717438168824
73400000	0.447825929158181
73440000	0.5028984550267458
73480000	0.5296044064745307
73520000	0.5098110709853471
73560000	0.510803633904457
73600000	0.5091154475107789
73640000	0.536771066942066
73680000	0.534003571280092
73720000	0.5123044223688543
73760000	0.5235146004639566
73800000	0.5396883478678763
73840000	0.5254946068055928
73880000	0.5229805247731507
73920000	0.5407290228813887
73960000	0.5343831606663764
74000000	0.5121702507443726
74040000	0.5124703663937747
74080000	0.51271531599015
74120000	0.5112536939047277
74160000	0.523543862310797
74200000	0.5307347099661827
74240000	0.5743616518400609
74280000	0.5665069815248251
74320000	0.5835898183315993
74360000	0.5902284777440131
74400000	0.6362566440612077
74440000	0.6569509217627346
74480000	0.6466349087096751
74520000	0.629709236805141
74560000	0.592538014831394
74600000	0.5411606114942581
74640000	0.516097130074352
74680000	0.4861224726162851
74720000	0.5223940831385553
74760000	0.463895068757236
74800000	0.4805132137939334
74840000	0.425524120811373
74880000	0.3912799590058625
74920000	0.3354929660946131
74960000	0.32303949102908375
75000000	0.3075568427078426
75040000	0.2803290000215173
75080000	0.2681661794833839
75120000	0.2559050835736096
75160000	0.24040045477971433
75200000	0.22371488244608045
75240000	0.23265256223008038
75280000	0.2287502383686602
75320000	0.23559745747372507
75360000	0.2337335408039391
75400000	0.23097291686907412
75440000	0.2346222571723163
75480000	0.23073466723188757
75520000	0.237091321849823
75560000	0.21212356388047338
75600000	0.22268058535307647
75640000	0.2189909284979105
75680000	0.23519564128816128
75720000	0.2463825245477259
75760000	0.24905477712005378
75800000	0.27683349565118553
75840000	0.3000753865480423
75880000	0.29763650711253287
75920000	0.3015815818883479
75960000	0.2943803767681122
76000000	0.2854158087000251
76040000	0.28805439574047925
76080000	0.2800227443374693
76120000	0.28372709037959576
76160000	0.2838937481172383
76200000	0.3030683726683259
76240000	0.2994279737137258
76280000	0.301951571085304
76320000	0.3260495657078922
76360000	0.33269112963080405
76400000	0.3462131744906306
76440000	0.3551990075327456
76480000	0.36693873160481455
76520000	0.3740886615172029
76560000	0.3570035256315023
76600000	0.36085640835911037
76640000	0.36911489059627056
76680000	0.3795057311989367
76720000	0.40808078772872686
76760000	0.3937459599778056
76800000	0.39709835517033937
76840000	0.4287562774881721
76880000	0.41776043432578447
76920000	0.4269194925904274
76960000	0.43216642370447517
77000000	0.43365206679478285
77040000	0.41515167182162405
77080000	0.35931763543486595
77120000	0.35038225661888717
77160000	0.29129502984806893
77200000	0.28839587547928097
77240000	0.2731627403907478
77280000	0.2587588897354901
77320000	0.2521022686585784
77360000	0.26509101443067196
77400000	0.25774360500127075
77440000	0.24734780487790703
77480000	0.22576800360754132
77520000	0.22364751948192715
77560000	0.23119345387518406
77600000	0.22064116797596217
77640000	0.20653085580021144
77680000	0.20016531986072658
77720000	0.2047281733572483
77760000	0.2011159898392856
77800000	0.2113926422059536
77840000	0.21986818518415094
77880000	0.21119739735238255
77920000	0.20951746469698845
77960000	0.20891766291707753
78000000	0.2221993040435016
78040000	0.22383745700865984
78080000	0.22548629731088876
78120000	0.22021225237697362
78160000	0.2438103909023106
78200000	0.262446283364296
78240000	0.27878576469793914
78280000	0.2816263548061252
78320000	0.30452452000156044
78360000	0.3033193811763078
78400000	0.314032549777627
78440000	0.32272781544700263
78480000	0.3362304766707122
78520000	0.37881483260914683
78560000	0.38399728680849077
78600000	0.38335884526744485
78640000	0.3902397165827453
78680000	0.3835852993234992
78720000	0.3948332948662341
78760000	0.41920811939686536
78800000	0.4239233931697905
78840000	0.4540668277464807
78880000	0.47901015348359943
78920000	0.47956621418893336
78960000	0.4604044757992029
79000000	0.48189324896782637
79040000	0.4677525545939803
79080000	0.4660155765734613
79120000	0.4647197971343994
79160000	0.49768329107239845
79200000	0.48052185963466765
79240000	0.4916096719615161
79280000	0.5024367520757019
79320000	0.5082667157601565
79360000	0.5061204573012889
79400000	0.4723796216383576
79440000	0.46615085245519877
79480000	0.49533493145778773
79520000	0.5110362430334091
79560000	0.502600425273925
79600000	0.5212475447639823
79640000	0.5668150948747992
79680000	0.5585705706015229
79720000	0.6280205948777496
79760000	0.6478946263052523
79800000	0.6423179514490068
79840000	0.656427887108922
79880000	0.6179070826739073
79920000	0.6447262468963861
79960000	0.605437680145353
80000000	0.5704842490747571
80040000	0.5720271710723639
80080000	0.5871881514549255
80120000	0.6093131765633821
80160000	0.6016011241994799
80200000	0.5817675604924559
80240000	0.5673564843781292
80280000	0.5288278563447296
80320000	0.5119227696411311
80360000	0.4672312203943729
80400000	0.4381633847378194
80440000	0.39809441068768503
80480000	0.376624965967983
80520000	0.3709939475342631
80560000	0.38289796243011953
80600000	0.36130552558526396
80640000	0.3399979064054787
80680000	0.3251254014596343
80720000	0.3300542851127684
80760000	0.32223181176930665
80800000	0.3410425580687821
80840000	0.34598274247422817
80880000	0.3491800726264715
80920000	0.33718723741546275
80960000	0.3254883054576814
81000000	0.3338478639636189
81040000	0.3153896217368543
81080000	0.3041652243800461
81120000	0.3011990149624646
81160000	0.30520900486260655
81200000	0.32474001243561507
81240000	0.3182445196866989
81280000	0.3142754479970783
81320000	0.31633070072978736
81360000	0.33472880971506236
81400000	0.32286759388521313
81440000	0.30924795489162205
81480000	0.2892351102113724
81520000	0.29307891062125563
81560000	0.3043601020500064
81600000	0.2969427693940699
81640000	0.30669316922053697
81680000	0.31816842136383056
81720000	0.35335533223189414
81760000	0.355779928869009
81800000	0.36385383050516246
81840000	0.3659285593561828
81880000	0.36997014626637104
81920000	0.3615382682427764
81960000	0.35088184265717864
82000000	0.3551992063768208
82040000	0.3446320768740028
82080000	0.3584938431195915
82120000	0.37920170203223824
82160000	0.3469743797432631
82200000	0.35836946636512873
82240000	0.37894321314021945
82280000	0.40313790138363836
82320000	0.41097963000983
82360000	0.4132137347765267
82400000	0.4470198466181755
82440000	0.47958320751711725
82480000	0.468602550213784
82520000	0.43480324256941677
82560000	0.4163789260551333
82600000	0.3944377255305648
82640000	0.39640564393773675
82680000	0.3823607301346958
82720000	0.3738261125124991
82760000	0.3808976414456964
82800000	0.354425380525738
82840000	0.3362917616032064
82880000	0.34387231680005786
82920000	0.3122186807624996
82960000	0.30709955502301456
83000000	0.2941048716381192
83040000	0.2746963410437107
83080000	0.2488630935691297
83120000	0.23122296914234758
83160000	0.20033571756854654
83200000	0.19983122682273388
83240000	0.19618963584378363
83280000	0.1789269976094365
83320000	0.17867500863447786
83360000	0.1567629276126623
83400000	0.16258921250477434
83440000	0.1557291907891631
83480000	0.15322597307637334
83520000	0.1429646005347371
83560000	0.13280711796879768
83600000	0.1332536356575787
83640000	0.12501496887654065
83680000	0.12831654420010746
83720000	0.13383679459691047
83760000	0.13498076113648713
83800000	0.13442630669549108
83840000	0.1341048097997904
83880000	0.1402854555413127
83920000	0.14439817648082973
83960000	0.1508892124697566
84000000	0.16279070838578044
84040000	0.17666408112496138
84080000	0.16969042446874083
84120000	0.17529970838204026
84160000	0.176045908408612
84200000	0.18367806392759084
84240000	0.183283133418113
84280000	0.18242167602926493
84320000	0.19914599260985852
84360000	0.19608895014747976
84400000	0.18698273968920112
84440000	0.19375970975607634
84480000	0.20118938284888863
84520000	0.20512741071283816
84560000	0.2153450973510742
84600000	0.2103354928649962
84640000	0.20034990427419544
84680000	0.19188728462420404
84720000	0.18955821348056198
84760000	0.18582091106399895
84800000	0.17434554627612234
84840000	0.17933121330291033
84880000	0.17616868147924541
84920000	0.17009681767523288
84960000	0.17707747696042062
85000000	0.17451616883315146
85040000	0.17823331489935518
85080000	0.17862385784462095
85120000	0.17049064950942994
85160000	0.17170015444643796
85200000	0.1720337467998266
85240000	0.17613555536270142
85280000	0.19164985395744444
85320000	0.20202952656820417
85360000	0.20840707071498035
85400000	0.2288924554437399
85440000	0.24758312776088715
85480000	0.24489030559808017
85520000	0.260250057682395
85560000	0.26136050823926926
85600000	0.2608090980887413
85640000	0.2852577326077968
85680000	0.29169580977335574
85720000	0.29972527109421787
85760000	0.3180952112026513
85800000	0.3280704857386649
85840000	0.3152282675907016
85880000	0.3454336381211877
85920000	0.3452002082787454
85960000	0.3681249569669366
86000000	0.38692039623335006
86040000	0.39837924860194324
86080000	0.39559260919168593
86120000	0.41877632706463336
86160000	0.4241718278154731
86200000	0.4260444907628
86240000	0.4405916354674846
86280000	0.43532536481693385
86320000	0.4600487307824194
86360000	0.442253946826607
86400000	0.47314226509854196
86440000	0.45955491878539323
86480000	0.4456701139897108
86520000	0.42363259498253464
86560000	0.4631947322718799
86600000	0.46120310393199326
86640000	0.3726983121484518
86680000	0.3691593879900873
86720000	0.3224358942300081
86760000	0.2995297173961997
86800000	0.2846028114505112
86840000	0.278498038700223
86880000	0.24751708333343267
86920000	0.23321708196252586
86960000	0.24800545250363648
87000000	0.24519486498981713
87040000	0.2495236144155264
87080000	0.22676034143567086
87120000	0.23726063685379922
87160000	0.24113005707636476
87200000	0.2324595246374607
87240000	0.2013216360665858
87280000	0.21174063732773066
87320000	0.19924225302934648
87360000	0.1951131575278938
87400000	0.1946427892923355
87440000	0.18661137795187532
87480000	0.1912763159543276
87520000	0.1955396497026086
87560000	0.22754288814365864
87600000	0.23771298219040035
87640000	0.23908185702487827
87680000	0.24909220373108984
87720000	0.24170578512996435
87760000	0.23531963432729244
87800000	0.24573227996006608
87840000	0.2352210016772151
87880000	0.22882606277689338
87920000	0.24143181578069925
87960000	0.2372520360432565
88000000	0.25119245242774485
88040000	0.24935954099074006
88080000	0.24974772144630553
88120000	0.2607425503075123
88160000	0.2581518724769354
88200000	0.2657101582683623
88240000	0.2899878161441535
88280000	0.30847009025216104
88320000	0.3195497238725424
88360000	0.34070605869591236
88400000	0.34035801701918245
88440000	0.31085657570660113
88480000	0.27731758856773375
88520000	0.27132661406472325
88560000	0.27365054086372254
88600000	0.26044059412106874
88640000	0.23366644839309156
88680000	0.2291626412153244
88720000	0.22646486738398672
88760000	0.22842351693734528
88800000	0.21685771832466125
88840000	0.25208208196684717
88880000	0.24334777346625924
88920000	0.23753551346510648
88960000	0.2197290568999946
89000000	0.23006685364246368
89040000	0.21867737037688495
89080000	0.2145022969711572
89120000	0.23575953543707728
89160000	0.22480744256153704
89200000	0.23187542488873006
89240000	0.2142498495347798
89280000	0.22557725420296193
89320000	0.21443965996205808
89360000	0.22214134386479856
89400000	0.23123526902645827
89440000	0.2458717942751944
89480000	0.24479723950549961
89520000	0.24687988596931099
89560000	0.26999756754413246
89600000	0.29413594658263026
89640000	0.26082722916975615
89680000	0.2710471945364028
89720000	0.2603672846965492
89760000	0.23346619689203799
89800000	0.21896254900172352
89840000	0.19471078095957636
89880000	0.18289432817175985
89920000	0.17445070711523294
89960000	0.165694364323467
90000000	0.17085558082722127
90040000	0.17154379055425525
90080000	0.1591590680576861
90120000	0.15201066489964724
90160000	0.143999353479594
90200000	0.14647663722336293
90240000	0.14893177931346
90280000	0.15374975105449556
90320000	0.14357829281538725
90360000	0.1447597546748817
90400000	0.14788709064796568
90440000	0.15540094731524587
90480000	0.1687296885661781
90520000	0.1760457216758281
90560000	0.17496169866509736
90600000	0.17785945079103113
90640000	0.18421392959952354
90680000	0.17497930424883962
90720000	0.19675699161365628
90760000	0.19693231461420654
90800000	0.20430149714872242
90840000	0.21587916990891098
90880000	0.21459553790315986
90920000	0.22292165212631226
90960000	0.22346955952718853
91000000	0.2333693354099989
91040000	0.2460431524068117
91080000	0.23001928035765887
91120000	0.25111533523350954
91160000	0.2685797055788338
91200000	0.2644119904972613
91240000	0.25353924260139465
91280000	0.24012026129215955
91320000	0.2423193381343037
91360000	0.25374217448458075
91400000	0.26339212715625765
91440000	0.26162900945097206
91480000	0.27402241647988557
91520000	0.26266748298183085
91560000	0.301066312097013
91600000	0.28977781663760543
91640000	0.2923083297133446
91680000	0.3089438901104033
91720000	0.3137454765856266
91760000	0.33265537094399333
91800000	0.35349909856021405
91840000	0.3596177703745663
91880000	0.3829199569426477
91920000	0.3969092777647078
91960000	0.40436820536255835
92000000	0.43903304349258543
92040000	0.48861452092975377
92080000	0.5049992383241654
92120000	0.5258661317519844
92160000	0.4952253288269043
92200000	0.4947837803378701
92240000	0.5254827531307936
92280000	0.517251073858142
92320000	0.5591603761728853
92360000	0.5594999384365976
92400000	0.6266385971106588
92440000	0.5888492598965764
92480000	0.5664573563747108
92520000	0.5764128107525408
92560000	0.5659594147711993
92600000	0.5902699044987559
92640000	0.6095898384392262
92680000	0.6326562805645168
92720000	0.593807076973468
92760000	0.5791567254170775
92800000	0.5608126648575068
92840000	0.540912042555213
92880000	0.4910501183837652
92920000	0.4838176390208304
92960000	0.5062973883010446
93000000	0.48751239296793936
93040000	0.4598171961668879
93080000	0.4810893354222178
93120000	0.4625169641166925
93160000	0.47411932206973434
93200000	0.4371028979215771
93240000	0.3994466603346169
93280000	0.42609745543524624
93320000	0.40050675489604476
93360000	0.3904676102932543
93400000	0.39823764083124696
93440000	0.41598279679641126
93480000	0.40100484017133714
93520000	0.39740950482040643
93560000	0.39775358528569343
93600000	0.39890442533046006
93640000	0.4265054601214826
93680000	0.4261381437554955
93720000	0.4263903173558414
93760000	0.4172308575205505
93800000	0.41848889497071506
93840000	0.4133305893965065
93880000	0.42637637749686835
93920000	0.41498693650811913
93960000	0.4266034744784236
94000000	0.4508048954732716
94040000	0.42441808736473324
94080000	0.43239225985333324
94120000	0.4637926542773843
94160000	0.44567490566447376
94200000	0.47324864654168486
94240000	0.47874121967330574
94280000	0.464839334166795
94320000	0.4933423545833677
94360000	0.49288478326499463
94400000	0.5027364838831127
94440000	0.491681638097018
94480000	0.539777327388525
94520000	0.5716812203876674
94560000	0.5467433282993734
94600000	0.5680652424454689
94640000	0.5585743266068399
94680000	0.5575785367056727
94720000	0.5532156326532364
94760000	0.6007770285926759
94800000	0.5800857742078602
94840000	0.5516166891373694
94880000	0.5513418557092548
94920000	0.5161098417691886
94960000	0.5058880851201714
95000000	0.5025646409906447
95040000	0.5197816103294491
95080000	0.500412650448829
95120000	0.4863870973594487
95160000	0.4702045758903027
95200000	0.4563570778541267
95240000	0.506219535060972
95280000	0.45192470354735853
95320000	0.47303324754089116
95360000	0.45471617172807455
95400000	0.41236717165112496
95440000	0.4215344238214195
95480000	0.4038706831380725
95520000	0.39467728383913636
95560000	0.3837452332742512
95600000	0.37958551059514284
95640000	0.38731894441396
95680000	0.38340655862987044
95720000	0.39699074313864113
95760000	0.40024690191224216
95800000	0.42098337348774073
95840000	0.4290478557832539
95880000	0.4342071270041168
95920000	0.4323686177201569
95960000	0.447962492608279
96000000	0.42684516704082487
96040000	0.40580872279554603
96080000	0.42144119061119856
96120000	0.41228689845353367
96160000	0.4219839079618454
96200000	0.41578687632009387
96240000	0.43744546929076317
96280000	0.4499135644383728
96320000	0.45211080942302945
96360000	0.49013167447373274
96400000	0.5380318097643554
96440000	0.5759754012234509
96480000	0.5793021562218666
96520000	0.5818355536058545
96560000	0.5811116155646742
96600000	0.5869624288342893
96640000	0.5986319413781166
96680000	0.5828609525881707
96720000	0.5823277173005045
96760000	0.5829635388374329
96800000	0.6056819479212164
96840000	0.6168353013709188
96880000	0.6460347899377346
96920000	0.613287206172198
96960000	0.5962174997583032
97000000	0.5794586575604975
97040000	0.597818756518513
97080000	0.5929617526181042
97120000	0.6115430852137506
97160000	0.625207611194998
97200000	0.6024233054026962
97240000	0.6188825873322785
97280000	0.6301207588888704
97320000	0.6296770248651504
97360000	0.6109709483891725
97400000	0.6295549498513341
97440000	0.6449657536059618
97480000	0.663030754993856
97520000	0.6815725896708668
97560000	0.6725049960777163
97600000	0.6979633508011699
97640000	0.7280541217796505
97680000	0.730548862554133
97720000	0.7273731747794896
97760000	0.6989506412036717
97800000	0.7069043352119625
97840000	0.7017727516442537
97880000	0.6838518448062241
97920000	0.684615567652136
97960000	0.5945143080487847
98000000	0.5660365901917219
98040000	0.5268245452061295
98080000	0.5346360599838197
98120000	0.5153251474447549
98160000	0.48365943891629576
98200000	0.4857865176845342
98240000	0.41413914863467216
98280000	0.4285639832444489
98320000	0.40986901297718287
98360000	0.41141751028597356
98400000	0.3927494546338916
98440000	0.4158391726963222
98480000	0.36709569232836364
98520000	0.3912005044490099
98560000	0.38464336012750866
98600000	0.38662019429057837
98640000	0.39327114965170623
98680000	0.4058689157478511
98720000	0.41424694335535167
98760000	0.4055969609610736
98800000	0.4044596043817699
98840000	0.3997846439167857
98880000	0.4155585335560143
98920000	0.38770864860713483
98960000	0.3916867296822369
99000000	0.38473021392449736
99040000	0.37627068982571366
99080000	0.3861478768542409
99120000	0.3650234274245799
99160000	0.35778377035558223
99200000	0.35191860647425055
99240000	0.33628265628442167
99280000	0.30866223225444556
99320000	0.2904232603251934
99360000	0.28674254102930424
99400000	0.2741345091290772
99440000	0.2728347460083663
99480000	0.25379451625421645
99520000	0.25993218262419104
99560000	0.24617913552373646
99600000	0.2547080632738769
99640000	0.24746627097949386
99680000	0.2516936919301748
99720000	0.2566619139932096
99760000	0.2427265394926071
99800000	0.25588140936866405
99840000	0.2638138428620994
99880000	0.27221911521479486
99920000	0.28861000167429446
99960000	0.27410067652538417
100000000	0.3004769717283547
