240000	0.07214550078532193
280000	0.10625320108011364
320000	0.08252459037452936
360000	0.07244530446082353
400000	0.06754558375328779
440000	0.06454022895544767
480000	0.06425773879289627
520000	0.0590065634265542
560000	0.05655331654436886
600000	0.06030474568903446
640000	0.06633012272641063
680000	0.06271060250550509
720000	0.07015284711793066
760000	0.07719673051089049
800000	0.07683316935598851
840000	0.06743886292651295
880000	0.06876196405105293
920000	0.06321981386244296
960000	0.06351569600403309
1000000	0.06304771009162069
1040000	0.07411987932771444
1080000	0.07093251150250435
1120000	0.06440911163538694
1160000	0.07138640181720257
1200000	0.07369514184445143
1240000	0.0675400370374322
1280000	0.06498832544460893
1320000	0.06182633205130696
1360000	0.06586680374071002
1400000	0.06821753596886992
1440000	0.06499467217326164
1480000	0.06806637858375907
1520000	0.06740752606987953
1560000	0.06402684006169439
1600000	0.06680028440281749
1640000	0.06236088373288512
1680000	0.06252753263488411
1720000	0.06541570195630193
1760000	0.0687079853080213
1800000	0.06946069261506199
1840000	0.07370858823806048
1880000	0.08277049623429775
1920000	0.08759453420192004
1960000	0.0822416598841548
2000000	0.0857277606420219
2040000	0.08168395255878567
2080000	0.07536830792203546
2120000	0.07364793320819736
2160000	0.07862891803532839
2200000	0.07806196866258978
2240000	0.08304669156074523
2280000	0.08322326012775302
2320000	0.08376352226138115
2360000	0.09100346007198096
2400000	0.10400557642057538
2440000	0.10405687930211426
2480000	0.08743169012740254
2520000	0.09079177168607712
2560000	0.08775169193893671
2600000	0.10763817865625024
2640000	0.1022042849600315
2680000	0.09361698826551437
2720000	0.09602566948831082
2760000	0.09474013456553221
2800000	0.09972601116523147
2840000	0.09665182501599193
2880000	0.11254417234361172
2920000	0.119541763766855
2960000	0.11710299512892962
3000000	0.11093523544818162
3040000	0.11680477712079883
3080000	0.12938487107753754
3120000	0.1212007545657456
3160000	0.11364865886494517
3200000	0.11938663328960537
3240000	0.10966019781678915
3280000	0.1093685403212905
3320000	0.12732575181350111
3360000	0.16200146273225546
3400000	0.15223939628452063
3440000	0.14536412930935622
3480000	0.12860826754719018
3520000	0.130954821190238
3560000	0.13201619671136142
3600000	0.14918683247119188
3640000	0.12696192022040487
3680000	0.1400233100116253
3720000	0.1333102474063635
3760000	0.1378858133263886
3800000	0.13229515117108823
3840000	0.1107390599347651
3880000	0.10571183418184518
3920000	0.11876672798097133
3960000	0.11389513882845641
4000000	0.10771163438037037
4040000	0.12472531934827566
4080000	0.12554693762809038
4120000	0.13045760273635387
4160000	0.14209446979761123
4200000	0.14500933075994255
4240000	0.14080385679900645
4280000	0.1513383279338479
4320000	0.16194454223066568
4360000	0.1745945570588112
4400000	0.1694033226966858
4440000	0.17770960593372584
4480000	0.1524298922881484
4520000	0.15755607153773307
4560000	0.16900501483380795
4600000	0.16591651311963795
4640000	0.20589091357588768
4680000	0.20776676371991634
4720000	0.22003448477387427
4760000	0.21908268527388572
4800000	0.18890919288396835
4840000	0.2167831144079566
4880000	0.22502858441472054
4920000	0.21192707078903913
4960000	0.23159385415166617
5000000	0.2807598246589303
5040000	0.28986555726677177
5080000	0.21720267072170973
5120000	0.22191739746332168
5160000	0.20200818107277155
5200000	0.1549562880322337
5240000	0.15608778581023217
5280000	0.15591001810133456
5320000	0.1693028447121382
5360000	0.15491225249022245
5400000	0.15782571520358324
5440000	0.15758040594607592
5480000	0.1628634679570794
5520000	0.18182574850767852
5560000	0.18010726061314344
5600000	0.18217852171808482
5640000	0.17124639465659858
5680000	0.15958869764655828
5720000	0.18411396362036467
5760000	0.20301272395551204
5800000	0.1879842085674405
5840000	0.20630287679433823
5880000	0.18751161084622145
5920000	0.16925301180928945
5960000	0.1922078861758113
6000000	0.21114393294900655
6040000	0.2001244620591402
6080000	0.1867869911298156
6120000	0.20715841078460218
6160000	0.24755357511639595
6200000	0.24818794385045767
6240000	0.2676831683754921
6280000	0.27828860986232756
6320000	0.2546660732254386
6360000	0.24081210736334324
6400000	0.21999499670118094
6440000	0.28734774062782525
6480000	0.2616138318479061
6520000	0.268319737906754
6560000	0.26804547620862723
6600000	0.25644357240200044
6640000	0.21795328563153743
6680000	0.19663350871503354
6720000	0.1813266821846366
6760000	0.19110264388918877
6800000	0.17721561249941586
6840000	0.1682355213843286
6880000	0.1808029115408659
6920000	0.17476584354937078
6960000	0.20446992906928063
7000000	0.23258520341217517
7040000	0.2925502841159701
7080000	0.26899953146129846
7120000	0.23689175883829594
7160000	0.2117781073346734
7200000	0.2121728964269161
7240000	0.22843397966474294
7280000	0.21230759685337544
7320000	0.23827905796170235
7360000	0.22714621411412955
7400000	0.22467855107933282
7440000	0.22203247708827256
7480000	0.18548713086247445
7520000	0.18682662314623594
7560000	0.20561410588771104
7600000	0.2223907525613904
7640000	0.24388040310889483
7680000	0.2340770941823721
7720000	0.2537004006370902
7760000	0.28867956106886267
7800000	0.2792765323251486
7840000	0.28621593623310326
7880000	0.2916980206698179
7920000	0.30573360199034216
7960000	0.3222353115171194
8000000	0.2477556792140007
8040000	0.25234230998754503
8080000	0.27742262583374977
8120000	0.3055831141367555
8160000	0.3395304185375571
8200000	0.3185024899110198
8240000	0.300077523329854
8280000	0.3079083626791835
8320000	0.25988984017819167
8360000	0.1547208760842681
8400000	0.14360600335150958
8440000	0.14035477495193482
8480000	0.1319325685516
8520000	0.12951810132414102
8560000	0.1561024817571044
8600000	0.18141503028050066
8640000	0.17881653662770985
8680000	0.1877664674207568
8720000	0.16622569239735605
8760000	0.15653321701437234
8800000	0.18051101675331593
8840000	0.18392956170141697
8880000	0.17675815155133606
8920000	0.19894175000414252
8960000	0.22481495749354363
9000000	0.19409326868206261
9040000	0.1892109476223588
9080000	0.19290999727845193
9120000	0.17851215104013682
9160000	0.22252507679462433
9200000	0.20527121249437333
9240000	0.24767403599098325
9280000	0.2695955968603492
9320000	0.29904599265903237
9360000	0.32101155663728714
9400000	0.33142530233561995
9440000	0.32413444908708333
9480000	0.27898450090438126
9520000	0.21250948491692542
9560000	0.23992537241727113
9600000	0.27128080924078823
9640000	0.260894545173645
9680000	0.27902995295226574
9720000	0.3266833063095808
9760000	0.3218464296400547
9800000	0.2790086051180959
9840000	0.29709868210554125
9880000	0.3598946074903011
9920000	0.42012319748848675
9960000	0.4208830205231905
10000000	0.3971113738358021
10040000	0.3270678182721138
10080000	0.2195514312148094
10120000	0.16506700033396482
10160000	0.16141827104091644
10200000	0.1583049963116646
10240000	0.16724672769531607
10280000	0.17150839869379997
10320000	0.16314174593687059
10360000	0.15696711124032736
10400000	0.16471102615892888
10440000	0.1554955181017518
10480000	0.15597242775410414
10520000	0.1755010548338294
10560000	0.17725933549404144
10600000	0.18728051505535842
10640000	0.16689760248512028
10680000	0.17751359986960888
10720000	0.18080240594297647
10760000	0.19608391823768614
10800000	0.2069990305095911
10840000	0.2196358757071197
10880000	0.2505877260670066
10920000	0.26385103904902935
10960000	0.24369768137037753
11000000	0.19999133163392543
11040000	0.18553414239287377
11080000	0.1520964784309268
11120000	0.13912441312670706
11160000	0.1533764082968235
11200000	0.1438992998830974
11240000	0.13946683874875307
11280000	0.13754741750210522
11320000	0.12874693958610295
11360000	0.14471748450100422
11400000	0.14678058547228576
11440000	0.15728346951305866
11480000	0.1759604647949338
11520000	0.1696440648317337
11560000	0.17218423478901387
11600000	0.17171074845194817
11640000	0.18527850647568703
11680000	0.20016301862299443
11720000	0.18978564139753581
11760000	0.1701457198217511
11800000	0.17290742241442203
11840000	0.16186115308254956
11880000	0.21854930779635906
11920000	0.2380244112417102
11960000	0.2174338776037097
12000000	0.2370536749958992
12040000	0.29960386001467704
12080000	0.29929723207354547
12120000	0.2930596391052008
12160000	0.3012629202671349
12200000	0.24376598103791475
12240000	0.23994025829583407
12280000	0.17398060685247183
12320000	0.15292955475896597
12360000	0.14580718701630832
12400000	0.1392359929792583
12440000	0.15061058659106494
12480000	0.15794051828086375
12520000	0.16253217844069004
12560000	0.17023521120026708
12600000	0.1730025471225381
12640000	0.16466172458976508
12680000	0.1639261644899845
12720000	0.15985975867062807
12760000	0.16463477945774793
12800000	0.18907491522803901
12840000	0.20667283824533225
12880000	0.2334538938269019
12920000	0.2582706483051181
12960000	0.2807394073322415
13000000	0.2683142764598131
13040000	0.23246992646455764
13080000	0.23284417250454426
13120000	0.22883122159540653
13160000	0.22395553111284972
13200000	0.21223853558152914
13240000	0.225510210737586
13280000	0.1947126942783594
13320000	0.21272369713634254
13360000	0.216708820836246
13400000	0.24233548143208028
13440000	0.2885494690939784
13480000	0.28581962203383443
13520000	0.27183853319436313
13560000	0.26470907486379147
13600000	0.30085552815422417
13640000	0.33557063505500556
13680000	0.37542890340089796
13720000	0.3765949696213007
13760000	0.3864478367045522
13800000	0.3397333418734372
13840000	0.32844663866609336
13880000	0.37494536957591773
13920000	0.34377710786908866
13960000	0.3729988557264209
14000000	0.2851671005420387
14040000	0.37491599133759734
14080000	0.33251044884473085
14120000	0.2560889423817396
14160000	0.17467369342893363
14200000	0.14333773038983344
14240000	0.14408349551409483
14280000	0.13845323252007366
14320000	0.12959598313570023
14360000	0.1465833844035864
14400000	0.17467186202406884
14440000	0.18526696977317333
14480000	0.17896619261354207
14520000	0.2145768053561449
14560000	0.18741726215928792
14600000	0.16966346656233072
14640000	0.19251963377892972
14680000	0.21181339027136564
14720000	0.20343709980100394
14760000	0.21300895928293467
14800000	0.23106683263480662
14840000	0.19507834858596326
14880000	0.2313933539479971
14920000	0.22376301965266465
14960000	0.21923991897404194
15000000	0.237605683670938
15040000	0.24164847482740878
15080000	0.22597635666429997
15120000	0.19866164245978
15160000	0.24037347541600465
15200000	0.23651326095312833
15240000	0.28019582702368495
15280000	0.2793212147116661
15320000	0.33381914058923723
15360000	0.29525159249007704
15400000	0.26331580165475604
15440000	0.3267240603134036
15480000	0.3603254719689488
15520000	0.29189405050203204
15560000	0.3087819789916277
15600000	0.3501194510012865
15640000	0.38146694283783433
15680000	0.34085758000016214
15720000	0.33142138554379347
15760000	0.3451605657637119
15800000	0.4203233364492655
15840000	0.4325793210268021
15880000	0.5019907635360956
15920000	0.5543972194433212
15960000	0.45504109169244766
16000000	0.465548294133693
16040000	0.48620036941766737
16080000	0.5032088499724865
16120000	0.3910634693458676
16160000	0.2677180285990238
16200000	0.19324156473875045
16240000	0.1507975860387087
16280000	0.13955758371800184
16320000	0.14645114812999963
16360000	0.13834365821629763
16400000	0.141205297999084
16440000	0.1366595118701458
16480000	0.1365898539118469
16520000	0.14499479641616345
16560000	0.16565018519163133
16600000	0.1712583269149065
16640000	0.1676416407674551
16680000	0.17174447601586582
16720000	0.16801481968015433
16760000	0.17166328969448805
16800000	0.17141482433229685
16840000	0.1721315357506275
16880000	0.1860046134442091
16920000	0.2203721315599978
16960000	0.24122920544445514
17000000	0.21480954603999852
17040000	0.21251271357536317
17080000	0.2312803458288312
17120000	0.21277111392766238
17160000	0.23760070135742425
17200000	0.23597889750599862
17240000	0.24427294981479644
17280000	0.24363609723895788
17320000	0.3074506918147206
17360000	0.344461077055335
17400000	0.3802713650293648
17440000	0.39605891037359836
17480000	0.3699577815487981
17520000	0.4526597583711147
17560000	0.41712375603169205
17600000	0.3126742372602224
17640000	0.21087643006742002
17680000	0.17455932086408138
17720000	0.1583351701065898
17760000	0.1463279260009527
17800000	0.14615718255713583
17840000	0.13790503015220165
17880000	0.14289105463474988
17920000	0.13637668887972831
17960000	0.1500590309292078
18000000	0.15132623869180678
18040000	0.13541407654434442
18080000	0.13735465455055237
18120000	0.1513222575649619
18160000	0.15203874691724778
18200000	0.1783861671358347
18240000	0.21101318917497994
18280000	0.22977245876416563
18320000	0.23704697506576777
18360000	0.21576324811726807
18400000	0.23963368303626775
18440000	0.2224435928940773
18480000	0.20762529398947954
18520000	0.19086934074908496
18560000	0.22263974894210697
18600000	0.2255734020769596
18640000	0.25188433229923246
18680000	0.29293468906730413
18720000	0.287890479747951
18760000	0.2496547038063407
18800000	0.23309434526860714
18840000	0.2168172302439809
18880000	0.25786080011874435
18920000	0.3006254322305322
18960000	0.33462622299194333
19000000	0.3580742683619261
19040000	0.420546167588979
19080000	0.3988797843798995
19120000	0.5027790996477007
19160000	0.4321627751007676
19200000	0.3574018328905106
19240000	0.3419363360583782
19280000	0.3821849321037531
19320000	0.44684000098407267
19360000	0.44753990621566775
19400000	0.44608872434049845
19440000	0.4624457105785608
19480000	0.5329784403294325
19520000	0.5264224112391472
19560000	0.7064459599018097
19600000	0.6532190348729491
19640000	0.5511499024495482
19680000	0.4950798491746187
19720000	0.5340700404882431
19760000	0.5535826572924852
19800000	0.382445177192986
19840000	0.484915426056087
19880000	0.4644518985003233
19920000	0.47780252884328367
19960000	0.4698696968741715
20000000	0.5000216555342079
20040000	0.4362555348716676
20080000	0.48221799423098566
20120000	0.5210432522743941
20160000	0.5847754167445004
20200000	0.6404068783283233
20240000	0.6815460776716471
20280000	0.6852415098369121
20320000	0.6936139692880213
20360000	0.6861213754013181
20400000	0.6527997746929526
20440000	0.686957533377409
20480000	0.8302760926365852
20520000	0.753289034421742
20560000	0.6232115348786116
20600000	0.5727185461983084
20640000	0.6594863108202815
20680000	0.5682454032748938
20720000	0.42927159644514323
20760000	0.28188610997498037
20800000	0.16667121730148793
20840000	0.13099416900500654
20880000	0.14658284300863741
20920000	0.13897062939703464
20960000	0.12563563506379724
21000000	0.1384599703297019
21040000	0.14812472435161472
21080000	0.15256028398573399
21120000	0.1629740627259016
21160000	0.16574737941771744
21200000	0.16846045711785554
21240000	0.18578182483837008
21280000	0.22143558543697
21320000	0.22428643995821476
21360000	0.2535656317383051
21400000	0.21975850442349912
21440000	0.19768114833235742
21480000	0.17661998281478883
21520000	0.16815783968046308
21560000	0.183388837813586
21600000	0.21005564076006414
21640000	0.20303522711321711
21680000	0.19794437586069108
21720000	0.1912499726742506
21760000	0.20997108894586564
21800000	0.241768394652009
21840000	0.2141138318285346
21880000	0.2030077499270439
21920000	0.2104527597427368
21960000	0.1574846685424447
22000000	0.1541350611783564
22040000	0.13888713127076627
22080000	0.1438258503034711
22120000	0.1629484464213252
22160000	0.16918988670557739
22200000	0.1786509955264628
22240000	0.1740131609082222
22280000	0.16064050305932762
22320000	0.16263227404206992
22360000	0.16957849857211113
22400000	0.16876930746883154
22440000	0.17717397976666688
22480000	0.1827635793276131
22520000	0.18131990679949522
22560000	0.17904250843971967
22600000	0.16892736841142178
22640000	0.17963521128743887
22680000	0.1921842677526176
22720000	0.19190626986697315
22760000	0.2290796826377511
22800000	0.26870754423737525
22840000	0.24641238435208798
22880000	0.2984022811755538
22920000	0.2610316400945187
22960000	0.2581832421720028
23000000	0.25769982661902907
23040000	0.2781980963073671
23080000	0.32387556092739106
23120000	0.32622079342454674
23160000	0.32091454657018187
23200000	0.36817790794819594
23240000	0.34394420757293703
23280000	0.3400454932704568
23320000	0.30635522780269386
23360000	0.34547384461313485
23400000	0.41253133728951213
23440000	0.41378354927152394
23480000	0.4500325420305133
23520000	0.4492851708859205
23560000	0.43228188105374576
23600000	0.49907107354700564
23640000	0.4581249634370208
23680000	0.44036347255334257
23720000	0.41719887362346053
23760000	0.46648394613564015
23800000	0.5210890066877008
23840000	0.46698603082597256
23880000	0.5152051432937383
23920000	0.5150129569903016
23960000	0.5299379883013665
24000000	0.5329607191711664
24040000	0.574728039367497
24080000	0.5548301959976554
24120000	0.5596082345888018
24160000	0.4739723174378276
24200000	0.46591637081205844
24240000	0.5772118350572885
24280000	0.6534105134300887
24320000	0.6387569595322012
24360000	0.658178330476582
24400000	0.5795645463287831
24440000	0.512982110670954
24480000	0.3738472410276532
24520000	0.26473801178485157
24560000	0.17472910724282265
24600000	0.15050063403174282
24640000	0.12765650703608988
24680000	0.1218161449097097
24720000	0.1326225236222148
24760000	0.1383795527294278
24800000	0.1336982273362577
24840000	0.14729523414671422
24880000	0.14198621412813664
24920000	0.15559072800129653
24960000	0.16206218950003384
25000000	0.1680386778846383
25040000	0.16474196007326244
25080000	0.16159454497769474
25120000	0.19470081394836306
25160000	0.21313590565919877
25200000	0.18991383587270974
25240000	0.22692258134931326
25280000	0.2674473842352629
25320000	0.31049303266480566
25360000	0.3127988803766668
25400000	0.3102707699537277
25440000	0.3258613935507834
25480000	0.3492197829067707
25520000	0.39475615298226474
25560000	0.3355605238363147
25600000	0.31575649309530857
25640000	0.2572996072940528
25680000	0.199126600459218
25720000	0.2092162549957633
25760000	0.21574804435819386
25800000	0.1727783786073327
25840000	0.1393171987876296
25880000	0.1156403125204146
25920000	0.11353156909793616
25960000	0.11925558776184916
26000000	0.12568503826484084
26040000	0.13283804933950305
26080000	0.14475254355072975
26120000	0.13780450117364526
26160000	0.15949224898666142
26200000	0.16050579978972673
26240000	0.16409732899218799
26280000	0.16588868651613592
26320000	0.1469778182566166
26360000	0.1537737645626068
26400000	0.15898245437592268
26440000	0.16374433651268483
26480000	0.17422450076788665
26520000	0.16726451428532602
26560000	0.22253887358903884
26600000	0.20631854798793792
26640000	0.24432192494124175
26680000	0.24278496279343964
26720000	0.26227589266896245
26760000	0.2771690369978547
26800000	0.27706839405670763
26840000	0.29210151787102223
26880000	0.31491418575719
26920000	0.3295391583696008
26960000	0.3010836294285953
27000000	0.29893852894306183
27040000	0.2934257118977606
27080000	0.38467086056098343
27120000	0.35900000372081997
27160000	0.35655711770653725
27200000	0.3672483435831964
27240000	0.41985344870984553
27280000	0.5051216005019844
27320000	0.5017672890231013
27360000	0.44963611643239854
27400000	0.355075348483026
27440000	0.45563357713073493
27480000	0.48293273842185735
27520000	0.4572056217372417
27560000	0.4170224803440273
27600000	0.4428175367280841
27640000	0.5080205867506563
27680000	0.5426109787814319
27720000	0.45879822546988724
27760000	0.5448316599331796
27800000	0.5680341298922896
27840000	0.558267563084513
27880000	0.6163830570816994
27920000	0.571010011960566
27960000	0.6353826843932271
28000000	0.622826503802836
28040000	0.6415264116548002
28080000	0.6376833604045212
28120000	0.48273941327407954
28160000	0.44392301161289216
28200000	0.5016778718709946
28240000	0.49123691574931144
28280000	0.5574573195323348
28320000	0.5425656508699059
28360000	0.571676097176224
28400000	0.6378010416999459
28440000	0.6803324758492411
28480000	0.637659733864665
28520000	0.625875579880923
28560000	0.6163961346611381
28600000	0.662228005361557
28640000	0.7420856412924827
28680000	0.8988987512812019
28720000	0.9507783518128097
28760000	0.9127917020395399
28800000	0.6726281410515308
28840000	0.40515523661449554
28880000	0.16920162344947456
28920000	0.11127138732597232
28960000	0.10950454044491052
29000000	0.10889839791432022
29040000	0.10598685896843672
29080000	0.11012199719250203
29120000	0.10812371209934354
29160000	0.1096473724193871
29200000	0.10640661976188422
29240000	0.11930226301252841
29280000	0.13934673579409718
29320000	0.12459140444099903
29360000	0.13269352548494934
29400000	0.15227869721874596
29440000	0.15968105482012032
29480000	0.16571758041903376
29520000	0.15639075006470085
29560000	0.2027853799469769
29600000	0.1834614175066352
29640000	0.18246944195851683
29680000	0.20833923793658615
29720000	0.236129956099391
29760000	0.2552261577896774
29800000	0.24038180339336396
29840000	0.23392851930484176
29880000	0.20879630609825253
29920000	0.2029524168767035
29960000	0.2020449346229434
30000000	0.17968699610829353
30040000	0.14496847928985954
30080000	0.10953256916180253
30120000	0.10524948216080665
30160000	0.1072338337779045
30200000	0.11191627174541355
30240000	0.1170004980765283
30280000	0.10590592069849372
30320000	0.11442438234016299
30360000	0.11347389021739364
30400000	0.13405391997769475
30440000	0.14606707929670812
30480000	0.1402734440576285
30520000	0.15394353036656977
30560000	0.15261700136512518
30600000	0.17323426479846238
30640000	0.19560188072919846
30680000	0.23485404647961258
30720000	0.24030652867481112
30760000	0.21878673151284456
30800000	0.19945972294062375
30840000	0.20560841286182405
30880000	0.22100464837923647
30920000	0.20785356804430485
30960000	0.22976121136024594
31000000	0.26537929892390966
31040000	0.3683644519492984
31080000	0.4220066541224718
31120000	0.3661201976917684
31160000	0.332272480840981
31200000	0.34613978888615965
31240000	0.31387482422068713
31280000	0.2787595162525773
31320000	0.29066969152763483
31360000	0.20755344441235066
31400000	0.19217773196026683
31440000	0.14407151895314455
31480000	0.12092136520370841
31520000	0.11790033332630992
31560000	0.11179839553236962
31600000	0.11753833967149258
31640000	0.12500071239992977
31680000	0.13197502880617976
31720000	0.14099435546770692
31760000	0.12813147281110288
31800000	0.1351601083956659
31840000	0.1387273695461452
31880000	0.12325321232825517
31920000	0.13662125769406558
31960000	0.13992411120310425
32000000	0.16203644039034842
32040000	0.18407687815576793
32080000	0.2075249831907451
32120000	0.1960870967015624
32160000	0.21446931694969534
32200000	0.24188605680987238
32240000	0.23424693134874106
32280000	0.21832246702834965
32320000	0.1990561275973916
32360000	0.213944234097749
32400000	0.23392230195701122
32440000	0.24158534494265915
32480000	0.2697644955158234
32520000	0.2744664334945381
32560000	0.2682344688035548
32600000	0.2523644991576672
32640000	0.21346183403655886
32680000	0.19894252275824548
32720000	0.15642724605947733
32760000	0.11184803806170822
32800000	0.09750439249500632
32840000	0.09760908937975764
32880000	0.09564275343492627
32920000	0.09604888883754611
32960000	0.10396352550685406
33000000	0.10660052998363971
33040000	0.11398787281289696
33080000	0.11432251385897398
33120000	0.10501194042786956
33160000	0.10802915418073535
33200000	0.12057519889995456
33240000	0.15596253402829172
33280000	0.16868071314319968
33320000	0.1616095228344202
33360000	0.17256484920829535
33400000	0.17697035726383328
33440000	0.17972303178086876
33480000	0.18534649832993746
33520000	0.19748660368397833
33560000	0.23014148589223624
33600000	0.2199372848600149
33640000	0.23771943280398847
33680000	0.2370248811326921
33720000	0.2930427949965
33760000	0.26013245541751384
33800000	0.2388655971325934
33840000	0.297631319706887
33880000	0.2998177773401141
33920000	0.2852075576379895
33960000	0.3387544129781425
34000000	0.38796256010457875
34040000	0.461560093755275
34080000	0.4788072995997965
34120000	0.4737455972619355
34160000	0.44958977526053784
34200000	0.43156039173528554
34240000	0.4610591192111373
34280000	0.4970587101444602
34320000	0.5217599214933812
34360000	0.5310238074779511
34400000	0.41334107619076965
34440000	0.19949703585356474
34480000	0.12093969909027219
34520000	0.09394517138749361
34560000	0.09136211066842079
34600000	0.08969671137407421
34640000	0.0878758253455162
34680000	0.0926082749120891
34720000	0.09939441017955541
34760000	0.10786800342649222
34800000	0.11213463501632213
34840000	0.11171111960038543
34880000	0.12698930122032762
34920000	0.13827222977355122
34960000	0.12896891105398536
35000000	0.14922423023283482
35040000	0.14891920784413815
35080000	0.1490631667509675
35120000	0.15359212209656833
35160000	0.1635237248815596
35200000	0.15552705613970758
35240000	0.18537526880800725
35280000	0.21215670143067836
35320000	0.2304174484550953
35360000	0.24551547834575177
35400000	0.24407811190336942
35440000	0.31706886040195825
35480000	0.2946619960509241
35520000	0.2392974808111787
35560000	0.25346282454952596
35600000	0.3021066270507872
35640000	0.33941146459355953
35680000	0.33705819685421884
35720000	0.37972358733043077
35760000	0.34711124759539963
35800000	0.37778013413250444
35840000	0.36350412530824544
35880000	0.3048106343649328
35920000	0.29965128259286283
35960000	0.31611157703772186
36000000	0.2733771150752902
36040000	0.24514578744620086
36080000	0.2877047952368855
36120000	0.2154549142062664
36160000	0.1570512458279729
36200000	0.11659407765716315
36240000	0.13093098474219442
36280000	0.12985167810320855
36320000	0.11100322682671249
36360000	0.09285390290915967
36400000	0.09008446742370725
36440000	0.08542991565689445
36480000	0.08930785887688399
36520000	0.08547951093651354
36560000	0.08123458498492837
36600000	0.0999358084924519
36640000	0.10426204593777656
36680000	0.11366897163540125
36720000	0.12647375141084194
36760000	0.1329081740528345
36800000	0.1216845211610198
36840000	0.14970067234262824
36880000	0.17563159907534717
36920000	0.15615959943532945
36960000	0.17952021075561642
37000000	0.21192137872576713
37040000	0.19317470500841738
37080000	0.19039977748990058
37120000	0.18590604626461862
37160000	0.22408038752116263
37200000	0.26314792500212786
37240000	0.25380452326610686
37280000	0.23749913044124843
37320000	0.22538978539705276
37360000	0.23468276039138436
37400000	0.21170479509159923
37440000	0.21463583589866758
37480000	0.20193870956003665
37520000	0.22233328127190471
37560000	0.24868143994510175
37600000	0.19796296524479987
37640000	0.1966391166627407
37680000	0.16195544668659567
37720000	0.15177171303108333
37760000	0.1257134995341301
37800000	0.11473206459134817
37840000	0.11681757207065821
37880000	0.11874522546827793
37920000	0.10791969260945916
37960000	0.12382772020697594
38000000	0.1426738213405013
38040000	0.13984241868779063
38080000	0.14590099375918508
38120000	0.15557649747356772
38160000	0.2011416121199727
38200000	0.2168755164731294
38240000	0.18006992562040686
38280000	0.18453748001754283
38320000	0.19227606479376555
38360000	0.20364981567263604
38400000	0.21129926253929734
38440000	0.20475214457288385
38480000	0.19596927227973937
38520000	0.20005268487855793
38560000	0.1900310658186674
38600000	0.20545955987013875
38640000	0.21813054945021867
38680000	0.24243233091011643
38720000	0.26948900546357035
38760000	0.2478296447902918
38800000	0.262830706628412
38840000	0.2679324433341622
38880000	0.2731381261624396
38920000	0.3050521888948977
38960000	0.35301510585770013
39000000	0.35869600559920073
39040000	0.4330679105706513
39080000	0.4398034710161388
39120000	0.4433380255907774
39160000	0.45200791925042866
39200000	0.4173054012797773
39240000	0.42803259244710207
39280000	0.40273838663473727
39320000	0.42436677746362983
39360000	0.45227292769402266
39400000	0.5132886266414076
39440000	0.45891519040986894
39480000	0.46444757434800266
39520000	0.4240151815004647
39560000	0.40028918010517955
39600000	0.3338103314228356
39640000	0.3217004444688559
39680000	0.2042624601997435
39720000	0.17343692610934378
39760000	0.17279298224523665
39800000	0.14576253595203162
39840000	0.15409207566529512
39880000	0.17453354065790772
39920000	0.18905526629313826
39960000	0.20608089532405138
40000000	0.19389038520902396
40040000	0.19442739330381156
40080000	0.1786404381722212
40120000	0.18311072344258428
40160000	0.20568187994733453
40200000	0.2298917114466429
40240000	0.2121638013780117
40280000	0.24763620606139303
40320000	0.2957993175461888
40360000	0.29734666916504504
40400000	0.27094423821121455
40440000	0.2667340438738465
40480000	0.24849659695029258
40520000	0.2742476754426956
40560000	0.28053392888531087
40600000	0.2748245801217854
40640000	0.29196241399645806
40680000	0.3099441499881446
40720000	0.29669189574643967
40760000	0.31798272258788346
40800000	0.30172694379463794
40840000	0.28700188712254165
40880000	0.2536350864857435
40920000	0.23197772092819213
40960000	0.16932812538295985
41000000	0.12226272695176303
41040000	0.08939679770879448
41080000	0.08945399908944965
41120000	0.07931296537593006
41160000	0.08276570609584451
41200000	0.08852705506123602
41240000	0.09524000330120325
41280000	0.1166628986377269
41320000	0.1172567421939224
41360000	0.14392464459612966
41400000	0.15798008991852402
41440000	0.15412812583595514
41480000	0.1607212936170399
41520000	0.16803462484925985
41560000	0.17366996998116374
41600000	0.1625393123537302
41640000	0.1628705050982535
41680000	0.16327097728699447
41720000	0.1821113982245326
41760000	0.2138564732015133
41800000	0.21800714885815978
41840000	0.24679093844145536
41880000	0.27202329708486794
41920000	0.16490277679413556
41960000	0.09668670564070345
42000000	0.09555353665426373
42040000	0.09380793610289694
42080000	0.09463091564029455
42120000	0.09295059457719326
42160000	0.09383645555153489
42200000	0.1113899310193956
42240000	0.14004395186528565
42280000	0.1551600483626127
42320000	0.1504450815089047
42360000	0.13414041257798673
42400000	0.13955943368449808
42440000	0.15556420135349036
42480000	0.17173611774742603
42520000	0.18353127458021046
42560000	0.23818337668776512
42600000	0.2623252200871706
42640000	0.24403609056025743
42680000	0.27004202286526563
42720000	0.28923984158113597
42760000	0.2776157386481762
42800000	0.2810321755670011
42840000	0.2872750088229775
42880000	0.27293076338618993
42920000	0.2765726626519114
42960000	0.28961825327351687
43000000	0.28499244513511657
43040000	0.23890338553264737
43080000	0.20556215588524937
43120000	0.15046986091658474
43160000	0.11313045642971993
43200000	0.09856766002699732
43240000	0.09050042410492896
43280000	0.09485929636135697
43320000	0.0939371867261827
43360000	0.09197036582529544
43400000	0.09910506203249096
43440000	0.11312615774795413
43480000	0.13066523703709246
43520000	0.13043597241342067
43560000	0.1295299341596663
43600000	0.1377828541278839
43640000	0.17849530406817793
43680000	0.17595559868216515
43720000	0.2021874028481543
43760000	0.1813071261845529
43800000	0.16958778993710877
43840000	0.2120641712382436
43880000	0.25573610111624
43920000	0.3060768761381507
43960000	0.3007126631997526
44000000	0.25086208900436757
44040000	0.24115848944336177
44080000	0.24051251723617315
44120000	0.26172766780778767
44160000	0.2731470453955233
44200000	0.3149189771093428
44240000	0.35331777965947986
44280000	0.37657781320959327
44320000	0.37806279655992986
44360000	0.41264402361474933
44400000	0.3890884202264249
44440000	0.28298017532750963
44480000	0.17726341102570295
44520000	0.13854648059904576
44560000	0.12013024555891752
44600000	0.08485467527210712
44640000	0.07705807796865702
44680000	0.08097740186750889
44720000	0.08072042071595788
44760000	0.0912433065354824
44800000	0.0944031024377793
44840000	0.11623069386482239
44880000	0.127549394787848
44920000	0.1450588625844568
44960000	0.18111479436010122
45000000	0.15607286505252124
45040000	0.17111168064177038
45080000	0.2202390910513699
45120000	0.21162306620702148
45160000	0.24025774410814046
45200000	0.24967858402878046
45240000	0.2911124658674002
45280000	0.3022174176387489
45320000	0.3128517037421465
45360000	0.3171859870798886
45400000	0.3770719563819468
45440000	0.3596056084126234
45480000	0.3799537477836013
45520000	0.42516572823189197
45560000	0.39844432379901407
45600000	0.34453160437345504
45640000	0.33935047838538884
45680000	0.3084650275535882
45720000	0.2491681433223188
45760000	0.14949081335514783
45800000	0.13631107012927532
45840000	0.10567660604044796
45880000	0.09284741049557925
45920000	0.08904151868484915
45960000	0.08525669495239854
46000000	0.08972055604159831
46040000	0.08872410217784345
46080000	0.09833528712540865
46120000	0.11792876930236816
46160000	0.15175014555379748
46200000	0.1834698728621006
46240000	0.16757802576646208
46280000	0.17673048890680074
46320000	0.18165692801773548
46360000	0.19894906614795327
46400000	0.22466166374087335
46440000	0.21779333570748569
46480000	0.19915015986561777
46520000	0.19258346917405725
46560000	0.22851961841583252
46600000	0.26196082817092536
46640000	0.25446879327967764
46680000	0.29178992250859737
46720000	0.3153993556134403
46760000	0.30270421792641283
46800000	0.3201799035422504
46840000	0.36397421365231275
46880000	0.3743617557361722
46920000	0.3236965848904103
46960000	0.258436899984628
47000000	0.2714079249128699
47040000	0.2194812456086278
47080000	0.1998729283042252
47120000	0.16671899218410255
47160000	0.12178846742883324
47200000	0.11991625648885966
47240000	0.10258292547091842
47280000	0.11088060912266373
47320000	0.10556945272833108
47360000	0.09564317544698715
47400000	0.11283355892002582
47440000	0.12079252437949181
47480000	0.1286374923784286
47520000	0.14928548589125276
47560000	0.15547345671653748
47600000	0.16130821844488383
47640000	0.17502298559919
47680000	0.17989144978448748
47720000	0.1918776650607586
47760000	0.2056149474941194
47800000	0.19221511061042548
47840000	0.20691126395687462
47880000	0.22298987974077464
47920000	0.2588563038915396
47960000	0.2663067923262715
48000000	0.3171582031391561
48040000	0.3459373447269201
48080000	0.3424141680330038
48120000	0.3327504935242236
48160000	0.39493147989735006
48200000	0.3480944907337427
48240000	0.3036185602217913
48280000	0.379799464301765
48320000	0.3900196072563529
48360000	0.4213189500048757
48400000	0.4040621942125261
48440000	0.4420796552166343
48480000	0.4723059282630682
48520000	0.48236902789473535
48560000	0.40830899889841676
48600000	0.42662420844063165
48640000	0.5249475951619447
48680000	0.43485242398008705
48720000	0.44655491087585686
48760000	0.530026628472656
48800000	0.5257244581542909
48840000	0.5328434654317796
48880000	0.5154797041289508
48920000	0.444802975717932
48960000	0.468655517167598
49000000	0.5202169510811567
49040000	0.4856113489426672
49080000	0.4179246665343642
49120000	0.3551376541376114
49160000	0.26918079770579934
49200000	0.2152446979291737
49240000	0.1587177008792758
49280000	0.15161803127080203
49320000	0.15688198619410396
49360000	0.15015552695542575
49400000	0.1305064196139574
49440000	0.13965336046516896
49480000	0.12737866722419858
49520000	0.13767965390346945
49560000	0.13972736960053445
49600000	0.14812998880669476
49640000	0.15197631809189915
49680000	0.15976917789131403
49720000	0.174955788847059
49760000	0.1884274966403842
49800000	0.18249066673927009
49840000	0.18512169339582324
49880000	0.17985207591280342
49920000	0.15827661258280276
49960000	0.18488927226737142
50000000	0.1796289749905467
50040000	0.19801550213769079
50080000	0.2138477250829339
50120000	0.22077200256437063
50160000	0.22239559230953454
50200000	0.2482126040659845
50240000	0.30008611126318574
50280000	0.2946294741541147
50320000	0.40043469044193625
50360000	0.3816096492141485
50400000	0.42486272604689
50440000	0.3704018881998956
50480000	0.38826121570542454
50520000	0.3947378123831004
50560000	0.46331932520717384
50600000	0.38595978038907053
50640000	0.30051862032562493
50680000	0.14471740280091763
50720000	0.09809572902582586
50760000	0.08913123580962419
50800000	0.07397396037131548
50840000	0.0733179219417274
50880000	0.08523866764008999
50920000	0.07457602159529925
50960000	0.07854125789105892
51000000	0.09205757304802537
51040000	0.0968606157630682
51080000	0.10361534193605185
51120000	0.10899427799098194
51160000	0.12828219590261578
51200000	0.12790352715961636
51240000	0.11001695894934237
51280000	0.10370668592825531
51320000	0.12142896915338934
51360000	0.1324326560150832
51400000	0.11790076308324933
51440000	0.10835942416191101
51480000	0.13843408580981195
51520000	0.17262272975556553
51560000	0.19626467832513153
51600000	0.2081669747389853
51640000	0.24344420997202396
51680000	0.26060807907246053
51720000	0.24485394560098647
51760000	0.22335123455524444
51800000	0.254432874301821
51840000	0.3265862275443971
51880000	0.3679961174957454
51920000	0.4235631848856807
51960000	0.37624350619018077
52000000	0.2684633717324585
52040000	0.1580237417422235
52080000	0.12143769812062383
52120000	0.08209296526908874
52160000	0.06499034464806318
52200000	0.06886375697851181
52240000	0.06967486280575394
52280000	0.07391775406710803
52320000	0.08374066423065961
52360000	0.06781476654186845
52400000	0.07132066530138254
52440000	0.06655948459580541
52480000	0.07194653676487506
52520000	0.08328499570637941
52560000	0.1047830489359796
52600000	0.10336578182056547
52640000	0.11126120991818607
52680000	0.14009925203733145
52720000	0.15535272908806802
52760000	0.18381177732907236
52800000	0.21613526186831294
52840000	0.2648223269879818
52880000	0.25067484542690216
52920000	0.2522001014456153
52960000	0.3013813835173845
53000000	0.360819940341264
53040000	0.30987191877774894
53080000	0.3209965843476355
53120000	0.3085621140487492
53160000	0.2750335675112903
53200000	0.33900815466120837
53240000	0.4214654973141849
53280000	0.4956051302969456
53320000	0.44194847299270335
53360000	0.4336774303406477
53400000	0.4246330319330096
53440000	0.3919258110575378
53480000	0.191990317036584
53520000	0.10001128324605525
53560000	0.07602606045976282
53600000	0.06448933320306241
53640000	0.06773620197027921
53680000	0.07008481667861342
53720000	0.0753878446020186
53760000	0.0761953020054847
53800000	0.07525558787062764
53840000	0.0786179141510278
53880000	0.09051937721520663
53920000	0.09566352181695402
53960000	0.09981691141389311
54000000	0.1079838758379221
54040000	0.09595376949459314
54080000	0.11368348017781973
54120000	0.11172900479100645
54160000	0.11330857427790761
54200000	0.1344131970845163
54240000	0.14321926825232803
54280000	0.1797849419116974
54320000	0.1791344926133752
54360000	0.15478407082483173
54400000	0.15301647675335409
54440000	0.16659451351836324
54480000	0.22143136666044594
54520000	0.26889694239236417
54560000	0.26423917998969554
54600000	0.31655778487846253
54640000	0.3242789172045887
54680000	0.26860627504661677
54720000	0.17291872420012952
54760000	0.10667984294742346
54800000	0.06967399763464928
54840000	0.06244723320417106
54880000	0.06404569334946572
54920000	0.0627320824611932
54960000	0.06736678015626966
55000000	0.06762927736714483
55040000	0.07447105562053621
55080000	0.07274708658084274
55120000	0.08145937731862068
55160000	0.08283601273372769
55200000	0.09267968485206365
55240000	0.11020739938430488
55280000	0.1261494816996157
55320000	0.13994168624915182
55360000	0.152952977643162
55400000	0.20542840171977877
55440000	0.21987818906083703
55480000	0.20035025523900984
55520000	0.2105268498633057
55560000	0.21458059816360472
55600000	0.22544654691889882
55640000	0.21200156734660267
55680000	0.2612201851699501
55720000	0.27238343729414044
55760000	0.27809418352767823
55800000	0.32690528470538555
55840000	0.3255238487102091
55880000	0.3262859439987689
55920000	0.35029118751212956
55960000	0.33034396736845373
56000000	0.35958785178214314
56040000	0.41718193799480796
56080000	0.4231862520441413
56120000	0.3923761194143444
56160000	0.3648861422277987
56200000	0.3429832932300866
56240000	0.36720822078958154
56280000	0.435772832461074
56320000	0.4997673581566662
56360000	0.4841885788422078
56400000	0.27768827249258754
56440000	0.13380745721384882
56480000	0.0883705429598689
56520000	0.07229573512077332
56560000	0.07157074857652188
56600000	0.06707989899665118
56640000	0.0690226077441126
56680000	0.07174123596809805
56720000	0.07417670744024217
56760000	0.07257782680541278
56800000	0.08907801350206136
56840000	0.10093721442632377
56880000	0.1313036759965122
56920000	0.1484386750333011
56960000	0.16537920562401415
57000000	0.174298372098431
57040000	0.16435288186445832
57080000	0.17239849601387977
57120000	0.1879917087007314
57160000	0.19230197885259986
57200000	0.19607027826458215
57240000	0.1979482893060893
57280000	0.2209130348905921
57320000	0.21872140862569212
57360000	0.22540563551262022
57400000	0.24654623157642783
57440000	0.2675335257746279
57480000	0.3182597186986357
57520000	0.3035004817266017
57560000	0.35373010011538863
57600000	0.34065609332956376
57640000	0.36998620592467485
57680000	0.35377050381824376
57720000	0.32397198926433923
57760000	0.2952540660507977
57800000	0.16418286804258822
57840000	0.10862513767145573
57880000	0.07234988631941378
57920000	0.06557165488153696
57960000	0.06279058806300163
58000000	0.06791913178712129
58040000	0.06247125617004931
58080000	0.06637392973639071
58120000	0.06846858966499567
58160000	0.0837928120367229
58200000	0.09666310610920191
58240000	0.10774693563058972
58280000	0.1098925490885973
58320000	0.1212490349996835
58360000	0.11929991298206151
58400000	0.1085069104552269
58440000	0.11407477629333734
58480000	0.15111552030853928
58520000	0.1591900937382132
58560000	0.14764485791735352
58600000	0.1628536360632628
58640000	0.19109175943657755
58680000	0.20462602443285285
58720000	0.1986918326459825
58760000	0.19949064166434108
58800000	0.2324862155225128
58840000	0.2495674907796085
58880000	0.2235451335206628
58920000	0.24185774394758044
58960000	0.2832408875863999
59000000	0.28947732621990147
59040000	0.347364388172701
59080000	0.36616295081824063
59120000	0.36289779661335053
59160000	0.3228346094459295
59200000	0.3700736828327179
59240000	0.40111254862621426
59280000	0.43361503005288543
59320000	0.4415768957283348
59360000	0.4365521242491901
59400000	0.45897281125076117
59440000	0.488134487862885
59480000	0.5213940109092742
59520000	0.5663607787642628
59560000	0.5934735282436013
59600000	0.560763502984494
59640000	0.5075746575675905
59680000	0.5344578664980829
59720000	0.5744723504398018
59760000	0.6298892587497831
59800000	0.3854354678183794
59840000	0.22034461204372346
59880000	0.1407210765797645
59920000	0.10330390907302499
59960000	0.07437730884961784
60000000	0.06691126758567989
60040000	0.07064756073951721
60080000	0.07156809374429285
60120000	0.06884471523910761
60160000	0.088466169693321
60200000	0.0996981410562992
60240000	0.1038561226900667
60280000	0.10262588967382907
60320000	0.09292287439443171
60360000	0.08962828085869551
60400000	0.08732576712146402
60440000	0.1090351968601346
60480000	0.11359518029168249
60520000	0.1115190971840173
60560000	0.15032039857134222
60600000	0.15146646302714944
60640000	0.1719125904224813
60680000	0.18644585690572857
60720000	0.19444598455280065
60760000	0.23258100645393134
60800000	0.2669988068174571
60840000	0.2673701555401087
60880000	0.2798020212624222
60920000	0.28331569819934665
60960000	0.2857188622560352
61000000	0.2966818298488855
61040000	0.3151232195045799
61080000	0.3377860579773784
61120000	0.35532846438139676
61160000	0.31944208530187607
61200000	0.36101891258656976
61240000	0.39942390997596083
61280000	0.399079970953241
61320000	0.4192345512636006
61360000	0.4643158471833915
61400000	0.5040530347667634
61440000	0.5267142400737852
61480000	0.5194728821512312
61520000	0.352842722068727
61560000	0.17855266065225006
61600000	0.10517568590082228
61640000	0.07126497296057642
61680000	0.0637240643043071
61720000	0.06396295223496855
61760000	0.06913143192455172
61800000	0.07649562013447285
61840000	0.08213781057149172
61880000	0.08188353000953794
61920000	0.08722642099410295
61960000	0.09142767306491732
62000000	0.09845511407926678
62040000	0.09752715076357127
62080000	0.1054178501613438
62120000	0.10709398086443543
62160000	0.10893046450093388
62200000	0.10860754642151296
62240000	0.13456473565660418
62280000	0.1696945991296321
62320000	0.19408225741684437
62360000	0.22422017814069986
62400000	0.24724988507181406
62440000	0.19841897381991147
62480000	0.2264846183091402
62520000	0.2761063027076423
62560000	0.25314386355280877
62600000	0.23367908217087388
62640000	0.2250285024650395
62680000	0.23617342937961222
62720000	0.2741793708458543
62760000	0.32247552533075213
62800000	0.3350461903616786
62840000	0.31895057433918117
62880000	0.403292342017591
62920000	0.3775664053667337
62960000	0.3836947057083249
63000000	0.44439610660895706
63040000	0.5021029342897236
63080000	0.5143348277680576
63120000	0.4972289748467505
63160000	0.486848418270424
63200000	0.5565536952085793
63240000	0.5741893216490745
63280000	0.6075479311548173
63320000	0.4930647046610713
63360000	0.5188219758138061
63400000	0.5920723726265132
63440000	0.6746000146582722
63480000	0.6863470848187804
63520000	0.6961222964242101
63560000	0.5966776671499013
63600000	0.6381874349333346
63640000	0.6554508724745363
63680000	0.6530874807730317
63720000	0.6663356879994273
63760000	0.6379713054835796
63800000	0.43105823479294775
63840000	0.22092340965121984
63880000	0.12114189156405628
63920000	0.08235304372534157
63960000	0.07908439113907516
64000000	0.07733537946082651
64040000	0.07367859800085426
64080000	0.08113597683869302
64120000	0.082597706053406
64160000	0.08183173516839742
64200000	0.08527300440147519
64240000	0.08638389964140952
64280000	0.09252941286638379
64320000	0.10064145994409919
64360000	0.11784803253933787
64400000	0.1289284695416689
64440000	0.13931367179788648
64480000	0.18367963667102158
64520000	0.2045263948045671
64560000	0.19991437392011285
64600000	0.21285398369282485
64640000	0.22991868019066752
64680000	0.2501659395553172
64720000	0.2523171390898526
64760000	0.31442324826307594
64800000	0.2986260199204087
64840000	0.29358504873998464
64880000	0.28052602916024627
64920000	0.34067321835681796
64960000	0.36216437017172576
65000000	0.334195316195488
65040000	0.34041968394592403
65080000	0.3843555731572211
65120000	0.33946664895415307
65160000	0.34407579189538956
65200000	0.3418331054925919
65240000	0.3404176625072956
65280000	0.4172867848932743
65320000	0.46399303201399744
65360000	0.5386569950189442
65400000	0.4866058690495789
65440000	0.5412034384854137
65480000	0.5339002823449671
65520000	0.5947577979136258
65560000	0.6394600434347987
65600000	0.6560763416662813
65640000	0.6192641643736512
65680000	0.5488222364246845
65720000	0.5240520226079971
65760000	0.5959093429096043
65800000	0.6187076784588397
65840000	0.6204881200119853
65880000	0.6270269041724503
65920000	0.7198775609262288
65960000	0.703886181461811
66000000	0.6579178157880903
66040000	0.6149202826224267
66080000	0.6538932461187243
66120000	0.644996272642538
66160000	0.7329658251482993
66200000	0.7542212071169168
66240000	0.7034070067331195
66280000	0.6148713664621115
66320000	0.6928349629018455
66360000	0.6621363667458295
66400000	0.6506945037085563
66440000	0.7643912373911589
66480000	0.7367333791922778
66520000	0.801933317232877
66560000	0.7263989301688969
66600000	0.7348808570936323
66640000	0.7654427931532264
66680000	0.8578978856053203
66720000	0.8355183090358973
66760000	0.8434318776153028
66800000	0.959322419726476
66840000	0.873346881788224
66880000	0.8461814592756332
66920000	0.8312148403745144
66960000	0.7097589548576623
67000000	0.4414901329532266
67040000	0.30462400368899106
67080000	0.17804338110387324
67120000	0.10296505682654679
67160000	0.0917551471311599
67200000	0.08161049254909158
67240000	0.08481537394784391
67280000	0.08520379153341055
67320000	0.0773721423264593
67360000	0.08121095907986164
67400000	0.08785029526874423
67440000	0.10443694680705666
67480000	0.10165630220919847
67520000	0.11158802939243614
67560000	0.12384960075654089
67600000	0.1309887301851064
67640000	0.14313714071698486
67680000	0.19949250597283244
67720000	0.2288691155128181
67760000	0.2160447640709579
67800000	0.24172749685868622
67840000	0.26136954331062734
67880000	0.25746751987300814
67920000	0.2567400552496314
67960000	0.253942323596403
68000000	0.2834969295471907
68040000	0.3141278977073729
68080000	0.36190385451577606
68120000	0.3376397843580693
68160000	0.35535031218901275
68200000	0.34936608460992574
68240000	0.39340861951336265
68280000	0.4252334532126784
68320000	0.43955087677910926
68360000	0.44701211518645284
68400000	0.43577079662680623
68440000	0.440563980217278
68480000	0.46819499461241065
68520000	0.4414528015773743
68560000	0.5435139728493988
68600000	0.5800533259689807
68640000	0.5757767917186022
68680000	0.5776417165488005
68720000	0.5341885344777256
68760000	0.48848239319622516
68800000	0.4672904304333031
68840000	0.513134461344406
68880000	0.5934894591279328
68920000	0.5776947223611176
68960000	0.5494809683829546
69000000	0.5510336503341794
69040000	0.6072147399440407
69080000	0.6518468227889389
69120000	0.697977879421413
69160000	0.7642959149435162
69200000	0.7707703743189573
69240000	0.7139078438520432
69280000	0.6969897195395083
69320000	0.7582081421121954
69360000	0.7258375910293311
69400000	0.685761063779518
69440000	0.7004401383683085
69480000	0.7490388251416386
69520000	0.8013943424116821
69560000	0.7432274043075741
69600000	0.8044774722963571
69640000	0.7198535104379058
69680000	0.7415753782555461
69720000	0.6852174035999924
69760000	0.7152921388886869
69800000	0.7059037247136235
69840000	0.7456367734886706
69880000	0.7320708586070687
69920000	0.9090543594047427
69960000	0.8649704808823764
70000000	0.8980417761586607
70040000	0.9118809777781367
70080000	0.8158509035892785
70120000	0.9190133612550795
70160000	0.8583776765443385
70200000	0.8160910869948566
70240000	0.7380187006808817
70280000	0.39805722641684116
70320000	0.22162691849842667
70360000	0.12489559263065457
70400000	0.07677708290629089
70440000	0.06930334958657622
70480000	0.07446215651109815
70520000	0.07409373161457479
70560000	0.07806731087565422
70600000	0.0939946544509381
70640000	0.09226368707492948
70680000	0.11118853872530163
70720000	0.12424000671431422
70760000	0.1554505819350481
70800000	0.17607996152825653
70840000	0.17682134393937884
70880000	0.17834719192050397
70920000	0.201635404971987
70960000	0.21860050513520837
71000000	0.20875579773858188
71040000	0.2300619334317744
71080000	0.2438476921096444
71120000	0.24778050732687115
71160000	0.19260378156080843
71200000	0.13418008487261832
71240000	0.1147930540125817
71280000	0.08609882777407765
71320000	0.07858887864947318
71360000	0.07752470429390669
71400000	0.08756140587944537
71440000	0.07835214890092611
71480000	0.07377647250071168
71520000	0.08289305361770094
71560000	0.08215639457404614
71600000	0.09133595396727323
71640000	0.09626838391721249
71680000	0.09331418998241424
71720000	0.08786778884977102
71760000	0.07233101869896054
71800000	0.07320097019895912
71840000	0.06740291682593524
71880000	0.06656100586727262
71920000	0.07032893346399069
71960000	0.07185052253268659
72000000	0.08385374267585576
72040000	0.09001575415059924
72080000	0.09427727775983512
72120000	0.10618179570510984
72160000	0.11652318119630217
72200000	0.12555363980941475
72240000	0.1571015615105629
72280000	0.1699370932161808
72320000	0.172918981923908
72360000	0.18568725369125605
72400000	0.21713534104786814
72440000	0.20518167136982082
72480000	0.218261164996773
72520000	0.23453832168802619
72560000	0.2268666852928698
72600000	0.25326282081753015
72640000	0.2749799451045692
72680000	0.2920688949801028
72720000	0.2514054998487234
72760000	0.26853864790052173
72800000	0.2584026876106858
72840000	0.29086493007913233
72880000	0.3183371727101505
72920000	0.322469443192333
72960000	0.26972755135297777
73000000	0.27217400435358285
73040000	0.2217132455304265
73080000	0.15337413360252977
73120000	0.11336408744230866
73160000	0.09997892732769251
73200000	0.08668430278673768
73240000	0.0756021216236055
73280000	0.0731572190605104
73320000	0.08038912218213082
73360000	0.08504675522558391
73400000	0.09960248127989471
73440000	0.10935000175870956
73480000	0.10404623169898987
73520000	0.11352385853007436
73560000	0.12503358568698167
73600000	0.14849061419665813
73640000	0.1781480652242899
73680000	0.17951315659955144
73720000	0.2572125344492495
73760000	0.2914721685245633
73800000	0.23059380992650985
73840000	0.21215900228358806
73880000	0.29783153813667596
73920000	0.3062058275230229
73960000	0.32971112723872065
74000000	0.3468578548226505
74040000	0.35488117674551906
74080000	0.44406139686070384
74120000	0.45639541834667324
74160000	0.5185604000426829
74200000	0.4851206058472395
74240000	0.4541144322823733
74280000	0.4400337217465043
74320000	0.4313077460661531
74360000	0.4240154522754252
74400000	0.39667858220487834
74440000	0.40446015011444686
74480000	0.47888167385272684
74520000	0.5185148509249091
74560000	0.5590587445780635
74600000	0.5369374298520386
74640000	0.5604817980155349
74680000	0.5606367741294205
74720000	0.5386337776228786
74760000	0.6276951561599969
74800000	0.6690394402578473
74840000	0.64699259217605
74880000	0.6522101153723896
74920000	0.6811456393904984
74960000	0.6982351984374225
75000000	0.7235533878549933
75040000	0.6813076058402657
75080000	0.7502840540140867
75120000	0.708646282928437
75160000	0.7736596946462989
75200000	0.8025760269209743
75240000	0.7273952265538275
75280000	0.6962291517741979
75320000	0.7490328531704843
75360000	0.6478641339875758
75400000	0.4986262271437794
75440000	0.2521196952249855
75480000	0.13217909875810147
75520000	0.08046942215785384
75560000	0.0717989992260933
75600000	0.07602366014942527
75640000	0.06901200308986008
75680000	0.06797854851968586
75720000	0.0704361288741231
75760000	0.07319363327287137
75800000	0.07481978082470596
75840000	0.07807220533192158
75880000	0.08027478171363472
75920000	0.08555370656326414
75960000	0.09643077003881335
76000000	0.10416360342167318
76040000	0.10504713545888662
76080000	0.10954517333433032
76120000	0.1256921291846782
76160000	0.1290628686659038
76200000	0.17513050343059003
76240000	0.19195576748736204
76280000	0.22410758640281855
76320000	0.2464666773226112
76360000	0.2547826792541891
76400000	0.2521292893815786
76440000	0.2717816317975521
76480000	0.2667725761830807
76520000	0.2981882734939456
76560000	0.3309574669469148
76600000	0.3798156116206199
76640000	0.34986857191324233
76680000	0.3824844969153404
76720000	0.4277180354654789
76760000	0.45577191131561995
76800000	0.4128044567324221
76840000	0.4300850442491472
76880000	0.3940578176699579
76920000	0.44293019011206924
76960000	0.4447115998953581
77000000	0.48838691579177973
77040000	0.573182039680332
77080000	0.5471359966315329
77120000	0.5196840500179678
77160000	0.5525751465525478
77200000	0.5300871714673936
77240000	0.6067317500915378
77280000	0.6500115433871746
77320000	0.6759232650421559
77360000	0.5919883249439299
77400000	0.6143947790265083
77440000	0.636420786351338
77480000	0.6072975922890007
77520000	0.7183146285258234
77560000	0.7217033448778093
77600000	0.7011881623849273
77640000	0.6570127314597368
77680000	0.681096262217313
77720000	0.7309653094992041
77760000	0.729888471135497
77800000	0.6493820376161485
77840000	0.7187667503170669
77880000	0.7011559388443828
77920000	0.642771692942828
77960000	0.7195393455788494
78000000	0.8037546855460852
78040000	0.7787078778393567
78080000	0.7897138260558247
78120000	0.7104318097747863
78160000	0.7212544879443944
78200000	0.807272230849415
78240000	0.7382118060283362
78280000	0.7604446479097009
78320000	0.7636025918774306
78360000	0.7393592405371368
78400000	0.6220766888108105
78440000	0.3948626320630312
78480000	0.2391964312031865
78520000	0.148311850669235
78560000	0.11578147905915975
78600000	0.09132096059061587
78640000	0.08650204396285116
78680000	0.08122806347198784
78720000	0.09748859378919006
78760000	0.10842531956508755
78800000	0.11545973541177809
78840000	0.12714529839754105
78880000	0.12971164492741227
78920000	0.12368071353137493
78960000	0.1279085589967668
79000000	0.16627791074812412
79040000	0.2032958510119468
79080000	0.2347958023034036
79120000	0.24493382995724677
79160000	0.26089124896898863
79200000	0.27330465568974616
79240000	0.2560436623595655
79280000	0.2778683255691081
79320000	0.29373393349424004
79360000	0.31179095834568143
79400000	0.31471338642090557
79440000	0.36084341989681123
79480000	0.36453133808113636
79520000	0.32923931795060635
79560000	0.3259809333190322
79600000	0.36326825661771
79640000	0.3635795957557857
79680000	0.3707132461719215
79720000	0.3946584722086787
79760000	0.48861163274757563
79800000	0.4713082017663866
79840000	0.45658689364753663
79880000	0.47732734746709465
79920000	0.5341741662718356
79960000	0.5741450229726732
80000000	0.5696606528412551
80040000	0.6114925733573735
80080000	0.6048401437878609
80120000	0.6149882094427943
80160000	0.6011361163564026
80200000	0.5874461406081914
80240000	0.5791018330935389
80280000	0.5993591009031981
80320000	0.6269839079551399
80360000	0.6945417018391192
80400000	0.6706409426838159
80440000	0.6835750482376665
80480000	0.7505548753999174
80520000	0.7435328278820962
80560000	0.6680328404203058
80600000	0.6166251083318144
80640000	0.7076936264231801
80680000	0.6975609755299985
80720000	0.7518813671600073
80760000	0.8053452838659286
80800000	0.8268079626649618
80840000	0.8708742093075067
80880000	0.8254624419182539
80920000	0.7720184513606131
80960000	0.8337943451628089
81000000	0.7761450582943856
81040000	0.7590466320343315
81080000	0.7447604808285833
81120000	0.7583194524072111
81160000	0.7670733860649168
81200000	0.8217486145690084
81240000	0.8222637450039387
81280000	0.8039894496791065
81320000	0.7606023206271231
81360000	0.7885299063965678
81400000	0.7667424814634025
81440000	0.8478647642686963
81480000	0.8868458091132343
81520000	0.9417792155925184
81560000	0.8986757139559836
81600000	0.635673819680512
81640000	0.4754863669797778
81680000	0.31822077717110514
81720000	0.22391606217548252
81760000	0.1457676842428744
81800000	0.1091504427883774
81840000	0.0851523846797645
81880000	0.08801218958310783
81920000	0.09603288766518235
81960000	0.10154428780525923
82000000	0.11135944619849324
82040000	0.1193369396686554
82080000	0.11755877539888024
82120000	0.12292643339708448
82160000	0.13293791318014264
82200000	0.13443211666196583
82240000	0.16672954084016384
82280000	0.19355832406207918
82320000	0.2031966402091086
82360000	0.21056310797259212
82400000	0.23124513709768654
82440000	0.2483086552783847
82480000	0.2573036005169153
82520000	0.2752485086414963
82560000	0.2539695493362844
82600000	0.27077862451076506
82640000	0.3065525132894516
82680000	0.3559645704381168
82720000	0.4215819136314094
82760000	0.4179600955292582
82800000	0.4528016658276319
82840000	0.45262846000492574
82880000	0.42487614961788056
82920000	0.4206201414942741
82960000	0.42376013441942634
83000000	0.4580670550245792
83040000	0.481384208548069
83080000	0.5333935715071857
83120000	0.5486435533687473
83160000	0.5876859143100679
83200000	0.53449802913405
83240000	0.5099736115220934
83280000	0.5360973508987575
83320000	0.5864882254511118
83360000	0.657315791606158
83400000	0.655853281410411
83440000	0.6582070976831019
83480000	0.6975423323348164
83520000	0.7146218401074409
83560000	0.6966688984826207
83600000	0.7043856398802251
83640000	0.7068578324474394
83680000	0.6208849196791649
83720000	0.6101873783886432
83760000	0.6710910374373198
83800000	0.6683937337100506
83840000	0.6455285300206393
83880000	0.6525673678513616
83920000	0.6385677549369633
83960000	0.6582557746831328
84000000	0.6587685182541608
84040000	0.67341071478948
84080000	0.6999639574356377
84120000	0.7181737744811922
84160000	0.6757756806522608
84200000	0.7096218966495246
84240000	0.720976359090209
84280000	0.7163735895864666
84320000	0.7957611185312271
84360000	0.8116478651039303
84400000	0.6885139632336795
84440000	0.43460348112508657
84480000	0.2623356095291674
84520000	0.19681066402606667
84560000	0.14158265766352415
84600000	0.10854457198232412
84640000	0.08500568493455649
84680000	0.0845881548628211
84720000	0.08641228361316025
84760000	0.08183359253704547
84800000	0.08900340734422207
84840000	0.10175891934670508
84880000	0.10629367688708008
84920000	0.1213466118529439
84960000	0.13284282451868057
85000000	0.15060627821311354
85040000	0.16044612254947424
85080000	0.2050040707025677
85120000	0.2530441372744739
85160000	0.2609974109880626
85200000	0.29502214244157077
85240000	0.25808313322551546
85280000	0.2856218178380281
85320000	0.31004834900051353
85360000	0.2701307173445821
85400000	0.3099008481435478
85440000	0.3376184217285365
85480000	0.34925206021517513
85520000	0.37423721025213597
85560000	0.39079921742305157
85600000	0.3656503218844533
85640000	0.3873764095045626
85680000	0.33313230300098656
85720000	0.2322978581495583
85760000	0.16480206637345254
85800000	0.1351604581736028
85840000	0.11183790647275746
85880000	0.123103932069242
85920000	0.12277813527472317
85960000	0.111024461562559
86000000	0.09766527365222573
86040000	0.09730529459565877
86080000	0.10624899424016476
86120000	0.13308599420264364
86160000	0.14174110841751097
86200000	0.14899149716943502
86240000	0.17005407259128988
86280000	0.1735228130042553
86320000	0.19564920757338405
86360000	0.18958307768180965
86400000	0.22700918472260237
86440000	0.264577191901207
86480000	0.2944000596374273
86520000	0.28622121358960867
86560000	0.30628242244124415
86600000	0.36788510744161906
86640000	0.3912624097697437
86680000	0.38796468657627703
86720000	0.3899023258820176
86760000	0.39923798591680826
86800000	0.4198713637828827
86840000	0.4290507700592279
86880000	0.475827958721295
86920000	0.4815552688233554
86960000	0.4572499888382852
87000000	0.5182098139617592
87040000	0.5364061019413173
87080000	0.5809451526526361
87120000	0.5835435748912394
87160000	0.5767310483641922
87200000	0.5386440177399665
87240000	0.48912530651912095
87280000	0.5603176905021071
87320000	0.6346870039917528
87360000	0.6419113173216582
87400000	0.6121359695136547
87440000	0.6258745298564434
87480000	0.6111001827210187
87520000	0.6088514121104032
87560000	0.6386598175451159
87600000	0.6568118762671947
87640000	0.665528066053614
87680000	0.664535134383291
87720000	0.6840209014058113
87760000	0.7213386154517532
87800000	0.7892271019227802
87840000	0.8592471849396824
87880000	0.8389906526152044
87920000	0.8745858091369271
87960000	0.8501232333086431
88000000	0.8055311100110412
88040000	0.8084266201779247
88080000	0.7853674940861761
88120000	0.8226649085700511
88160000	0.782679681109637
88200000	0.8323995171107352
88240000	0.8711196119803936
88280000	0.8606995912127197
88320000	0.8380572578497231
88360000	0.8442637005396187
88400000	0.8318604078043252
88440000	0.8794090601105243
88480000	0.8287063923157751
88520000	0.6655237606607377
88560000	0.48365510814115403
88600000	0.31581878614425657
88640000	0.24804528854116797
88680000	0.2144800021700561
88720000	0.17969882900342346
88760000	0.14886019753962756
88800000	0.11737502224296331
88840000	0.12103666428774595
88880000	0.12735341857671736
88920000	0.1279434834998101
88960000	0.15267672637850047
89000000	0.16889130562096835
89040000	0.17266604367196559
89080000	0.17882186390981078
89120000	0.20432049479782582
89160000	0.23187841751910745
89200000	0.2487412171062082
89240000	0.29492007462605835
89280000	0.3311949030354619
89320000	0.33812230533510446
89360000	0.3513901598088443
89400000	0.3698665334157646
89440000	0.42336973408460615
89480000	0.40674590784311293
89520000	0.38593883661180733
89560000	0.39451923548206685
89600000	0.4956666040122509
89640000	0.4941735246054828
89680000	0.5106248582176864
89720000	0.532718637149781
89760000	0.5619265148814767
89800000	0.5210582442168147
89840000	0.46511599444523455
89880000	0.4647985561676323
89920000	0.5471402923032641
89960000	0.560465215601027
90000000	0.5434933306232095
90040000	0.5434331526838243
90080000	0.590971248869598
90120000	0.5692975178770721
90160000	0.6520122010290623
90200000	0.6676114855140448
90240000	0.6417674393489957
90280000	0.6251438030473888
90320000	0.5971906179107725
90360000	0.6902368603013456
90400000	0.6927794161692261
90440000	0.7073448156591505
90480000	0.6080841946739703
90520000	0.6007466982111335
90560000	0.7065917861036957
90600000	0.7286699476860463
90640000	0.547906705795601
90680000	0.3196322744369507
90720000	0.20143712300248445
90760000	0.13697177654951811
90800000	0.1076826601728797
90840000	0.0861248296815902
90880000	0.08317155387327076
90920000	0.07853105103224516
90960000	0.08271382081396877
91000000	0.09677261355482042
91040000	0.10858894307315349
91080000	0.11320539860576391
91120000	0.10206950477585197
91160000	0.12065782936252653
91200000	0.1422168811224401
91240000	0.18910075430348516
91280000	0.23048726024366914
91320000	0.25964414763487875
91360000	0.2725435989085585
91400000	0.2760452839486301
91440000	0.3065313559450209
91480000	0.2986126021243632
91520000	0.2953625881306827
91560000	0.29550260976217685
91600000	0.3238895322646946
91640000	0.3682202814415097
91680000	0.39662955952510237
91720000	0.4407071337703615
91760000	0.4220529790312052
91800000	0.4292749059468508
91840000	0.47008211646154524
91880000	0.4336100074119866
91920000	0.45944287055283783
91960000	0.46209005000069736
92000000	0.5106019661016762
92040000	0.5331449278630316
92080000	0.5459696684975177
92120000	0.6015176250040531
92160000	0.6166827905353158
92200000	0.6465627283278853
92240000	0.6609728099606931
92280000	0.6656551902774721
92320000	0.6410714989718049
92360000	0.6573372891843319
92400000	0.6122650867030025
92440000	0.7443420653700829
92480000	0.6955264584396035
92520000	0.6706158395923674
92560000	0.658485627027601
92600000	0.7001193351149559
92640000	0.711068232550472
92680000	0.6765532728873194
92720000	0.7333013772293925
92760000	0.7184469035051763
92800000	0.7611384731158615
92840000	0.7139978772722184
92880000	0.7287737355388701
92920000	0.7085058071173728
92960000	0.7872929219886661
93000000	0.7539747534327209
93040000	0.7388657064422965
93080000	0.7957310945227742
93120000	0.8273459083639085
93160000	0.8398924829386175
93200000	0.8835633606363088
93240000	0.836636305424571
93280000	0.8130818580113351
93320000	0.7765259902976454
93360000	0.7678549129009247
93400000	0.8199046844825149
93440000	0.8977680630080402
93480000	0.9388839508257806
93520000	0.995246676215157
93560000	0.9081309671364725
93600000	0.8380979993186891
93640000	0.7885126313358546
93680000	0.72302197487019
93720000	0.7685263349108398
93760000	0.7859304717473685
93800000	0.7633440753612667
93840000	0.8265888703644275
93880000	0.8067975121162831
93920000	0.6829595759928226
93960000	0.6425255156099796
94000000	0.7997076663598418
94040000	0.8363992299035191
94080000	0.861464018394053
94120000	0.8991766948722303
94160000	0.9776367001399398
94200000	0.8841766799636185
94240000	0.8340995815619826
94280000	0.9417846683487296
94320000	0.9213244908608497
94360000	0.950581423008442
94400000	0.8154914696611464
94440000	0.8700558426707983
94480000	1.0216974881399423
94520000	0.9322555367827415
94560000	0.9256011493198574
94600000	0.9103229880008846
94640000	0.952122360996902
94680000	0.8981872801050543
94720000	0.9622774960368872
94760000	0.9182420078143477
94800000	0.9495587044641376
94840000	0.9188868805378676
94880000	0.9001073555268347
94920000	0.9538429842062295
94960000	0.9393973768673837
95000000	0.90282738667503
95040000	0.8812945012502372
95080000	0.9101233593210578
95120000	1.0535920765209943
95160000	1.0172922487854958
95200000	0.9023794964581728
95240000	0.864225514151901
95280000	0.872735001964122
95320000	0.7991352530188859
95360000	0.8266461180604995
95400000	0.8809261318303645
95440000	0.9193778824262321
95480000	0.9427109324112535
95520000	0.9308891658850014
95560000	0.9735906318679451
95600000	0.9893917059101164
95640000	1.0360169788248836
95680000	1.0135841662451626
95720000	0.9702229489102959
95760000	0.9739121526986361
95800000	0.8841097512215376
95840000	0.6996579401269555
95880000	0.5501649341225624
95920000	0.36288019017353657
95960000	0.2678868164412677
96000000	0.23610084014385938
96040000	0.1916549752548337
96080000	0.16698242511600256
96120000	0.1290413069047034
96160000	0.13490616352260112
96200000	0.13071103379949928
96240000	0.1221677296988666
96280000	0.12555207762345671
96320000	0.13889461196213962
96360000	0.1436757840156555
96400000	0.16336486944779754
96440000	0.18961892331689595
96480000	0.19286346155554057
96520000	0.1919788747087121
96560000	0.1901629286982119
96600000	0.18707116340100766
96640000	0.1892487615123391
96680000	0.19467338451445101
96720000	0.21910439558774233
96760000	0.24360984242260456
96800000	0.2892737972393632
96840000	0.2830071949772537
96880000	0.2861839668739587
96920000	0.3099228290550411
96960000	0.3266387832611799
97000000	0.36931121647879483
97040000	0.43332733571901916
97080000	0.43636413894817233
97120000	0.470312803966552
97160000	0.47438916628956795
97200000	0.541827066058293
97240000	0.49473324583359063
97280000	0.4982388183489442
97320000	0.5219678290605545
97360000	0.5021910920944065
97400000	0.5335590474389493
97440000	0.5769300051532685
97480000	0.6178456428825855
97520000	0.5975968041338027
97560000	0.6322456149742007
97600000	0.642044822524488
97640000	0.6661845011085272
97680000	0.6228889938659966
97720000	0.6464466994963586
97760000	0.6353498064018785
97800000	0.6266849996447563
97840000	0.7078293347470462
97880000	0.6959654324576259
97920000	0.6769355958342552
97960000	0.7205034549057484
98000000	0.767349147491157
98040000	0.8693797349110246
98080000	0.764652746733278
98120000	0.7815881576418877
98160000	0.8454076539717614
98200000	0.7593906312577426
98240000	0.7121381860531867
98280000	0.741418330232054
98320000	0.7293936065658927
98360000	0.7360133051805198
98400000	0.7491575166739524
98440000	0.7828268761467189
98480000	0.7944858874931932
98520000	0.8170194257229566
98560000	0.7863278331540525
98600000	0.8063487521223723
98640000	0.8409267505355179
98680000	0.8097589896813036
98720000	0.7936011254228652
98760000	0.892099651363492
98800000	0.6977671654433012
98840000	0.40502813167348506
98880000	0.21973668536767363
98920000	0.15194737458378077
98960000	0.11953714290484786
99000000	0.09558941667452454
99040000	0.09710083466023206
99080000	0.10010443779081106
99120000	0.10869554249122738
99160000	0.11100810930803418
99200000	0.09802372188568115
99240000	0.10466676438227296
99280000	0.12857454436942936
99320000	0.13384657608419656
99360000	0.12999808866158127
99400000	0.15245847410410643
99440000	0.18683204702064396
99480000	0.1870102283269167
99520000	0.17026549364514648
99560000	0.1961933557793498
99600000	0.21557272441238165
99640000	0.2284600880600512
99680000	0.22769416312500834
99720000	0.27374972445517776
99760000	0.28836203833073376
99800000	0.28591868736743925
99840000	0.3483404816262424
99880000	0.37836025924608113
99920000	0.42915220110043883
99960000	0.42933322800621393
100000000	0.4535626329898834
