240000	0.08490353225450963
280000	0.33118178856782615
320000	0.2851024673163891
360000	0.23911933860182763
400000	0.2108113907545805
440000	0.22292765467464923
480000	0.2790095500320196
520000	0.24957935843765736
560000	0.25503045259267093
600000	0.2768859977900982
640000	0.32276662192344663
680000	0.29419664192944767
720000	0.31254768574535846
760000	0.35510299038589
800000	0.305044114869833
840000	0.32333348446786403
880000	0.3818529263406992
920000	0.4374575129151344
960000	0.44776420455276966
1000000	0.4275479684889317
1040000	0.538500413993001
1080000	0.3792598172456026
1120000	0.464157947820425
1160000	0.5336775105506182
1200000	0.5230005345255136
1240000	0.5149988684386015
1280000	0.5760801724642515
1320000	0.5708307419002057
1360000	0.5918219115495682
1400000	0.6236505977958441
1440000	0.6478456748962402
1480000	0.6919793141186237
1520000	0.649511795514822
1560000	0.758261425742507
1600000	0.7434968893170357
1640000	0.6458858690202236
1680000	0.742255492940545
1720000	0.7545093416064977
1760000	0.8513132482498884
1800000	0.8581118024349212
1840000	1.0907366786301136
1880000	1.0572521348506212
1920000	1.0403809303462506
1960000	1.1038517730861903
2000000	1.1905874054908752
2040000	1.2324711824625731
2080000	1.0330906700789928
2120000	1.122962563857436
2160000	1.144102552640438
2200000	1.553681284326315
2240000	1.503944203233719
2280000	1.2335945525884628
2320000	1.1061111793756484
2360000	1.2055461252570152
2400000	1.3010030625522138
2440000	1.289738642564416
2480000	1.7748655343711377
2520000	2.073375998240709
2560000	1.2142526707708836
2600000	1.3715048535853624
2640000	1.5356231172174215
2680000	1.5865197362989187
2720000	1.6851410486876965
2760000	1.7741201065957546
2800000	1.856812425106764
2840000	1.6869447852671147
2880000	1.744832337296009
2920000	1.8972993317306042
2960000	2.2925178915977478
3000000	1.7904702320963144
3040000	1.8756613385260106
3080000	1.9042855811953545
3120000	1.6180189106225968
3160000	1.8777618100345135
3200000	2.168451191788912
3240000	2.2531766709446908
3280000	1.9240213882505894
3320000	2.146608827328682
3360000	2.682604849883914
3400000	2.392517573064566
3440000	2.1799319837152957
3480000	2.0099989919960497
3520000	2.2954069953978062
3560000	2.5430988614559173
3600000	2.0633317462086675
3640000	1.8839852701902389
3680000	2.1560472020685673
3720000	2.16164729706049
3760000	1.9360603709101678
3800000	1.9833043162822723
3840000	2.559630106920004
3880000	2.236823430502415
3920000	2.1051360034108164
3960000	2.5835744308888913
4000000	3.049533219331503
4040000	2.8413854267060756
4080000	2.685456006795168
4120000	2.6375637139201165
4160000	2.4206493517935277
4200000	2.3140881450295447
4240000	1.962931421327591
4280000	2.959508505898714
4320000	2.300848731440306
4360000	2.0331654258728027
4400000	2.3297862208902838
4440000	2.6588970820605753
4480000	2.3614006331384183
4520000	2.0859653092741968
4560000	2.2904614221513273
4600000	2.4582493422210216
4640000	2.998865184009075
4680000	2.7224484881460667
4720000	2.1222611683905126
4760000	2.9499315564095974
4800000	2.539013103026152
4840000	2.5306819320857525
4880000	2.2014969625473024
4920000	1.9566939394056797
4960000	2.3175770513832568
5000000	2.6739044017195703
5040000	2.369615516656637
5080000	2.992200609883666
5120000	3.117594420224428
5160000	2.4154002222299575
5200000	2.5510279307067396
5240000	2.5575066976845267
5280000	2.5491308865487574
5320000	2.3376521887749435
5360000	2.57289753292799
5400000	2.8764703764200212
5440000	2.6044596603155137
5480000	2.4252122824877502
5520000	2.757474450480938
5560000	2.708981221616268
5600000	2.819979892241955
5640000	2.666532294303179
5680000	2.157421697616577
5720000	1.936051078081131
5760000	2.724474512711167
5800000	2.125525655555725
5840000	2.3508899096906184
5880000	2.716458812466264
5920000	3.196759962448478
5960000	3.450973856690526
6000000	3.3524213397741316
6040000	2.8525137078970673
6080000	2.662776369988918
6120000	2.67287743691802
6160000	2.6526487408578396
6200000	2.660539192160964
6240000	2.6212048465967177
6280000	2.215628003868461
6320000	2.469527457219362
6360000	2.5377730484098198
6400000	2.5264623131752013
6440000	2.524525400784612
6480000	2.6977260425865652
6520000	3.0403531772971153
6560000	3.089856605964899
6600000	2.9995855728566645
6640000	2.631306199643016
6680000	3.046384357023239
6720000	2.5649654638051986
6760000	2.613066053053737
6800000	2.2397291469603777
6840000	2.1429827035605906
6880000	2.5133431444227696
6920000	2.59877830722332
6960000	2.361326802030206
7000000	1.9453714523673058
7040000	2.417961281469464
7080000	2.3024678643524648
7120000	2.6831439898759126
7160000	2.5720143109589815
7200000	2.364065065973997
7240000	2.4307304839879276
7280000	2.731459796077013
7320000	2.798022246128321
7360000	2.44645855692029
7400000	2.7556716803371906
7440000	2.4361758568078278
7480000	2.636338193824887
7520000	2.6145523182600736
7560000	2.8260310978055
7600000	2.450308845308423
7640000	2.5317044882804156
7680000	2.433081132721901
7720000	2.469095897051692
7760000	2.4414109731286766
7800000	2.588642344248295
7840000	2.574397417140007
7880000	2.6196523974001407
7920000	2.8283247286856175
7960000	2.9026649675548075
8000000	3.0469378918737173
8040000	2.7817185505211355
8080000	3.2032306948423384
8120000	2.4971014479070903
8160000	2.316012824544311
8200000	2.1801860885292292
8240000	2.316300131213665
8280000	2.6643279153436423
8320000	2.644079567694664
8360000	2.4602239825338126
8400000	2.452707250419259
8440000	2.4802656520724295
8480000	2.1667917537540196
8520000	2.482698903480172
8560000	2.6911626568615437
8600000	2.720997612538934
8640000	3.1706010822564363
8680000	3.0970495924472807
8720000	2.745470587167144
8760000	2.4532233115494253
8800000	2.892850926616788
8840000	2.913254432660341
8880000	3.4903941135168077
8920000	3.099345168527961
8960000	3.318881298482418
9000000	3.0171123338103296
9040000	2.775657105329633
9080000	2.6072888687938454
9120000	2.718561222562194
9160000	2.667789576551318
9200000	2.613489215686917
9240000	2.9585860496520997
9280000	3.08684630766511
9320000	2.8996111018329858
9360000	2.878908613485098
9400000	2.6498466091513633
9440000	2.725434098160267
9480000	3.1194317221045496
9520000	3.211627354037762
9560000	3.235078933852911
9600000	3.045102102383971
9640000	3.4315845929056406
9680000	2.8463365736454724
9720000	2.883217394435406
9760000	2.7161727968752385
9800000	2.9773058893978597
9840000	3.243008286690712
9880000	3.6883585843712092
9920000	3.501923410385847
9960000	3.295556491008401
10000000	2.9987155865997077
10040000	2.809153156453371
10080000	3.2021201896041633
10120000	2.6677450300455092
10160000	2.8018444988191127
10200000	2.899911719483137
10240000	2.751222586405277
10280000	3.334321107339859
10320000	2.955046728748083
10360000	2.5612838527679442
10400000	3.073111178320646
10440000	3.128580283933878
10480000	3.1654723842322827
10520000	2.984487020561099
10560000	2.6288807978570463
10600000	2.6774768643319606
10640000	3.032359681725502
10680000	2.965361750665307
10720000	3.622355390882492
10760000	2.7153769416123628
10800000	2.81998557921052
10840000	2.9346288725465537
10880000	3.370029916107655
10920000	3.5102552242159843
10960000	3.2940206512659786
11000000	3.318212244129181
11040000	3.1742727002561093
11080000	3.342680731591582
11120000	3.3523078706145286
11160000	2.484461375284195
11200000	2.4794231248736383
11240000	2.6716874130308628
11280000	3.0024826877593993
11320000	3.3312957419246434
11360000	3.565693775355816
11400000	3.934761906120181
11440000	3.2702720006614925
11480000	2.722953995862603
11520000	3.3084018744647503
11560000	2.9884355792462824
11600000	2.6531434658527373
11640000	2.5180791868418457
11680000	2.8591600987285375
11720000	2.579139815428853
11760000	2.6419059075504543
11800000	2.877685766583681
11840000	3.225882133704424
11880000	3.4767930070221422
11920000	3.5965235157549382
11960000	3.1391287369966507
12000000	3.026681431376934
12040000	3.4169506983160973
12080000	3.1628547944903374
12120000	3.12698495413661
12160000	2.9611392496556044
12200000	3.018933985835314
12240000	3.4260926954835655
12280000	3.154571410614252
12320000	3.0346921486735345
12360000	3.133718710035086
12400000	2.98803774343431
12440000	3.0766497096955776
12480000	3.068616269183159
12520000	2.9730883519619704
12560000	2.879156951212883
12600000	3.3432242460787296
12640000	3.4175228495419026
12680000	3.1285070660173893
12720000	2.8323485450267794
12760000	3.0431176675617695
12800000	2.9822359453380107
12840000	2.8642732397347688
12880000	2.9923777317404747
12920000	2.777394567233324
12960000	3.232776567322016
13000000	2.9654607973396776
13040000	2.984801218217611
13080000	2.77783598613739
13120000	2.6949330719858406
13160000	2.824315598654747
13200000	3.4060843028336762
13240000	3.0860617564469575
13280000	2.5595736097037793
13320000	2.7027189013123514
13360000	2.971881243002415
13400000	3.3734653332948685
13440000	3.258542023897171
13480000	2.9841349767655134
13520000	3.3856675065517425
13560000	3.3456539204835893
13600000	3.355888503587246
13640000	3.939665450248122
13680000	3.9940851781725883
13720000	3.747788044410944
13760000	3.378999755167961
13800000	3.067492728197575
13840000	3.796284233522415
13880000	3.4179653592467307
13920000	3.1570086293280126
13960000	3.2093767295360567
14000000	3.298084044709802
14040000	3.4552869511544704
14080000	3.3925919945925473
14120000	2.8882758319944144
14160000	2.6125747784495355
14200000	3.0692920520842075
14240000	3.1599976509183647
14280000	3.143578334569931
14320000	3.4994017674952747
14360000	4.089768363261223
14400000	3.6075909710407257
14440000	2.9277017573595048
14480000	2.626645121926069
14520000	3.3848838405400516
14560000	3.727722662815452
14600000	3.7143243528783323
14640000	2.9712206168711184
14680000	3.24873428568542
14720000	2.97756942152977
14760000	3.2823708476483824
14800000	3.5001516806066038
14840000	3.3776502877533434
14880000	3.494220885556936
14920000	3.8279490578234197
14960000	3.6762277828395367
15000000	2.775700083783269
15040000	3.2255839598715306
15080000	2.8729852561980485
15120000	3.1155844274580478
15160000	2.7262875390887262
15200000	2.946429663747549
15240000	3.2864561349093915
15280000	3.786921393036842
15320000	3.630571143051982
15360000	3.2418936082661154
15400000	2.652879989236593
15440000	2.7955627420783045
15480000	2.8601859888732433
15520000	3.107136931228638
15560000	3.464343531319499
15600000	3.0223097939491272
15640000	3.4901814890921115
15680000	3.105671757146716
15720000	3.533289596861601
15760000	3.6160816833913327
15800000	2.8362002172887326
15840000	3.1756000540435316
15880000	3.117896572637558
15920000	2.9840978188306093
15960000	3.256694311067462
16000000	3.3094206289619206
16040000	2.9855502320557834
16080000	3.416247008860111
16120000	3.145471749663353
16160000	2.9001914683818817
16200000	3.3146970196545125
16240000	3.0517436185806988
16280000	3.5645892630428078
16320000	3.3774667413949966
16360000	3.30617901853323
16400000	3.171323261541128
16440000	2.842931282401085
16480000	3.1164257616221906
16520000	2.873041943576932
16560000	2.894542792701721
16600000	3.129019179737568
16640000	3.41478135458231
16680000	3.209158010828495
16720000	3.039903903108835
16760000	3.428669291538
16800000	3.431775303003192
16840000	3.219808658349514
16880000	2.9831618524581196
16920000	2.7654919270694256
16960000	2.743677589908242
17000000	2.7544148098230363
17040000	2.922397279578447
17080000	3.2083651049733164
17120000	3.0828228828787805
17160000	2.851778623911738
17200000	3.172340135112405
17240000	3.617247570973635
17280000	3.438531417384744
17320000	2.9933422024786474
17360000	3.0704781590044496
17400000	3.3029994308680295
17440000	2.7602832400918005
17480000	2.967119537293911
17520000	2.9341241071403026
17560000	3.1907266864895822
17600000	3.205830099210143
17640000	3.1458456887215376
17680000	2.7392603092849255
17720000	3.045469294190407
17760000	3.096105287832022
17800000	3.072213857758045
17840000	3.229081448739767
17880000	3.4079408937096596
17920000	3.290052614477277
17960000	3.0891625938385725
18000000	2.791770522454381
18040000	2.75012914712131
18080000	2.925566642224789
18120000	2.7611343289166688
18160000	2.9014798936992885
18200000	3.189021363630891
18240000	2.83050401160419
18280000	2.9928259718716146
18320000	2.7823972119390965
18360000	3.3016838727742432
18400000	2.720627838277817
18440000	2.7332019074320795
18480000	3.634287113443017
18520000	3.2506824390888216
18560000	2.801819958138466
18600000	2.429097747004032
18640000	2.8013166728377343
18680000	3.0080656432926656
18720000	2.906621687284112
18760000	3.236802988997102
18800000	3.054021688374877
18840000	3.017879103383422
18880000	2.698860936793685
18920000	3.0487378530979155
18960000	2.7360533842891455
19000000	3.089304932805896
19040000	3.18520871129632
19080000	2.7917421832352876
19120000	2.9085779115617276
19160000	3.230129483157396
19200000	3.162942041096091
19240000	3.3673233226180077
19280000	3.0111959736168386
19320000	3.0958789473205806
19360000	2.8381829114437105
19400000	2.8719790697187184
19440000	2.7118133636564017
19480000	2.7461686995893717
19520000	2.8059938956141472
19560000	2.7501687574476
19600000	2.5094997316896914
19640000	3.002020960366726
19680000	3.0265955494970083
19720000	3.036826902475953
19760000	2.877059874561429
19800000	2.526350693842769
19840000	2.697431894612312
19880000	2.856902435848117
19920000	2.8875254094570875
19960000	2.7150237919956446
20000000	3.166183360442519
20040000	2.995530013936758
20080000	3.1890535755306484
20120000	3.519554081481695
20160000	3.0577454391658305
20200000	3.0871322379618884
20240000	3.3064352679282427
20280000	2.9499356781929733
20320000	2.8912203109622
20360000	3.0425854080319406
20400000	3.3164141461223364
20440000	3.1399270320683716
20480000	2.9639517999738456
20520000	3.037106510987878
20560000	3.146767735308409
20600000	3.0645797660797833
20640000	3.1801171602100133
20680000	2.914271414422989
20720000	2.4670873749911784
20760000	2.3046054211825133
20800000	2.798292202708125
20840000	2.9846242181539537
20880000	2.7393113629192114
20920000	2.904442926123738
20960000	2.952905713698268
21000000	3.318519923362136
21040000	2.7773702889591454
21080000	2.6185014456748963
21120000	2.613242035186291
21160000	2.9445924795031546
21200000	3.0535773380964994
21240000	3.124432797586918
21280000	3.024558182966709
21320000	2.857818147355318
21360000	2.595034424343705
21400000	2.5297391103595497
21440000	2.616890753901005
21480000	3.225653789010644
21520000	3.1485995963305236
21560000	3.194302190554142
21600000	2.854440827062726
21640000	2.913412126415968
21680000	3.074276478728652
21720000	2.8932907472997904
21760000	2.8977096692711113
21800000	2.7814179483562707
21840000	3.0233268037974836
21880000	3.5080058526009323
21920000	3.416137359261513
21960000	2.935923974788189
22000000	2.838469488364458
22040000	2.609018565893173
22080000	2.7845191613346336
22120000	3.200998331159353
22160000	3.5223277141869067
22200000	3.4368390294611455
22240000	2.8936799827247857
22280000	2.6534285878390076
22320000	2.8763779423326254
22360000	3.0576077178657055
22400000	3.29572698687315
22440000	3.009722711956501
22480000	2.76801689299047
22520000	2.6918949557572605
22560000	3.052853281572461
22600000	3.0936967408031224
22640000	3.0798484553694725
22680000	2.911681270509958
22720000	3.040668343320489
22760000	3.2439862390071155
22800000	3.009711037322879
22840000	2.6777989702790976
22880000	2.9198081172972916
22920000	3.0676552159368993
22960000	2.951918161305785
23000000	2.6404696699172256
23040000	2.663438230356574
23080000	3.0576606268972157
23120000	2.767625514087081
23160000	2.7119401933431626
23200000	2.6497559125423433
23240000	3.142957423749566
23280000	2.9087947102755307
23320000	2.419185573166609
23360000	2.939305152890086
23400000	3.287568105828762
23440000	3.1857822202414274
23480000	2.9612325160592796
23520000	3.6140194868266584
23560000	2.8505600986003876
23600000	2.814532569748163
23640000	2.755943356451392
23680000	2.880025689160824
23720000	3.043232865139842
23760000	3.4491575363218785
23800000	3.3142260789573195
23840000	3.0225713540524244
23880000	2.8699928870886566
23920000	2.9693230129271746
23960000	3.149767664757371
24000000	3.28749655534029
24040000	3.157125932148099
24080000	3.1586243024140597
24120000	2.623891026480496
24160000	2.5955964032799006
24200000	2.8697275409519674
24240000	3.2718871953725817
24280000	2.892589302936196
24320000	2.99729534227252
24360000	3.059474528670311
24400000	2.769652207377553
24440000	2.612028689736128
24480000	2.540558488166332
24520000	2.796877479097247
24560000	2.9627185608923434
24600000	3.0776128363192083
24640000	3.0708243938177824
24680000	2.985096500787139
24720000	3.3218078350275757
24760000	3.4447772829055787
24800000	3.4692907490193843
24840000	2.8581842722833155
24880000	2.5599567570120096
24920000	2.8116552854061125
24960000	2.8735680674135686
25000000	2.5420687613129616
25040000	2.7742231582552193
25080000	2.769042328542471
25120000	2.7647417466163637
25160000	3.06635723990798
25200000	3.0090924328774213
25240000	2.7112997928857805
25280000	2.595578179630637
25320000	3.1456323827654122
25360000	2.6259289860695603
25400000	2.874283130675554
25440000	2.9424919890016317
25480000	2.995083334645629
25520000	2.967409582093358
25560000	2.934284510526061
25600000	2.6296748866796493
25640000	2.857828654372692
25680000	2.97506655587554
25720000	2.81882549007833
25760000	2.587573459428549
25800000	2.377895031657815
25840000	2.844203243583441
25880000	2.4541753748476505
25920000	2.663433944579959
25960000	2.7816589935958387
26000000	2.9392223033338785
26040000	2.8776576076090334
26080000	2.829806590589881
26120000	2.7645843489676714
26160000	2.515142585992813
26200000	2.7090894991248846
26240000	2.9256035699576137
26280000	3.2283975817590953
26320000	2.8941550638973714
26360000	2.7333481995135545
26400000	3.184494516211748
26440000	3.090027301886678
26480000	3.047530467221141
26520000	3.3365208454161883
26560000	2.9337811796098947
26600000	2.9243928774744274
26640000	2.856360155799985
26680000	2.5472170277774335
26720000	2.601262166044116
26760000	2.4372838769853113
26800000	2.47813140437603
26840000	2.5878864522367717
26880000	2.4231382076352834
26920000	2.6736984938502313
26960000	2.786128935280442
27000000	2.928105496239662
27040000	2.8216774547457697
27080000	2.7560366998136043
27120000	2.8340061749219894
27160000	3.180436421531439
27200000	3.1379324560940267
27240000	2.918918325060606
27280000	2.678662304082513
27320000	2.94300648355484
27360000	3.1605981080800296
27400000	2.9487740629136563
27440000	2.920796311169863
27480000	2.392447516462207
27520000	2.80041685859859
27560000	3.1617678006619214
27600000	2.8163392465412618
27640000	2.8696145049721005
27680000	2.9252968846946956
27720000	2.9510199923038485
27760000	2.928950496417284
27800000	2.9506842975020406
27840000	2.567515228241682
27880000	2.328838052839041
27920000	2.7196769141107797
27960000	2.907627452239394
28000000	2.8970791654735804
28040000	2.7355965925306083
28080000	2.743476292270422
28120000	2.593825105711818
28160000	2.809937670752406
28200000	2.62777770665586
28240000	2.7929904863864183
28280000	2.7587694009274246
28320000	2.5991086421400307
28360000	2.4781711284250023
28400000	2.6468267562925814
28440000	2.745155250315368
28480000	2.5144144073307513
28520000	2.4192571970909835
28560000	2.6141145766317844
28600000	2.904753627049923
28640000	2.904760114866495
28680000	2.457437484432757
28720000	2.5461817354559897
28760000	2.8836499719679356
28800000	2.514516655468941
28840000	2.671622465261817
28880000	2.591825399956107
28920000	2.7442185132175685
28960000	3.151568721407652
29000000	3.3132494548767806
29040000	2.981094918039441
29080000	2.686999104395509
29120000	2.499932225137949
29160000	2.7172253760904073
29200000	2.6991042161464693
29240000	2.6617248926088215
29280000	2.694706570896506
29320000	2.629424648171663
29360000	2.488747689476609
29400000	2.4620989989489317
29440000	2.6707519246429205
29480000	2.689639591220021
29520000	2.758451997318864
29560000	2.9317472082078457
29600000	2.907908497297764
29640000	2.5447383144795896
29680000	2.371663319826126
29720000	2.7280891625583172
29760000	2.851204365506768
29800000	2.8211336019605397
29840000	2.845372349333763
29880000	2.361230911231041
29920000	2.6787602903813124
29960000	2.9848236127525567
30000000	2.991611175468564
30040000	3.7755784090518953
30080000	3.1152405696481464
30120000	2.815597969713807
30160000	2.5561810224592687
30200000	2.7019348658651112
30240000	2.6140077368319035
30280000	2.5868224899709227
30320000	2.865220797377825
30360000	2.704014137130976
30400000	2.61181931963861
30440000	2.896711297312379
30480000	2.9620017438828947
30520000	2.364547087714076
30560000	2.1411132358133793
30600000	2.3606145272940395
30640000	2.6768244783848525
30680000	2.557212289994955
30720000	2.6832654622524976
30760000	2.7606157959878446
30800000	2.7811178590923546
30840000	2.5496304302126167
30880000	2.810848160549998
30920000	2.578168264088035
30960000	2.586687863448262
31000000	3.0037976681917904
31040000	2.556578550687432
31080000	2.7521221969008445
31120000	2.551146769571304
31160000	2.2492263437658546
31200000	2.320915741482377
31240000	2.6337608148247003
31280000	2.7205923884630203
31320000	2.6726895115226506
31360000	2.731129689514637
31400000	2.732614800491929
31440000	2.865374405524135
31480000	3.048397114637494
31520000	2.7393522084563973
31560000	2.534921504628658
31600000	2.317261967808008
31640000	2.6451722196161747
31680000	3.12980743573606
31720000	3.0085631379067896
31760000	3.003601552897692
31800000	2.8928669346004723
31840000	2.7851114764899014
31880000	2.7046240182131527
31920000	2.5651041798621415
31960000	2.4801994263261555
32000000	2.792502139881253
32040000	2.4228956062704325
32080000	2.350263110294938
32120000	2.5583188301861286
32160000	2.7826724493265154
32200000	2.4516248567134142
32240000	2.6428471297085285
32280000	2.4783384571015836
32320000	2.800470361992717
32360000	2.833861520782113
32400000	2.5932494332671165
32440000	2.5521702240556476
32480000	2.485445884358883
32520000	2.3473388125300407
32560000	2.6679231524676084
32600000	2.4610018701404335
32640000	2.5159641755372286
32680000	2.4526620789706706
32720000	2.2515234713852403
32760000	2.63865238468945
32800000	2.628482036817074
32840000	2.8138160259187224
32880000	2.3346877038180827
32920000	2.5295197893530132
32960000	2.32997270847559
33000000	2.5449577457815407
33040000	2.8218831513136626
33080000	3.2700602790266275
33120000	2.6574723221987484
33160000	2.5866831853717565
33200000	2.4310777337253096
33240000	2.324844891309738
33280000	2.4350521315217017
33320000	2.7240386020898817
33360000	2.2824441276460887
33400000	2.366784779700637
33440000	2.208826218226552
33480000	2.132597896888852
33520000	2.3206555868625642
33560000	2.739880742686987
33600000	2.6237444270938637
33640000	2.337534488719702
33680000	2.7375296863853933
33720000	2.815448981755972
33760000	2.731237449738383
33800000	2.6512759908139705
33840000	2.646457648655772
33880000	2.5743216800808906
33920000	2.8478656132608653
33960000	2.6205096999794244
34000000	2.572508174446225
34040000	2.7762243096083403
34080000	2.9242699774861336
34120000	2.5376485344827175
34160000	2.248678179049492
34200000	2.222382024410367
34240000	2.3667031749278307
34280000	2.7459048383623363
34320000	2.6693847272157667
34360000	2.7027906002819537
34400000	2.9081661528617144
34440000	2.6428285609811546
34480000	3.0389833623319866
34520000	2.757778227213025
34560000	2.7753408115297558
34600000	2.5245954287469385
34640000	2.4513947456777094
34680000	2.4452548043847084
34720000	2.562832755035162
34760000	2.6963234601944683
34800000	2.7886069729566576
34840000	2.7972909078508614
34880000	2.6781316613346338
34920000	2.2561627090573313
34960000	2.7600085359930993
35000000	2.4746217967897652
35040000	2.307945938962698
35080000	2.6021279968082904
35120000	2.573416471296549
35160000	2.4208949631929397
35200000	2.3126257057398556
35240000	2.690629821112752
35280000	2.3305087751537563
35320000	2.4993486093729733
35360000	2.45406150573194
35400000	2.789034059819579
35440000	2.7895771324425938
35480000	3.027073228561878
35520000	2.765910507698357
35560000	2.771151212656498
35600000	2.497738312968612
35640000	2.37255148794055
35680000	2.6552461588442324
35720000	2.2922260243564843
35760000	2.673723748473823
35800000	2.6733021915256976
35840000	2.7985388508975504
35880000	2.61970712762773
35920000	2.741902443218231
35960000	2.6898097674250603
36000000	2.507194351860881
36040000	2.7673476553469896
36080000	2.8464707620829346
36120000	2.592809349882603
36160000	2.529912699458003
36200000	2.3548925376921894
36240000	2.48460123141706
36280000	2.200505285477638
36320000	2.3130617112606764
36360000	2.2421868070721627
36400000	2.3361487375974654
36440000	2.661629800271988
36480000	2.437992904663086
36520000	2.500860142931342
36560000	2.7252412542372944
36600000	2.6924377972185614
36640000	2.742240926271677
36680000	2.766962251654267
36720000	2.7468389630436896
36760000	2.9735485551327465
36800000	2.8315475796192886
36840000	2.6157388459175825
36880000	2.5059382672816515
36920000	2.2069727233082057
36960000	2.295142370122671
37000000	2.7034518550425766
37040000	2.3986410166293384
37080000	2.5746426937103273
37120000	2.7321249885380268
37160000	2.497376611712575
37200000	2.9265243852168323
37240000	2.7219947763845322
37280000	2.6285518194258213
37320000	2.5880488620758055
37360000	3.0052186202853917
37400000	2.6061290136128665
37440000	2.1254789206147193
37480000	2.501539883720875
37520000	2.565312976971269
37560000	2.5772010552406313
37600000	2.583986382508278
37640000	2.6268606804817916
37680000	2.3043164765536783
37720000	2.353304851081967
37760000	2.3591980255752802
37800000	2.3569157157182694
37840000	2.8825902630597353
37880000	2.7720044458150865
37920000	2.75268161740005
37960000	2.04255040102303
38000000	2.2670813358694315
38040000	2.3909025080353024
38080000	2.577764236235619
38120000	2.4326566004782917
38160000	2.6521928494364024
38200000	2.551174983304739
38240000	2.4201953067421913
38280000	2.6022207971692084
38320000	2.7770344929426907
38360000	2.95729411136508
38400000	2.648998710051179
38440000	2.6642092287898063
38480000	2.604402470040321
38520000	2.3713330112665894
38560000	2.335397508341074
38600000	2.3805087896078825
38640000	2.4727107251763343
38680000	2.3637276257514954
38720000	2.7234957682222127
38760000	2.384197465184331
38800000	2.225894886931777
38840000	2.277734856235981
38880000	2.3844014763727785
38920000	2.6645930782288314
38960000	2.3258762192904947
39000000	2.110401408341527
39040000	1.9927481547683477
39080000	2.269823418664932
39120000	2.600812297645211
39160000	2.055291288536787
39200000	2.3123982759147883
39240000	2.5318216082960365
39280000	2.7841727361023425
39320000	2.513097171911597
39360000	2.787459510266781
39400000	2.745576218315959
39440000	2.7637064308553936
39480000	2.774691483142972
39520000	2.3989937157571317
39560000	2.648442854757607
39600000	2.681385936769843
39640000	2.581219809696078
39680000	2.567301113924384
39720000	2.8086343643784524
39760000	2.481874901521206
39800000	2.656334028044343
39840000	2.524163272115588
39880000	2.5069496568202974
39920000	2.3977217508882283
39960000	2.509798575755954
40000000	2.273325370067358
40040000	2.328092020121217
40080000	2.302748569110036
40120000	2.0540687361449
40160000	2.3481015427559613
40200000	2.5579970204710962
40240000	2.3856037044584752
40280000	2.4939926925182343
40320000	2.959756992959976
40360000	2.7874680259346962
40400000	2.3264348847448826
40440000	2.4329389689087866
40480000	2.8842072903186082
40520000	2.693321319246292
40560000	2.4511141856998204
40600000	2.482808472621441
40640000	2.4061930248349905
40680000	2.396600891947746
40720000	2.5115534394443033
40760000	2.523506002897024
40800000	2.601969559621811
40840000	2.758031629619002
40880000	2.736119067463279
40920000	2.843167085814476
40960000	2.68308062799871
41000000	2.5476306963652373
41040000	2.779949897068739
41080000	2.502194843426347
41120000	2.1799990924179555
41160000	2.0274069168269633
41200000	2.539924718913436
41240000	2.41317518902719
41280000	2.285890117648244
41320000	2.177835286819935
41360000	2.426993000134826
41400000	2.5597237723708153
41440000	2.368143340995908
41480000	2.4182690038770436
41520000	2.391233054459095
41560000	2.514398655432463
41600000	2.5743777462393047
41640000	2.3646394376397133
41680000	2.583232191875577
41720000	2.124853535798192
41760000	2.4789199638575314
41800000	2.1032177156180145
41840000	2.2416264190763235
41880000	2.188516228064895
41920000	2.2974906583040955
41960000	2.342746860945225
42000000	2.4211787480175495
42040000	2.4964632983922956
42080000	2.4480762575984003
42120000	2.1784021903425455
42160000	2.2051997349232435
42200000	2.5425919754654167
42240000	2.7888704711318018
42280000	2.7552284820735453
42320000	2.309303595921397
42360000	2.298338134753704
42400000	2.3363686544805766
42440000	2.430018363389373
42480000	2.469407238572836
42520000	2.5016636791288853
42560000	2.4285353817284108
42600000	2.2066595211356876
42640000	2.7489177818477155
42680000	2.6799256743967534
42720000	2.2207291842490435
42760000	2.308874621075392
42800000	2.305577005815506
42840000	2.341310955670476
42880000	2.421919402912259
42920000	2.465786013624072
42960000	2.5523849534004928
43000000	2.4852181986510753
43040000	2.6751156412810086
43080000	2.5744756141990424
43120000	2.530026610283554
43160000	2.691463933944702
43200000	2.439193272435665
43240000	2.5545885512173174
43280000	2.354499875587225
43320000	2.270356822627783
43360000	2.2894040809363125
43400000	2.498578637701273
43440000	2.6639138235270976
43480000	2.384225845360756
43520000	2.265996723139286
43560000	2.396452510711551
43600000	2.3713106430858373
43640000	2.1977441120654344
43680000	2.490937348076701
43720000	2.721707278418541
43760000	2.3980173897862436
43800000	2.313151267597079
43840000	2.0858824781239034
43880000	2.342773268765211
43920000	2.5980131064713
43960000	2.6330367874115708
44000000	2.071960029369593
44040000	2.5111621667325497
44080000	2.1371976155281067
44120000	2.2349701200217007
44160000	2.1563704213172197
44200000	2.3828249169170856
44240000	2.4901742286354303
44280000	2.3468073667377234
44320000	2.256087642598152
44360000	2.665964383453131
44400000	2.4130402160197497
44440000	2.438231404262781
44480000	2.3066706976830957
44520000	2.3256932968646287
44560000	2.3787724465847013
44600000	2.4463423112601044
44640000	2.1832892541110516
44680000	2.5041073840230705
44720000	1.9775819682121276
44760000	2.2708152562379835
44800000	2.079241818886995
44840000	2.350106999155879
44880000	2.3000896978497507
44920000	2.513040554946661
44960000	2.1934901116341354
45000000	2.2540490033209326
45040000	2.288655416443944
45080000	2.338776901128888
45120000	2.878729414436221
45160000	2.5697958945721386
45200000	2.465272679176927
45240000	2.292939605733752
45280000	2.567838990569115
45320000	2.366075471192598
45360000	2.6085239758729935
45400000	2.4715649836838245
45440000	2.312400006969273
45480000	2.4153440132677555
45520000	2.3771410855948925
45560000	2.4895080754995345
45600000	2.2632239465147257
45640000	2.1884802217423918
45680000	2.2151916417390107
45720000	2.1903846768677235
45760000	2.314226147583127
45800000	2.1929851088911296
45840000	2.5123581393390895
45880000	2.4894776614278555
45920000	2.5388996569484474
45960000	2.724360593178868
46000000	2.6538690463513137
46040000	2.4866880226522685
46080000	2.2566682708501817
46120000	2.4472399950534105
46160000	2.3406424776405097
46200000	2.079510707873106
46240000	2.2521414447546007
46280000	2.17131078876555
46320000	2.4028188746273518
46360000	2.3948875825792553
46400000	2.550774190503359
46440000	2.411235135266185
46480000	2.9112946210414172
46520000	2.599407502681017
46560000	2.5740845620572568
46600000	2.3445909825414417
46640000	2.42127800822258
46680000	2.3658434773445127
46720000	2.297256996010244
46760000	2.3286471220731735
46800000	2.1582293371886014
46840000	2.1670180407315494
46880000	2.143485866767168
46920000	2.178298699375987
46960000	2.378979853260517
47000000	2.1586419628828764
47040000	2.2026083517313
47080000	2.354598664304614
47120000	2.4345922726809976
47160000	2.1999714250206948
47200000	1.9983135424792766
47240000	2.0093137225806714
47280000	2.069521445596218
47320000	2.358613801109791
47360000	2.5553517125457526
47400000	2.3929646362960337
47440000	2.5096055995702744
47480000	2.58387491992265
47520000	2.427099250768125
47560000	2.4414111006230117
47600000	2.3533256114631893
47640000	2.2081193082123995
47680000	2.4866261145412922
47720000	2.534539027532935
47760000	2.210848213291168
47800000	2.2501593003332614
47840000	2.4217953833132984
47880000	2.2700534109473227
47920000	2.1789520249351857
47960000	2.1642475390374663
48000000	2.3228208578407763
48040000	2.138689543992281
48080000	2.1676429143697025
48120000	2.489126280751824
48160000	2.3095953154593705
48200000	2.153681984359026
48240000	2.0470447349116205
48280000	2.1820821179330347
48320000	2.22144434171021
48360000	2.1455716188699006
48400000	2.1691833799004554
48440000	2.4011843827188013
48480000	2.270318340975046
48520000	2.532441927626729
48560000	2.3327839111953974
48600000	2.5033701699346302
48640000	2.591643648558855
48680000	2.3834115036934613
48720000	2.010267973563075
48760000	2.0967157640606167
48800000	2.2064616749852894
48840000	2.02726110996902
48880000	2.0699459649086
48920000	2.3821082849800588
48960000	2.358569407752156
49000000	2.1344385981857776
49040000	2.074326597985625
49080000	2.447736168807745
49120000	2.2215380480527878
49160000	2.2470124716132878
49200000	2.292907029131055
49240000	2.352557392373681
49280000	2.09046057151556
49320000	2.1604716988146304
49360000	2.0685378428280354
49400000	2.346376027330756
49440000	2.5166743574500083
49480000	2.161483076608181
49520000	2.4067129200816155
49560000	2.3231202356815337
49600000	2.3404986641526224
49640000	2.1156414855599404
49680000	2.113274679487944
49720000	2.2193198775395753
49760000	2.2724375316768883
49800000	2.5346975501298905
49840000	2.216498139089346
49880000	2.126329605528712
49920000	2.3153154217004777
49960000	2.0106823833674192
50000000	2.146061677455902
50040000	2.3254444282919167
50080000	2.1073807636231185
50120000	2.31583555483222
50160000	2.313771206486225
50200000	2.1343450250327587
50240000	2.2805820652604103
50280000	2.3568924351483584
50320000	2.3200258477538824
50360000	2.1390709087833764
50400000	2.2285782976478337
50440000	2.2191134884655477
50480000	2.2682933288276197
50520000	2.2536230553239585
50560000	2.041449122744799
50600000	2.1526986551731824
50640000	2.5404400083780287
50680000	2.4649949863016607
50720000	2.0826412871778013
50760000	2.305750818488002
50800000	2.1696762717574836
50840000	2.262219543528557
50880000	2.004255290839076
50920000	2.1814322952330114
50960000	2.178178696152568
51000000	2.3472548858702185
51040000	2.264365664598346
51080000	2.30997008921206
51120000	2.1892141632139683
51160000	2.227735204401612
51200000	2.223047730886936
51240000	2.1303789766550065
51280000	2.204272371892631
51320000	2.3153818728864195
51360000	2.076658732482791
51400000	2.2052198373168705
51440000	2.223566286918521
51480000	2.2015394175440073
51520000	2.4161401929944755
51560000	2.18935194785893
51600000	2.3201854568868874
51640000	2.1809654070436952
51680000	2.271021979689598
51720000	2.3517358839929106
51760000	2.303463103681803
51800000	2.265871719324589
51840000	2.2252123043984176
51880000	2.3520401902496815
51920000	2.110373988550901
51960000	2.275170901942253
52000000	2.1198136616140606
52040000	2.2407033674627543
52080000	2.336053246936202
52120000	2.075828126487136
52160000	2.1884607447236775
52200000	2.3275502758949993
52240000	2.0645644019842146
52280000	2.0501821893274785
52320000	2.2648615716606377
52360000	2.11985221388638
52400000	2.3755284494042397
52440000	2.0771090386420488
52480000	2.265468432956934
52520000	2.193425692859292
52560000	2.150835787668824
52600000	2.010334719324112
52640000	1.9559295747309924
52680000	2.183494554069638
52720000	2.0091206019073726
52760000	2.1326612706631423
52800000	2.281170281305909
52840000	2.074229253566265
52880000	2.268368475154042
52920000	2.058079923132062
52960000	2.1694766872107984
53000000	2.2305540287047623
53040000	2.369350680343807
53080000	2.38701768219769
53120000	2.620996765336394
53160000	2.3377586756020783
53200000	2.1980153537541627
53240000	2.2836589579224587
53280000	2.219419051730633
53320000	1.9604692116707563
53360000	2.2905234269171952
53400000	2.3940723234459758
53440000	2.546976978069544
53480000	2.6427569813519716
53520000	2.4635063394129277
53560000	2.1602310026735068
53600000	2.0743677579402924
53640000	2.1087274151742457
53680000	2.1991593599379065
53720000	2.19771015855968
53760000	2.2626631173163654
53800000	1.9970127554357051
53840000	1.9543204120457172
53880000	2.089219484305382
53920000	1.8607680589988829
53960000	2.2155921023100613
54000000	2.3846621252834797
54040000	2.3103603158533574
54080000	1.9919154081881045
54120000	2.2333294116318227
54160000	2.4730278916895387
54200000	2.3389823721408844
54240000	2.388556306922436
54280000	2.2959937665402887
54320000	2.2729392259180545
54360000	1.985774147732556
54400000	2.3558699306666853
54440000	2.168632900854945
54480000	2.1155879023611543
54520000	2.1111690913408996
54560000	2.066133798980713
54600000	2.083775016215444
54640000	2.477582225483656
54680000	2.424999075114727
54720000	2.2252475747406484
54760000	2.4226375114828347
54800000	2.2802399325668814
54840000	2.000447612801194
54880000	1.9877050310224296
54920000	2.1804619020208715
54960000	1.9879054527848958
55000000	2.1543534186571835
55040000	2.2830417408153414
55080000	2.2565346449807286
55120000	2.376121913701296
55160000	2.4364032911121845
55200000	2.373488588216901
55240000	2.420081058242917
55280000	2.038950672626495
55320000	2.381768469274044
55360000	2.3954783989936113
55400000	2.2287975267499687
55440000	2.352506266835332
55480000	2.390620828256011
55520000	2.1412228432238103
55560000	2.230987939041853
55600000	2.186452991142869
55640000	2.328714497128129
55680000	2.440089259365201
55720000	2.274622611939907
55760000	2.2123851777523758
55800000	2.138534626442194
55840000	2.064832178762555
55880000	2.0328059676796197
55920000	2.1617386473149063
55960000	1.9796194597959518
56000000	2.3231269244134425
56040000	2.5643621357172726
56080000	2.241742572122812
56120000	2.16389736751616
56160000	2.187835627642274
56200000	2.3143630962252617
56240000	2.505813860246539
56280000	2.218018526881933
56320000	2.183455085378885
56360000	2.212708834528923
56400000	2.374178081971407
56440000	2.073318907687068
56480000	1.8897372365131975
56520000	1.9987034157395362
56560000	2.1185951699972154
56600000	2.4121885255366564
56640000	2.240937116891146
56680000	2.3954165778368712
56720000	2.001252995145321
56760000	2.211563689392805
56800000	2.203697454330325
56840000	2.4131538590878248
56880000	2.0282340220570565
56920000	1.9848884392619133
56960000	1.8104364021986723
57000000	2.0923296931058166
57040000	2.356265870282054
57080000	2.453408609649539
57120000	2.215704398176074
57160000	2.2605129803881048
57200000	2.3572122626245022
57240000	2.464657603120804
57280000	2.179067057800293
57320000	2.1675081136852503
57360000	2.1869365547031165
57400000	2.4165356889635325
57440000	2.270896710035205
57480000	2.481697652298212
57520000	2.190215705245733
57560000	2.3776884793519972
57600000	2.195133610546589
57640000	2.2675101639181374
57680000	2.1182059231996537
57720000	1.9883636216789484
57760000	2.1136368140608073
57800000	2.3988999247699976
57840000	2.111899469438195
57880000	2.0755377868115903
57920000	1.9269066786766051
57960000	2.068589409303665
58000000	2.3120050462931396
58040000	2.4467035583734513
58080000	2.256560014909506
58120000	2.056485080216825
58160000	2.021624011269212
58200000	2.155857301104069
58240000	2.197512625876069
58280000	2.045352332264185
58320000	2.0633096082985403
58360000	2.1900109770596026
58400000	2.3769333049565553
58440000	2.237345504504442
58480000	2.3273996942713855
58520000	2.3307346734166146
58560000	2.3362543045938016
58600000	2.398506171309948
58640000	2.2585412453860045
58680000	2.0334005160868167
58720000	1.8814097682505846
58760000	2.0613034448593854
58800000	2.21987833981812
58840000	2.2168450891405342
58880000	2.288355505107343
58920000	1.9657633702844381
58960000	1.9090586399257183
59000000	2.1964707768693565
59040000	2.1127083872556685
59080000	2.17626233253479
59120000	2.199785715302825
59160000	2.2188169098109007
59200000	2.1670509251892565
59240000	2.4455673801034687
59280000	2.297461974555254
59320000	2.178258831843734
59360000	2.0724759472668173
59400000	1.9985663402333855
59440000	2.321146425873041
59480000	2.3362434943974018
59520000	2.202956438958645
59560000	2.383800379097462
59600000	2.267430943018198
59640000	2.064595260873437
59680000	2.0127020382881167
59720000	2.416656808176637
59760000	2.1704155061870813
59800000	2.1507595276132228
59840000	2.030009213137627
59880000	1.97034408762604
59920000	2.042638033768535
59960000	1.9879707653701306
60000000	2.0545767307966947
60040000	2.281065658479929
60080000	2.113390491902828
60120000	1.9829886637359857
60160000	2.142844974540174
60200000	2.2815225899636746
60240000	2.0488843366861342
60280000	2.1368520509570836
60320000	2.031241401925683
60360000	2.0520980509132145
60400000	1.974726553082466
60440000	1.9542116449683904
60480000	2.2618839946895837
60520000	2.023166969868541
60560000	2.06675354719162
60600000	2.2251932429075243
60640000	2.4827476925969125
60680000	2.3798590167135
60720000	2.2890998773902655
60760000	2.166388666883111
60800000	2.012321499815583
60840000	1.9854098979711532
60880000	2.1297123277068137
60920000	2.14076173646152
60960000	2.1600415479689836
61000000	2.282099140626192
61040000	2.13970676677227
61080000	2.259446213078499
61120000	2.5096346394211055
61160000	2.1469467666596174
61200000	2.044883994695544
61240000	1.8688776901304722
61280000	2.092926478201151
61320000	2.1585173780232667
61360000	2.041266943243146
61400000	2.014293400835991
61440000	1.914798491626978
61480000	2.005532278069854
61520000	1.9584342825740575
61560000	1.7940696055293084
61600000	1.9365611105382443
61640000	1.9694491213530303
61680000	1.8608392712295054
61720000	1.9246353836715222
61760000	2.1114933162361385
61800000	2.0851309104442595
61840000	2.1417200683236124
61880000	2.5304978192090988
61920000	2.4387725262135267
61960000	1.8931108850687741
62000000	1.8902305979281664
62040000	2.2107376693367957
62080000	2.172629576072097
62120000	2.0632908901154994
62160000	2.167658315576613
62200000	2.1545549744427204
62240000	2.056074037897587
62280000	2.1272509354889393
62320000	2.1097907328739764
62360000	2.1083581069082022
62400000	2.121951763904095
62440000	2.1130712454408407
62480000	2.0205309306919577
62520000	1.9823022609680891
62560000	2.0939196588158606
62600000	2.1015661313712597
62640000	2.0970196404874324
62680000	2.068841600649059
62720000	2.039655438320339
62760000	2.034018471518159
62800000	2.050312747493386
62840000	1.9136628039985895
62880000	2.30728869920969
62920000	2.0196433725863696
62960000	1.8304114328280092
63000000	1.9283118622690438
63040000	2.051897022128105
63080000	2.3895893872708083
63120000	1.9962050867512822
63160000	1.9612512831687927
63200000	2.097814437867701
63240000	2.100508989068866
63280000	2.0035313116878273
63320000	1.9648091177552938
63360000	2.2214220922455192
63400000	2.15012739264071
63440000	2.284079330472648
63480000	2.236523405748606
63520000	2.0212270362138747
63560000	2.1323884095966816
63600000	1.9754857899606229
63640000	2.1833818931818008
63680000	2.182382123953104
63720000	2.042248924046755
63760000	2.0685090536534787
63800000	2.1151610064148905
63840000	1.8669990747451781
63880000	1.8867700308427215
63920000	2.0006501240044834
63960000	2.0004850677073
64000000	2.227463270586729
64040000	2.2907699654847384
64080000	2.1299477105379103
64120000	2.3673789587050678
64160000	2.2875661320269107
64200000	2.2844739299893377
64240000	2.059754785007238
64280000	1.942504144269228
64320000	1.9534168480306864
64360000	1.949171652442217
64400000	1.868719895902276
64440000	1.9004158993571996
64480000	1.951514676643908
64520000	1.8880031171739102
64560000	2.118804714912176
64600000	2.1053227382451296
64640000	2.1164420515447855
64680000	2.135840743982792
64720000	2.1279304380074144
64760000	1.970089589598775
64800000	1.814280514845252
64840000	1.962640634071827
64880000	1.957342491081357
64920000	2.0776964250057937
64960000	2.07341538490504
65000000	2.4351071735829115
65040000	1.9357214776426555
65080000	1.7800140396624804
65120000	2.0302229555934668
65160000	2.1149681072205304
65200000	2.037232427307963
65240000	2.094633529853821
65280000	1.926238010969758
65320000	2.1162202228605747
65360000	2.172238625898957
65400000	2.1663477418482304
65440000	2.2125196710646153
65480000	2.110120089291036
65520000	2.2557845904767513
65560000	2.075161168138683
65600000	1.9617898304700851
65640000	1.9602614754825831
65680000	1.9945245887100695
65720000	2.0322199612110854
65760000	2.300875485366583
65800000	2.2335489749073982
65840000	2.0543323864042757
65880000	2.11099988938272
65920000	2.048578625971079
65960000	2.0875504934161904
66000000	2.1213642248660327
66040000	2.1531157610699534
66080000	1.8872591350317
66120000	2.065952676188946
66160000	1.8928809968978166
66200000	1.8862142175704242
66240000	1.9962151077598334
66280000	1.8188893320977688
66320000	1.7263386051863432
66360000	1.7752203676372766
66400000	1.7967621754914522
66440000	1.9681045047193766
66480000	2.1551186382770537
66520000	2.1012523261010645
66560000	2.1912120210796595
66600000	2.1331289391040804
66640000	1.8854258859291673
66680000	1.9226000690966845
66720000	1.8915141917407512
66760000	1.9185734533011913
66800000	1.9875763169318437
66840000	1.8578213351890445
66880000	2.3069893266677854
66920000	2.102139364281297
66960000	1.9555239842057228
67000000	2.1589257094949486
67040000	2.1555389319747684
67080000	2.0285744941949844
67120000	2.095418781797588
67160000	2.0541045061439274
67200000	2.2083204629316926
67240000	2.1217489447325466
67280000	1.8643310473173857
67320000	1.9727129269972443
67360000	1.9595533002913
67400000	2.1994646649196743
67440000	2.0979808670014144
67480000	2.0262971580684184
67520000	1.8514906450271607
67560000	1.9902186093062162
67600000	1.9085399152606726
67640000	1.946295972804725
67680000	1.9833320183634757
67720000	1.884373162701726
67760000	1.8631638182833792
67800000	2.1975513881504534
67840000	2.0962041472762825
67880000	2.069467434464395
67920000	2.0033812255978583
67960000	2.1144432219594718
68000000	2.1680442298442126
68040000	2.203732815504074
68080000	1.9123747756153344
68120000	1.9012388041332364
68160000	1.957699329316616
68200000	2.000134634935856
68240000	2.189057316970825
68280000	1.943442075100541
68320000	1.8947204374700786
68360000	1.9373977257966994
68400000	2.0821957446262243
68440000	2.141306762391329
68480000	2.2486713360846045
68520000	2.041346975263953
68560000	1.9788290701135993
68600000	2.0443222602039577
68640000	2.0981112875297665
68680000	1.978132671032846
68720000	1.830851859000325
68760000	1.9743851260185241
68800000	2.1028571866571903
68840000	1.9403413024529814
68880000	1.9474094787880778
68920000	1.8908287389785052
68960000	1.9758825739830732
69000000	2.3161792230665683
69040000	2.0378653858840465
69080000	2.038996983769536
69120000	2.0920922956064345
69160000	2.2200438409715892
69200000	2.1879507891237737
69240000	2.3654103661715986
69280000	2.1152370251998307
69320000	2.120928439640999
69360000	2.0424139830589296
69400000	1.9313813793241978
69440000	2.04014271517694
69480000	2.0851559847295285
69520000	2.339147359237075
69560000	2.217692563739419
69600000	2.1592922766536473
69640000	1.9471676552146673
69680000	1.7950421540752053
69720000	2.118790462656319
69760000	2.2825146634474396
69800000	2.1267448079124094
69840000	2.1370256710082294
69880000	2.063721158596873
69920000	1.832615806506574
69960000	2.1021933048009873
70000000	1.905123346376419
70040000	1.8444802038371564
70080000	2.153572796051204
70120000	2.265144925108552
70160000	2.296079943689704
70200000	2.003628843000531
70240000	2.2616565572172402
70280000	2.2416444011434913
70320000	1.9980493037045002
70360000	2.149757287701964
70400000	1.914240686047077
70440000	1.9120212158977985
70480000	1.9733407198607922
70520000	1.992504899737239
70560000	1.887736289948225
70600000	2.111598939861357
70640000	2.301507026976347
70680000	2.006701067596674
70720000	1.959623943579197
70760000	1.8001548789799213
70800000	1.9853593873530626
70840000	2.0697721017286184
70880000	2.0793240858972073
70920000	1.707772091178596
70960000	1.835972336190939
71000000	1.8810536546587944
71040000	2.1468583544895052
71080000	2.0373071396231652
71120000	1.809361802959442
71160000	2.092519168075919
71200000	1.9588584759891032
71240000	2.023283662351966
71280000	1.7929800292760134
71320000	1.879197393874824
71360000	1.9659851742863654
71400000	1.7761384730637073
71440000	1.7446248959958552
71480000	2.117280584537983
71520000	2.164577574828267
71560000	1.9721073199436068
71600000	2.040201248511672
71640000	1.8941111104100943
71680000	2.0299587564170363
71720000	2.01545972289145
71760000	1.9847742142796516
71800000	1.9365137541383506
71840000	2.0833830469340087
71880000	2.138037342873216
71920000	1.911471798095107
71960000	1.9748490146309137
72000000	2.0172264370173214
72040000	1.8264039823770524
72080000	1.9291244876146316
72120000	1.9349912163466214
72160000	2.0071201181471348
72200000	1.9992170349359513
72240000	1.773450393462181
72280000	1.8801655648559332
72320000	2.0758992424175142
72360000	2.118448070517182
72400000	1.9801482612490653
72440000	1.981608116170764
72480000	2.102465741431713
72520000	1.8207023206084967
72560000	1.974500942903757
72600000	1.975734430986643
72640000	2.0129528830468653
72680000	1.9199891823142767
72720000	1.9246713203549386
72760000	1.998361070612073
72800000	1.9351260231524705
72840000	1.884578482913971
72880000	2.199096307706833
72920000	2.0947434997260572
72960000	2.0629985973477365
73000000	2.133626070550084
73040000	1.8003744539409876
73080000	1.9796980241596698
73120000	1.9402074805632235
73160000	1.9065119968906046
73200000	1.9916621325284243
73240000	1.9756719104140996
73280000	1.9011142544269561
73320000	1.9077456911325454
73360000	2.0818438486814497
73400000	1.8561977640390397
73440000	1.73027175552696
73480000	1.9142299556463958
73520000	1.9943098521098495
73560000	1.9879844448909163
73600000	2.0238377432748673
73640000	1.9107743636354804
73680000	1.949871335181594
73720000	1.9213990714430809
73760000	2.062150506591797
73800000	2.0980543948709967
73840000	1.9631660652562977
73880000	1.8794157930016517
73920000	2.059101872125268
73960000	1.9751767981365322
74000000	1.9618436617821455
74040000	1.9264761226266622
74080000	2.1173798334121705
74120000	2.0158310804411768
74160000	2.0124382837742565
74200000	1.8849733585178852
74240000	1.8590210129618645
74280000	1.89596785864532
74320000	1.7616681213498115
74360000	1.8277909507125616
74400000	1.965222530528903
74440000	1.9196057421654462
74480000	1.9839472719818354
74520000	2.0118791710585358
74560000	1.8909419766038655
74600000	1.9692588123232126
74640000	1.960747391986847
74680000	1.9786883293151856
74720000	2.049637799565494
74760000	1.934190975791216
74800000	2.0468967174962165
74840000	1.913517408311367
74880000	1.9625248780906202
74920000	1.818285609358549
74960000	1.6931116802871227
75000000	1.722774402141571
75040000	1.8352610431224108
75080000	2.008616054654121
75120000	1.7985378121748568
75160000	1.8276338770762086
75200000	2.098827763950825
75240000	1.8967440295755864
75280000	1.9318742228463293
75320000	1.7415840969026088
75360000	1.7951351728767158
75400000	1.8847909854575993
75440000	2.026889287225902
75480000	1.9190329105421902
75520000	1.8077540270507335
75560000	1.6938023910999298
75600000	1.8382949883699418
75640000	1.886883899307251
75680000	1.8924468029543757
75720000	1.8492019147247076
75760000	2.085924530059099
75800000	2.1364687709987162
75840000	2.0244592153728007
75880000	1.9347043527275325
75920000	1.9041876589551567
75960000	1.9159479309797287
76000000	1.7644803278535603
76040000	1.6953321044385434
76080000	1.7141898858085274
76120000	2.003298133483529
76160000	1.977030575963855
76200000	2.100752214129269
76240000	2.0187989599138496
76280000	1.828740415918827
76320000	2.019214562943578
76360000	2.0659003826141356
76400000	1.847257336562872
76440000	1.8139088848665357
76480000	1.8327486611247064
76520000	1.855335159496963
76560000	2.152615689367056
76600000	1.8374514983087777
76640000	1.968828170645237
76680000	1.9368036075174808
76720000	1.867955875954032
76760000	1.90407913839221
76800000	1.788262875919044
76840000	1.9258188057869672
76880000	1.7198908614099027
76920000	2.0375588271677496
76960000	1.9269010663822292
77000000	2.010391644358635
77040000	2.0788533560469746
77080000	1.855570390599966
77120000	1.8136875877961516
77160000	1.7905042160496116
77200000	1.989703062263131
77240000	2.033961691957712
77280000	1.9219984145015478
77320000	1.9156079052984714
77360000	1.944902153813839
77400000	1.9497221686258912
77440000	2.0570682447329163
77480000	1.99895111489743
77520000	2.1310689844727517
77560000	2.070663913112879
77600000	2.109383795654774
77640000	1.894655639539659
77680000	2.087140970598161
77720000	1.8436977078855037
77760000	1.8613647736594081
77800000	1.8359689358741045
77840000	1.7388386514231562
77880000	1.7099101293593646
77920000	1.8040769071280955
77960000	1.8771984987944366
78000000	1.8943176893711091
78040000	2.0173459357991814
78080000	1.9039196581065654
78120000	1.9485792220920324
78160000	1.9823646537110209
78200000	2.016607989491522
78240000	2.1324258690238
78280000	1.9550402474045754
78320000	1.8901859412699937
78360000	1.9193389471203088
78400000	1.7495017716348171
78440000	1.7855974337220193
78480000	1.90275421795696
78520000	2.2434940644800663
78560000	1.9089075805708766
78600000	1.9283041366010905
78640000	1.9038557875975965
78680000	1.753721793821454
78720000	2.0896955746099355
78760000	1.9308404524445533
78800000	1.8922976210027933
78840000	2.0104650954157113
78880000	1.9029861204743386
78920000	1.801526738677919
78960000	1.8459846599072218
79000000	2.0121493724867703
79040000	1.7816510406687855
79080000	1.834385309919715
79120000	2.012845934972167
79160000	1.9669987956196069
79200000	1.8928707663998008
79240000	2.1474065963029862
79280000	2.062860351203382
79320000	1.7503388694152235
79360000	1.7121980147227644
79400000	1.8183397255167366
79440000	1.7527408285677433
79480000	1.7648767551109195
79520000	1.7758790310829877
79560000	1.7593381641358137
79600000	1.9743469374209643
79640000	1.9693598961263894
79680000	1.9984059155970813
79720000	1.9044702325940133
79760000	1.9600323529824615
79800000	1.9054138802453875
79840000	1.9213486749395727
79880000	1.6953098253935575
79920000	1.7694264941498636
79960000	1.797526797232032
80000000	1.6977512921199203
80040000	1.9489496913090347
80080000	1.8517033223226667
80120000	1.9607897943615913
80160000	1.8694383028179407
80200000	1.7197036278262734
80240000	1.9301201643019914
80280000	1.6749965571686625
80320000	1.6525810277730226
80360000	1.8589999117285014
80400000	1.7784096793919801
80440000	1.8384473557651042
80480000	1.8942117547467352
80520000	1.8279879589870571
80560000	1.7631087006598711
80600000	1.960743129569292
80640000	1.9533082990586759
80680000	1.7877555260717868
80720000	1.8050071366369724
80760000	1.7716526805967092
80800000	1.7992997329726814
80840000	1.7075099734917283
80880000	1.8614361342757941
80920000	1.8863655327439308
80960000	1.6936901972219347
81000000	1.6374445473998784
81040000	1.9248657230317592
81080000	1.7350313044428824
81120000	1.8001252289757133
81160000	1.6453059118509292
81200000	1.6360236837625504
81240000	1.8232871428340673
81280000	2.013221194277704
81320000	1.868003626230359
81360000	1.8904492035612463
81400000	2.0975360029131176
81440000	1.9104314748033882
81480000	1.9920415237799287
81520000	1.8652960107952357
81560000	2.101348236981034
81600000	2.0604118108287452
81640000	1.9563162124931812
81680000	1.7985809944584965
81720000	2.052654100456834
81760000	2.03418008428365
81800000	1.829821962659061
81840000	1.7326153936758637
81880000	1.8605205837264658
81920000	1.7933637285515667
81960000	1.8154956287279724
82000000	1.9340373223900795
82040000	1.8479447049528361
82080000	1.7319419962763787
82120000	1.8075168993219732
82160000	1.7472780075103045
82200000	1.8322850325703621
82240000	1.6980709480792284
82280000	1.8751878687277437
82320000	1.8014152505546808
82360000	1.8673947515040636
82400000	1.8274174664765597
82440000	1.7901870524346828
82480000	1.9261700134024025
82520000	1.9091403005957603
82560000	1.7317574714839459
82600000	1.8266113922178746
82640000	1.6410141073986888
82680000	1.5773273911267518
82720000	1.638908466629684
82760000	1.8299574897140265
82800000	2.021237109614909
82840000	1.8557384557008743
82880000	1.7402078485965728
82920000	1.7863106912627815
82960000	1.7708338770732284
83000000	1.7192265053898097
83040000	1.8292708989471198
83080000	1.9395420225709676
83120000	1.7642231226205827
83160000	2.0147183630868795
83200000	1.9775007445394992
83240000	1.795080008456111
83280000	1.8765522095546125
83320000	2.008168584047258
83360000	1.8212456293135881
83400000	1.7651785591438414
83440000	1.7510046411707998
83480000	1.786918178384006
83520000	1.7148645272344352
83560000	1.753139902432263
83600000	1.6912694810971618
83640000	1.7030727154925465
83680000	1.8337091251909732
83720000	1.7307337243542076
83760000	1.8116900872677564
83800000	1.813418961545825
83840000	1.726305736117065
83880000	1.6982473750293254
83920000	1.6410880147993565
83960000	1.7588789759367705
84000000	2.0094876529201864
84040000	1.7485062490932644
84080000	1.646253844307363
84120000	1.7990604481220245
84160000	1.7450589064002038
84200000	1.6929990004941822
84240000	1.726584302380681
84280000	1.748855340412259
84320000	1.782656610585749
84360000	1.8135560682788492
84400000	1.7680074822813272
84440000	1.7570753450721501
84480000	1.7494089849218726
84520000	1.7375109046414494
84560000	1.8248164967522025
84600000	1.6989149248301982
84640000	1.7143494067773224
84680000	1.6484160550236702
84720000	1.7475857114970683
84760000	1.692005050945282
84800000	1.7555442249327897
84840000	1.6480325752064586
84880000	1.973354313223064
84920000	1.7420724685013294
84960000	1.818203597088158
85000000	1.8059193103015423
85040000	1.6014925815716385
85080000	1.7178389154553413
85120000	1.6691205530688167
85160000	1.7802621555715799
85200000	1.7531510214239359
85240000	1.86690361033082
85280000	1.7685621451079845
85320000	1.8215587800890207
85360000	1.8845665320679545
85400000	1.726247021751106
85440000	1.830539944049716
85480000	1.9051197177708148
85520000	1.7974520146131516
85560000	1.846697202308476
85600000	1.7788185710176825
85640000	1.7578896040335297
85680000	1.816951206216216
85720000	1.6180544626012445
85760000	1.7544507359907031
85800000	1.8789945947542788
85840000	1.7612167454555632
85880000	1.797051442052424
85920000	1.7027935890629888
85960000	1.8818446445971728
86000000	1.705076397615671
86040000	1.6704047892481089
86080000	1.6026406079784035
86120000	1.6224317164182662
86160000	1.6437519627138972
86200000	1.671155226060748
86240000	1.5794164155349135
86280000	1.8040642836481333
86320000	1.8177865020737052
86360000	1.7918934833049773
86400000	1.7922420548260212
86440000	1.7103487789362668
86480000	1.8321572209566832
86520000	1.7742321388736366
86560000	1.6507412247553468
86600000	1.4935335140034556
86640000	1.6913671587869525
86680000	1.712615192565322
86720000	1.582542730976641
86760000	1.6439319904431702
86800000	1.8207474109083415
86840000	1.7862022669240831
86880000	1.7285392169728875
86920000	1.6694443833440542
86960000	1.621695821879804
87000000	1.7145204029396177
87040000	1.7572380355879664
87080000	1.741181969460845
87120000	1.528914349257946
87160000	1.7033743030905724
87200000	1.729937746436894
87240000	1.8293052207499743
87280000	1.6988356943964957
87320000	1.6952327722877265
87360000	1.725557117292285
87400000	1.6483147504240274
87440000	1.743036094276607
87480000	1.7861753331556915
87520000	1.7476028673112391
87560000	1.74587715806216
87600000	1.7229526097774506
87640000	1.6961228118732572
87680000	1.8550049614220858
87720000	1.8837973673433066
87760000	1.8684326777592302
87800000	1.7689777382537724
87840000	1.7549670626327396
87880000	1.736411655691266
87920000	1.7026752661287785
87960000	1.724969869709015
88000000	1.6205447651043534
88040000	1.620422650681436
88080000	1.6450335833624006
88120000	1.6573257135137915
88160000	1.6174707289516925
88200000	1.5592213902801275
88240000	1.7588691222012043
88280000	1.7094888020783663
88320000	1.6361882119521498
88360000	1.674344926904142
88400000	1.7128757197767497
88440000	1.6964465886637567
88480000	1.679793860079348
88520000	1.6550337176531553
88560000	1.6885375704914332
88600000	1.5876055384516716
88640000	1.679834498925507
88680000	1.8478709710896015
88720000	1.7026928767338396
88760000	1.6015537444636225
88800000	1.5534366340965033
88840000	1.636827363371849
88880000	1.640843589785695
88920000	1.7602243696391582
88960000	1.7388432112380863
89000000	1.7051137372806668
89040000	1.7526144685819744
89080000	1.803082824088633
89120000	1.8282401156887411
89160000	1.8494495154991746
89200000	1.7835970139592885
89240000	1.7139226295173169
89280000	1.7228294711574912
89320000	1.8862180849775672
89360000	1.840602353873849
89400000	1.6479593013048173
89440000	1.851562480853498
89480000	1.7231007314190268
89520000	1.6768871413722635
89560000	1.695319999475777
89600000	1.6673763605982066
89640000	1.637931787829101
89680000	1.6667635858371854
89720000	1.65516085652709
89760000	1.8407111070722342
89800000	1.7221526366457343
89840000	1.7556734014347195
89880000	1.6788578198760749
89920000	1.7009282690897585
89960000	1.9536589369818569
90000000	1.7453241182908417
90040000	1.8240749683320523
90080000	1.7352304204538465
90120000	1.7336007355317473
90160000	1.7301831784382462
90200000	1.7366455779358745
90240000	1.7727490936264396
90280000	1.789427247223258
90320000	1.6466336507439614
90360000	1.8322562219381333
90400000	1.791096593180299
90440000	1.7544843837469817
90480000	1.8134918386742473
90520000	1.8815985015884042
90560000	1.7127326404586434
90600000	1.718738386105001
90640000	1.6586061859488488
90680000	1.702706108790636
90720000	1.5499119523182512
90760000	1.6295384734347462
90800000	1.7788460188597441
90840000	1.8012681545659899
90880000	1.790441494628787
90920000	1.799917509059608
90960000	1.7100339894473553
91000000	1.6445570862427354
91040000	1.6533045867741107
91080000	1.731823347592354
91120000	1.695229630278051
91160000	1.657035948805511
91200000	1.7348151410624384
91240000	1.6070463835120201
91280000	1.7902249109774828
91320000	1.6929771526813506
91360000	1.6547464667111635
91400000	1.8801589156806469
91440000	1.8020538149371743
91480000	1.7128861717134714
91520000	1.7225799018830061
91560000	1.7236566982865333
91600000	1.5841165366858243
91640000	1.6190449608534574
91680000	1.7182126964583992
91720000	1.6411474041745067
91760000	1.72336405018121
91800000	1.65098853225708
91840000	1.7084435711234809
91880000	1.6060124472513795
91920000	1.7859159006476402
91960000	1.6236435394600033
92000000	1.7482707334652543
92040000	1.7759615009441971
92080000	1.7472813948258759
92120000	1.88776323826015
92160000	1.7595967628046871
92200000	1.7586441641971469
92240000	1.6643181402236222
92280000	1.4900770705476403
92320000	1.5985004927843809
92360000	1.7001175223901868
92400000	1.7197279659584164
92440000	1.6608722861617804
92480000	1.4914041282579302
92520000	1.615170113323629
92560000	1.788214805844426
92600000	1.7143776067480445
92640000	1.685814433272183
92680000	1.8130538468554616
92720000	1.7532604345723986
92760000	1.695631446737051
92800000	1.8633354602113366
92840000	1.8610552443146706
92880000	1.621610515728593
92920000	1.7184934790551663
92960000	1.7292391641438007
93000000	1.6807961578756572
93040000	1.633384567682445
93080000	1.5262998166054487
93120000	1.720093699041009
93160000	1.6601173971071839
93200000	1.6526509723901748
93240000	1.6433510437235237
93280000	1.7239000192776321
93320000	1.6009386944785715
93360000	1.7999056889384986
93400000	1.715634776943922
93440000	1.716590407194197
93480000	1.6370336870461701
93520000	1.731908466488123
93560000	1.5961559380099177
93600000	1.6038876222372056
93640000	1.659705542974174
93680000	1.6998608172386884
93720000	1.6139295257762074
93760000	1.6876923427723347
93800000	1.5649008947461844
93840000	1.766230696311593
93880000	1.7530185022175313
93920000	1.5708115699127316
93960000	1.7966948719382285
94000000	1.8170914149731399
94040000	1.7823225801467895
94080000	1.7672038222834467
94120000	1.6624556740745902
94160000	1.652664916114509
94200000	1.6525525386586786
94240000	1.743436048835516
94280000	1.6607004757598043
94320000	1.6567601182967424
94360000	1.7175268231093883
94400000	1.6048592735230922
94440000	1.705246938496828
94480000	1.636826674310863
94520000	1.5474817160531877
94560000	1.5244549355730415
94600000	1.7415029662966728
94640000	1.645926354944706
94680000	1.7638753042161466
94720000	1.8203107100173832
94760000	1.770975013203919
94800000	1.7413706943899394
94840000	1.7663155033707618
94880000	1.7304456433340907
94920000	1.6414618787631392
94960000	1.6510890811562537
95000000	1.7201006045565008
95040000	1.5870518344312907
95080000	1.5577316975638271
95120000	1.6772860067099333
95160000	1.579493704123795
95200000	1.608276529712975
95240000	1.771313655808568
95280000	1.7339815524250268
95320000	1.7471366371124983
95360000	1.6241656793385744
95400000	1.6357900432229042
95440000	1.5501677917927503
95480000	1.458345087120682
95520000	1.622288613781333
95560000	1.6781870512723922
95600000	1.60815705101341
95640000	1.5911461399644613
95680000	1.7006464258149265
95720000	1.6058703056290746
95760000	1.6713145111605525
95800000	1.7131734095469118
95840000	1.7768743248298764
95880000	1.5957339991882444
95920000	1.796985013242066
95960000	1.7207274261489511
96000000	1.533721287290752
96040000	1.709468972940743
96080000	1.6058769595116378
96120000	1.6715683544129134
96160000	1.550781379507482
96200000	1.6133829463079572
96240000	1.6463120958387851
96280000	1.9077476377561688
96320000	1.805159952148795
96360000	1.6860055168911814
96400000	1.630599519827962
96440000	1.6080601765230298
96480000	1.569791540336609
96520000	1.6233143359437585
96560000	1.752372225548327
96600000	1.6943131912887097
96640000	1.766701741246879
96680000	1.6211613995999097
96720000	1.600971704377234
96760000	1.5625003017053007
96800000	1.58083909509629
96840000	1.6453854517921804
96880000	1.5553490873515605
96920000	1.8812680183127521
96960000	1.7480130243122578
97000000	1.7809120072111488
97040000	1.8370971247062087
97080000	1.742558739890158
97120000	1.6473696220383047
97160000	1.5917646748974918
97200000	1.641041002574563
97240000	1.6276435110658407
97280000	1.6817263445258142
97320000	1.6716539793133736
97360000	1.8063614841893316
97400000	1.6872279489532114
97440000	1.457545674598217
97480000	1.6479770315274596
97520000	1.541453707280755
97560000	1.65887120077461
97600000	1.7082400579676031
97640000	1.7746031721815467
97680000	1.6577991006582975
97720000	1.7135985970064997
97760000	1.7640968637377024
97800000	1.7724847671478987
97840000	1.6859559764549137
97880000	1.549911936171353
97920000	1.656848477138579
97960000	1.8008329254075885
98000000	1.7267626580022275
98040000	1.5788430005326868
98080000	1.5892464716255665
98120000	1.618909024490416
98160000	1.5326372470572591
98200000	1.6247748232670127
98240000	1.5274280917704106
98280000	1.554621715068817
98320000	1.681191649389267
98360000	1.5352603943541645
98400000	1.5791466339349747
98440000	1.586208442683518
98480000	1.647085107691586
98520000	1.6288646186873317
98560000	1.6711441302090884
98600000	1.6318869981139899
98640000	1.5343160066977144
98680000	1.6198624792516232
98720000	1.7380133161082865
98760000	1.5880460612371563
98800000	1.4286832947582007
98840000	1.607666490267217
98880000	1.5998596546813846
98920000	1.5914434036403895
98960000	1.675491825003922
99000000	1.589282889701426
99040000	1.6089392430320382
99080000	1.5093546174928545
99120000	1.646152435220778
99160000	1.5636973243355752
99200000	1.6691462782531976
99240000	1.5285208829410375
99280000	1.5707474008053541
99320000	1.4333105932667851
99360000	1.5867869281977416
99400000	1.6515826976537704
99440000	1.6187694028154016
99480000	1.5352817575782538
99520000	1.528206486862898
99560000	1.6093630555421115
99600000	1.5561445784538985
99640000	1.5963195502981544
99680000	1.6305369771197438
99720000	1.6718962807014583
99760000	1.6192081783890724
99800000	1.71191833499223
99840000	1.7150223628088832
99880000	1.5930843037880957
99920000	1.5998021176159383
99960000	1.5872307467997073
100000000	1.6121056688025595
