240000	0.06101248664488085
280000	0.11387725043781102
320000	0.17036284030526877
360000	0.22118169077783822
400000	0.2657298467889428
440000	0.3273672570571303
480000	0.3819125494271517
520000	0.37288333166539667
560000	0.37017665755450724
600000	0.3730744144782424
640000	0.3673705401435494
680000	0.3729208283960819
720000	0.38367241745889186
760000	0.4013192665964365
800000	0.39757132027745246
840000	0.34622897076904774
880000	0.33897018384635447
920000	0.35384448240399363
960000	0.3674262900620699
1000000	0.43530078019201757
1040000	0.3896333164423704
1080000	0.3304622553154826
1120000	0.37531796160042286
1160000	0.47675999219119547
1200000	0.4929750959560275
1240000	0.5643338038265705
1280000	0.5687813908874989
1320000	0.5264004745543003
1360000	0.5726828245848418
1400000	0.6190437659204007
1440000	0.7407109139442444
1480000	0.788514957383275
1520000	0.844962281832099
1560000	0.8376573688596487
1600000	1.0563099134415388
1640000	1.011417342761159
1680000	0.8244190497934818
1720000	0.7454291859775781
1760000	0.781013764384389
1800000	0.9086270069807768
1840000	0.9423387869894505
1880000	0.9583829182147979
1920000	0.9202104281723499
1960000	0.999437654992938
2000000	1.138570301654935
2040000	1.1598822213262319
2080000	1.0245136151611804
2120000	1.1737851560354233
2160000	1.2831476678878069
2200000	1.2516233860969543
2240000	1.2513262214928866
2280000	1.2107510464727878
2320000	1.2333833457142114
2360000	1.189073943004012
2400000	1.0687387729883193
2440000	1.1681605702757836
2480000	1.410176440435648
2520000	1.307094822561741
2560000	1.4295880423307419
2600000	1.352209674102068
2640000	1.5261317407608033
2680000	1.5181024108469485
2720000	1.5977800376832485
2760000	1.6749947160184384
2800000	1.5578226990401745
2840000	1.4971618994027376
2880000	1.4927110625654458
2920000	1.6088473104774952
2960000	1.6101863840579986
3000000	1.7438428746640682
3040000	1.8479427217960358
3080000	1.8358669684886932
3120000	1.7819418747186662
3160000	1.7467122588694095
3200000	1.93402174077034
3240000	1.8253832243680954
3280000	1.7540760057210922
3320000	1.8247284076571464
3360000	2.016311720210314
3400000	1.99344272877872
3440000	2.2039690538525583
3480000	2.02003447329402
3520000	1.9682187083661555
3560000	2.138904875767231
3600000	2.0398872166931628
3640000	2.1248714820384977
3680000	1.8056758662998675
3720000	1.9483689018696546
3760000	1.7771007399886847
3800000	1.9013191530823708
3840000	2.095448245960474
3880000	2.246972289741039
3920000	1.9890351438879967
3960000	1.9565253110826015
4000000	2.2019981964588164
4040000	2.236720226997137
4080000	2.02476360194087
4120000	2.298727867585421
4160000	2.570895435446501
4200000	2.473293971157074
4240000	2.3905042467713358
4280000	2.596945470094681
4320000	2.8849930209457875
4360000	2.8794106359243394
4400000	2.6608541845202445
4440000	2.70578426156044
4480000	2.593181548076868
4520000	2.5626786065101625
4560000	2.0929572053313255
4600000	2.1717108276844024
4640000	2.0641521378695966
4680000	2.1607838063508273
4720000	2.16422805814147
4760000	2.3033172358572482
4800000	2.3604882322132585
4840000	2.382927962952852
4880000	2.359733405396342
4920000	2.340325386998057
4960000	2.2623860474318267
5000000	2.1371606419473888
5040000	2.3226948233544826
5080000	2.6874740428715946
5120000	2.6229246942579745
5160000	2.789481667327881
5200000	2.85844954880476
5240000	3.1725373076081276
5280000	3.232877254116535
5320000	3.5329404317319395
5360000	3.6246167722165583
5400000	3.125583793580532
5440000	3.0178652634561063
5480000	2.783014366841316
5520000	2.742692189717293
5560000	2.7264832313597203
5600000	2.5391969253450632
5640000	2.771373128387332
5680000	2.8809747784793376
5720000	2.3932638682574034
5760000	2.4398328585267066
5800000	2.5281516768038275
5840000	2.4009967681258915
5880000	2.7075926621258257
5920000	2.5069115456789732
5960000	2.3076733597397805
6000000	2.230274144178629
6040000	2.3452668972402813
6080000	2.5168610554218294
6120000	2.504764471307397
6160000	2.6904281436264514
6200000	2.7429160040974616
6240000	2.944964843273163
6280000	2.4257006514310837
6320000	2.263958448264003
6360000	2.4359067250698807
6400000	2.722782857644558
6440000	2.720182035854459
6480000	2.6865208031475545
6520000	2.400908559897542
6560000	2.164360814678669
6600000	2.2054439787358047
6640000	2.240441263028979
6680000	2.4775061855733393
6720000	2.7074741705596446
6760000	2.518478134959936
6800000	2.365785734343529
6840000	2.2193786332428456
6880000	2.2044517265111208
6920000	2.0864988404423
6960000	2.2199358637422324
7000000	2.451248250898719
7040000	2.4572703191548584
7080000	2.3021626322448254
7120000	2.3498307396173477
7160000	2.408195699977875
7200000	2.379733548849821
7240000	2.53261226927042
7280000	2.586673440542817
7320000	2.48016617346108
7360000	2.7245718531489374
7400000	2.8580229393690826
7440000	2.882666980588436
7480000	3.0475394992113114
7520000	3.04685280187726
7560000	3.2868061863362787
7600000	3.0982815477132797
7640000	2.746731760877371
7680000	2.396048914632201
7720000	2.2909425863564015
7760000	2.402988278451562
7800000	2.196891812351346
7840000	2.4929451130867006
7880000	2.5526211564540864
7920000	2.797034565925598
7960000	2.7715463964492084
8000000	2.4757289008289574
8040000	2.8014358703225852
8080000	2.799769784629345
8120000	2.8611341911375523
8160000	2.874887785241008
8200000	3.0200921865999697
8240000	3.0228964197605848
8280000	3.1285942412853243
8320000	3.1752438590407372
8360000	3.101281384885311
8400000	3.0314709996670484
8440000	2.799817818379402
8480000	2.757132274144888
8520000	2.831111070972681
8560000	2.7822196872621774
8600000	2.990349417489767
8640000	2.8293593295395376
8680000	2.4655377012044193
8720000	2.341789560416341
8760000	2.32855328989923
8800000	2.0898979091763494
8840000	2.0218487146645785
8880000	1.9216521760731935
8920000	2.1523263905137777
8960000	2.2098544728189706
9000000	2.6671844213068487
9040000	3.0845135913074015
9080000	3.090782884943485
9120000	3.1463763284415007
9160000	3.3454128354281187
9200000	3.144834341213107
9240000	2.952160272270441
9280000	2.8849090363442897
9320000	2.9027324218779804
9360000	2.852343551659584
9400000	2.7878381144821645
9440000	2.911268613567948
9480000	2.75570758972764
9520000	2.983510904955864
9560000	3.2595189450353383
9600000	3.4546150480985642
9640000	3.3091778910875322
9680000	3.658296557629108
9720000	3.65311351287961
9760000	3.2315061846375466
9800000	3.386414211887121
9840000	3.3755117397129535
9880000	3.3231382997721433
9920000	3.295097402796149
9960000	3.1664972497940065
10000000	2.9543549948096275
10040000	2.9185235242962837
10080000	2.8795431170165537
10120000	2.7101867469370364
10160000	2.5111637162029745
10200000	2.700683468735218
10240000	3.0430650027543305
10280000	2.8181556907206775
10320000	2.772387455201149
10360000	2.709379652130604
10400000	2.891241174647212
10440000	2.7978454145669938
10480000	2.9629195419847965
10520000	3.107579820331931
10560000	3.078951111060381
10600000	2.9294288188457487
10640000	2.720798557668924
10680000	2.7201430411875247
10720000	2.878706494036317
10760000	2.727600344890356
10800000	2.8782195028424264
10840000	2.825853398609161
10880000	2.856723033320904
10920000	2.699002552908659
10960000	2.5978679107159377
11000000	2.6505403529942035
11040000	2.961460420167446
11080000	3.2680426860332488
11120000	3.3739323156148195
11160000	2.905669158923626
11200000	2.728268512785435
11240000	2.8414210691839457
11280000	2.962959031933546
11320000	3.067068924817443
11360000	2.951882945114374
11400000	3.0574796575188636
11440000	3.364514781320095
11480000	3.1590888026714325
11520000	3.0102449299275875
11560000	2.8874662754833698
11600000	2.8442333727896214
11640000	2.5324704329311847
11680000	2.4109055755227806
11720000	2.7180770419031384
11760000	2.8708060862243174
11800000	3.0015665716201068
11840000	3.1010049180269244
11880000	3.2334271459668873
11920000	3.0796020063340666
11960000	3.1124576594144107
12000000	3.2604030025035144
12040000	2.9948826951652765
12080000	2.8193445878714325
12120000	3.0360324893891812
12160000	3.168791201555729
12200000	3.075237022894621
12240000	3.2098502370715143
12280000	3.171081931388378
12320000	3.3664111891150474
12360000	3.5437159985780715
12400000	3.6067139700293542
12440000	4.002003930699825
12480000	3.3877409182667733
12520000	3.529385747921467
12560000	3.2485858334839346
12600000	3.44483713965714
12640000	3.410235878247023
12680000	3.7970557380825283
12720000	3.786822213846445
12760000	3.602313747161627
12800000	3.6099567653775213
12840000	3.242208590990305
12880000	3.06714676297307
12920000	2.9470596962988376
12960000	2.7809295339643954
13000000	2.797934105783701
13040000	2.848592073109746
13080000	2.7992987928509714
13120000	2.7726077020943163
13160000	2.746677648204565
13200000	2.6209629544079305
13240000	2.7554835276663305
13280000	2.590563586127758
13320000	2.507748629820347
13360000	2.9121337365567683
13400000	2.840182524755597
13440000	3.1425530391216276
13480000	2.9759725085496904
13520000	2.8088499377310274
13560000	2.9832272904872896
13600000	3.212689460682869
13640000	3.6854127835571764
13680000	3.4461263714671135
13720000	3.422611750102043
13760000	3.4581629917651413
13800000	2.997611072790623
13840000	2.9104626768767834
13880000	2.78859364067018
13920000	2.6391359658837317
13960000	2.658120941647887
14000000	2.588006950554252
14040000	2.570565444388986
14080000	2.401624219584465
14120000	2.5107865400403737
14160000	2.6030185187250376
14200000	2.7021462994664907
14240000	2.8119696664988996
14280000	2.8767272913634776
14320000	2.889402986115217
14360000	2.74062102484107
14400000	2.823757389777899
14440000	2.8070968264639378
14480000	3.0279664491057394
14520000	2.9324160514473916
14560000	2.6850075096160175
14600000	2.6270829150617123
14640000	2.548116099655628
14680000	2.5625117834091187
14720000	2.7482115331321957
14760000	2.674804648697376
14800000	2.5376625167518854
14840000	2.802392779108882
14880000	3.0236514373481276
14920000	2.9705296245992185
14960000	2.7962193515241145
15000000	2.894186166730523
15040000	3.114047059351206
15080000	3.139224286347628
15120000	3.0158640002548696
15160000	3.021435034286976
15200000	3.250889173203707
15240000	3.3533624469578265
15280000	3.326278185969591
15320000	3.0471109420061113
15360000	2.728806782755256
15400000	2.6843918099284174
15440000	2.9569110766470432
15480000	3.3408679289489984
15520000	3.502355986660719
15560000	3.491138026744127
15600000	3.244069467318058
15640000	2.90644699229002
15680000	2.8413853376060723
15720000	2.8241133963793517
15760000	2.928216833806038
15800000	2.83264978839159
15840000	2.811135629838705
15880000	2.6529619026482107
15920000	2.964964902445674
15960000	3.200409269362688
16000000	3.324639840194583
16040000	3.373984367546439
16080000	3.0501913817167283
16120000	3.0157661226123573
16160000	3.115785825973749
16200000	3.3432535770207643
16240000	3.1031007600426674
16280000	3.054859855213761
16320000	2.8837251249149443
16360000	2.9419123736321926
16400000	3.0522989534020426
16440000	2.9527563302129507
16480000	3.261992137953639
16520000	3.1324354150325058
16560000	3.3153580149322748
16600000	3.342674931383133
16640000	3.093589084970951
16680000	3.015818530380726
16720000	3.0531522723793985
16760000	2.9803269506692884
16800000	2.972112044212222
16840000	2.9750932367384433
16880000	3.054100889220834
16920000	3.18898821952641
16960000	2.911235794702172
17000000	2.8556888498216866
17040000	2.9982077648162844
17080000	2.9118559665203096
17120000	3.055801338648796
17160000	3.305363472136855
17200000	3.3168291714519262
17240000	3.20628469991982
17280000	3.1855778446525336
17320000	3.1996041018664836
17360000	3.135937495625019
17400000	3.0716084689587353
17440000	2.850567453420162
17480000	3.0169110158711674
17520000	2.5939646365374327
17560000	2.7349819753110407
17600000	2.847755981570482
17640000	2.8005287199497224
17680000	2.824939784941077
17720000	2.455736147725582
17760000	2.4773912193894385
17800000	2.5152220005065202
17840000	2.428845017144084
17880000	2.605713251909614
17920000	2.638040016528964
17960000	2.468611355867982
18000000	2.491724644371867
18040000	2.570350250968337
18080000	2.7073863256186246
18120000	2.7068601981282234
18160000	2.8876846576273443
18200000	2.9760140248835087
18240000	3.311841591194272
18280000	3.588923436170816
18320000	3.559732901188731
18360000	3.7241542456626893
18400000	3.6318806003183126
18440000	3.444160226458311
18480000	3.6198926492154597
18520000	3.5011852997660635
18560000	3.377828748330474
18600000	3.315161663240194
18640000	3.3344757898688315
18680000	3.4013722597062586
18720000	3.4243287221074103
18760000	3.4873624538451433
18800000	3.7047280529558657
18840000	3.877041036719084
18880000	3.7842319605529307
18920000	3.9346499994277955
18960000	3.754903957080841
19000000	3.3341885364621877
19040000	3.2078869353741406
19080000	3.2585530334234236
19120000	3.3280251795887947
19160000	3.002341889962554
19200000	3.206976832380891
19240000	2.9757510467886923
19280000	3.0845558284342287
19320000	3.044590938910842
19360000	3.0860330778867007
19400000	2.8704884985774757
19440000	2.6580155425190926
19480000	2.922112691998482
19520000	2.5736762696266173
19560000	2.908688454833627
19600000	2.997841142460704
19640000	3.2125287906706332
19680000	3.0894191239118576
19720000	3.0232859766334297
19760000	3.0119645812273026
19800000	3.1926372817754745
19840000	3.32933801009655
19880000	3.4887277478456498
19920000	3.2235758759915827
19960000	3.215039822334051
20000000	3.1814091754078864
20040000	3.0435754542768003
20080000	3.069033159440756
20120000	2.804448675750196
20160000	2.831090437683463
20200000	3.161753269457817
20240000	3.037144824796915
20280000	3.069127800372243
20320000	3.236035919350386
20360000	3.356154219245911
20400000	3.341728389391303
20440000	3.245169056382775
20480000	3.435470799201727
20520000	3.5424743441820143
20560000	3.463595433086157
20600000	3.741177813822031
20640000	3.684094709545374
20680000	3.281072503685951
20720000	3.197467112657428
20760000	3.102650610908866
20800000	3.29563571267724
20840000	3.3899876830875875
20880000	3.3885830775260923
20920000	3.074255675137043
20960000	2.945594478082657
21000000	3.154271037325263
21040000	3.0012939478486778
21080000	2.9477547877013683
21120000	3.0266441065102816
21160000	3.035022103601694
21200000	2.8298006585866213
21240000	2.761931339508295
21280000	2.799666839444637
21320000	3.0458526243150232
21360000	2.9618279402852057
21400000	3.323427316334844
21440000	3.1460990843355656
21480000	2.945664612641931
21520000	2.9534995560765265
21560000	2.971554635703564
21600000	2.8763036987662316
21640000	2.727939278960228
21680000	2.9704460915476085
21720000	3.2412326967239378
21760000	3.0753404234170914
21800000	2.9004709154367445
21840000	2.801109970459342
21880000	2.7449680887639523
21920000	2.8386401598095894
21960000	2.8459159160882233
22000000	3.218630280730128
22040000	3.484879953917861
22080000	3.389682053592801
22120000	3.3827260039776563
22160000	3.2020780755758285
22200000	3.079517589583993
22240000	3.4341059689790012
22280000	3.3040384005784986
22320000	3.006213673636317
22360000	2.869334125909209
22400000	2.5836241811275484
22440000	2.7066687152773143
22480000	2.8538263417690994
22520000	2.967813502937555
22560000	2.6717004948973657
22600000	2.7203538019001483
22640000	2.6617940674304963
22680000	2.587180981913209
22720000	2.4048277463585137
22760000	2.368956365185976
22800000	2.5568863819092513
22840000	2.5158295844823124
22880000	2.779263099879026
22920000	2.716884050929546
22960000	2.716715263697505
23000000	3.0617114582449196
23040000	2.9768905404120685
23080000	2.7566362724721434
23120000	2.8540303902596236
23160000	2.782622579395771
23200000	2.8308380132496356
23240000	2.7566705009102823
23280000	2.720927733182907
23320000	2.6086326006919145
23360000	2.6865202525913716
23400000	2.701699109044671
23440000	2.6838298507243397
23480000	2.5512582985401155
23520000	2.457419277980924
23560000	2.578309681981802
23600000	2.6525894540697337
23640000	2.7954415608137846
23680000	2.8703310752242803
23720000	2.843071154341102
23760000	2.5149943509578705
23800000	2.4673843314141033
23840000	2.569584861886501
23880000	2.5905826710641384
23920000	2.414088136869669
23960000	2.5405018428057433
24000000	2.548819523701072
24040000	2.6039707810521127
24080000	2.614419821098447
24120000	2.643357383313775
24160000	2.3231493555665015
24200000	2.3093044906914235
24240000	2.3716176074445245
24280000	2.419246343913674
24320000	2.3764389477312564
24360000	2.6461058535367252
24400000	2.6722445702195166
24440000	2.549232963436842
24480000	2.496603365761042
24520000	2.688116908171773
24560000	2.619094923573732
24600000	2.640679165560007
24640000	2.558615657684207
24680000	2.7319218478620053
24720000	2.8353596643328665
24760000	3.0183464274048806
24800000	2.8812701067984103
24840000	2.932648333209753
24880000	2.9189485132575035
24920000	2.91164218788445
24960000	2.92725984108448
25000000	2.7974420256316663
25040000	2.868988606646657
25080000	2.7214193972587584
25120000	2.6309828859210014
25160000	2.574110901704431
25200000	2.63556151779294
25240000	2.725058848980069
25280000	2.6472315657675267
25320000	2.7633440429747105
25360000	2.7858598695904018
25400000	2.858117871004343
25440000	2.6983390541493892
25480000	2.8092597916811703
25520000	2.852628287786245
25560000	2.9032270924806594
25600000	2.823789694398642
25640000	2.862570127302408
25680000	2.8710870870888234
25720000	2.9490935088157655
25760000	3.1996583625197412
25800000	3.165330083593726
25840000	3.3438978583455086
25880000	3.132269698229432
25920000	3.2176663762509823
25960000	3.049674926674366
26000000	2.8883260774731636
26040000	2.790877712339163
26080000	2.9168012737452984
26120000	2.9433731523126365
26160000	2.803146492674947
26200000	2.762631780475378
26240000	2.5364258269041775
26280000	2.5019225726902485
26320000	2.4158461068838837
26360000	2.5614301303684712
26400000	2.4372452271491287
26440000	2.352011662122607
26480000	2.358943503519893
26520000	2.4594163453519347
26560000	2.7452337438821792
26600000	2.6431665696382525
26640000	2.6956945854097603
26680000	2.77531503354907
26720000	2.960792271718383
26760000	2.7559334796369077
26800000	2.653235208547115
26840000	2.6100144743561744
26880000	2.835117940810323
26920000	2.7631967268824575
26960000	2.8008070192694663
27000000	2.5589946786850692
27040000	2.4260214849621056
27080000	2.3963084987819196
27120000	2.646119635951519
27160000	2.6566037550747397
27200000	2.5313652834236624
27240000	2.4743607959091665
27280000	2.6360961874067783
27320000	2.6423959225565197
27360000	2.6200692899852993
27400000	2.5010902122974397
27440000	2.8333501113951205
27480000	2.8893284469991922
27520000	2.958899474132061
27560000	2.931591794317961
27600000	2.7536195124179126
27640000	2.6540709578186275
27680000	2.812651817011833
27720000	2.822550947189331
27760000	2.9054899487495423
27800000	3.138648194143176
27840000	3.14430446600914
27880000	3.1277534068375825
27920000	3.240120067819953
27960000	3.357587383878231
28000000	3.845613026538491
28040000	3.6331737694561483
28080000	3.31844958434999
28120000	3.253242785215378
28160000	3.0619084662914275
28200000	3.0913947935044765
28240000	3.1072732487767936
28280000	3.265417645838857
28320000	3.075688421237469
28360000	2.978693630629778
28400000	2.9088663159251213
28440000	2.667507883530855
28480000	2.691325499716401
28520000	2.937553018826246
28560000	2.913519932320714
28600000	2.990652615863085
28640000	2.653091021028161
28680000	2.7875437066107986
28720000	2.96276673758626
28760000	2.801081206589937
28800000	3.06700527895689
28840000	3.071551575747132
28880000	3.1343393843650817
28920000	3.199989247441292
28960000	3.182026709318161
29000000	3.176246743425727
29040000	3.234455150452256
29080000	3.4566461769253016
29120000	3.608847837251425
29160000	3.5653365373194217
29200000	3.488779261368513
29240000	3.473321747136116
29280000	3.4724426184594632
29320000	3.318577470859885
29360000	3.36088368550241
29400000	3.5538686768621206
29440000	3.489716904580593
29480000	3.3089627019792793
29520000	3.267292627760768
29560000	3.067330236917734
29600000	3.0685543060153724
29640000	3.002925670608878
29680000	2.9339961400836705
29720000	2.9429885285556314
29760000	2.9546871094733476
29800000	2.974625944811106
29840000	2.851598591557145
29880000	2.8589514514833687
29920000	2.9686003567785026
29960000	2.987986173430085
30000000	2.9697742409318684
30040000	2.830198850300908
30080000	2.74288371103704
30120000	2.7662292592525484
30160000	2.73600500164032
30200000	2.8096584751337765
30240000	2.7051753893733026
30280000	2.7648607443392277
30320000	2.7944168582051994
30360000	2.669500648009777
30400000	2.4693877431064846
30440000	2.491068563628197
30480000	2.6176876606285573
30520000	2.569810344287753
30560000	2.5768924074798822
30600000	2.439271024748683
30640000	2.630835530206561
30680000	2.7035456625938417
30720000	3.007196656996012
30760000	2.8094555730164052
30800000	2.822482920664549
30840000	2.9813463266789912
30880000	3.0102107240498066
30920000	2.956166180604696
30960000	3.3473647764027117
31000000	3.302567596668005
31040000	3.4803247808396818
31080000	3.142286413291097
31120000	3.016302232056856
31160000	3.0555138972103597
31200000	3.174473000589013
31240000	3.1546846855700017
31280000	3.198362147977948
31320000	2.998125063303113
31360000	2.8825818607658147
31400000	2.639360310071707
31440000	2.534576909506321
31480000	2.508339613392949
31520000	2.579089114356041
31560000	2.4241276899695396
31600000	2.5378378882318735
31640000	2.767936559411883
31680000	2.624738819390535
31720000	2.621719060716033
31760000	2.805040429699421
31800000	2.5882257969260216
31840000	2.7543131384283304
31880000	2.653833762875199
31920000	2.7448177574545145
31960000	2.634184036839008
32000000	2.725485077548027
32040000	2.9162843708932398
32080000	3.0028599678605796
32120000	2.954069655883312
32160000	3.1607863715797664
32200000	2.967396800148487
32240000	3.3234959001690147
32280000	3.3004865223646163
32320000	3.125504639276862
32360000	3.1447279257297516
32400000	3.1419973191410304
32440000	3.065263040703535
32480000	3.0450785261809825
32520000	2.915132471626997
32560000	2.937293134754896
32600000	2.79384452470839
32640000	2.7303943758577107
32680000	2.7603419813364742
32720000	2.6220402112454178
32760000	2.54457626195848
32800000	2.810547238740325
32840000	2.9379882620036604
32880000	2.814128359481692
32920000	2.750584035885334
32960000	2.7082213535577058
33000000	2.7863065742850304
33040000	2.8713390450775624
33080000	2.8049257417947056
33120000	2.821052573275566
33160000	2.8210078578561544
33200000	2.827024441707134
33240000	2.565154693770409
33280000	2.5288091184586285
33320000	2.618909521818161
33360000	2.403115386903286
33400000	2.4049449844777584
33440000	2.537840383121371
33480000	2.508172227373719
33520000	2.425951106092334
33560000	2.5885417437106373
33600000	2.4599406380742788
33640000	2.617146587091684
33680000	2.6834420590668917
33720000	2.758652989631891
33760000	2.7780458934545518
33800000	2.6665621100366117
33840000	2.6150490546047687
33880000	2.525475115519762
33920000	2.568979531607032
33960000	2.9187946531116964
34000000	2.654747986546159
34040000	2.3253175214976074
34080000	2.1980359552681445
34120000	2.357702554357052
34160000	2.327033635762334
34200000	2.3776871761262415
34240000	2.5156590689182283
34280000	2.64429465123415
34320000	2.745734210279584
34360000	2.4938045984506605
34400000	2.540718025252223
34440000	2.5379544461995365
34480000	2.607440289622545
34520000	2.6223321652203797
34560000	2.7485013644367458
34600000	2.783803562015295
34640000	3.0916678988516333
34680000	3.091408255919814
34720000	2.9422206098645924
34760000	2.735312430346012
34800000	2.5953279580175876
34840000	2.5101323134839535
34880000	2.698162531682849
34920000	2.91556634940207
34960000	2.734546749550104
35000000	2.7353789948791265
35040000	2.384464415714145
35080000	2.4826980534106493
35120000	2.4506500856518745
35160000	2.4854207940638067
35200000	2.6065474188089373
35240000	2.444035992318392
35280000	2.6817235778987407
35320000	2.7686505060344935
35360000	2.939621286639571
35400000	2.8702072670668364
35440000	2.892278491473198
35480000	2.789074455887079
35520000	2.8517939122319222
35560000	2.7874495824187995
35600000	2.6319807469785212
35640000	2.553521489930153
35680000	2.821726606571674
35720000	2.733778492847085
35760000	2.7805401386350392
35800000	2.902369336846471
35840000	2.8178471433848142
35880000	2.8220700531244276
35920000	2.885444618791342
35960000	2.804474358394742
36000000	2.8155279305517675
36040000	2.7859236794412134
36080000	2.79718550311923
36120000	2.7165030025690795
36160000	2.8057478653907775
36200000	2.7611260792821644
36240000	2.6059587830245494
36280000	2.6450206531226637
36320000	2.580629538345337
36360000	2.7450108366012573
36400000	2.663411851590872
36440000	2.6376223140239716
36480000	2.8911989243000744
36520000	2.8660565680503844
36560000	2.8907283997118474
36600000	3.148912207391858
36640000	2.905357149618864
36680000	3.0444166662395
36720000	2.909760176163912
36760000	2.812550315365195
36800000	2.963860008123517
36840000	2.9549500875800847
36880000	2.979598553350568
36920000	2.6447606193065645
36960000	2.5277294189274313
37000000	2.3834224551171066
37040000	2.477889483255148
37080000	2.4761426281690597
37120000	2.7173953026741744
37160000	2.823562276121974
37200000	2.869158619594574
37240000	2.9780328486055136
37280000	3.066873472711444
37320000	3.022355697321892
37360000	3.0619873508244755
37400000	2.9792699809223415
37440000	3.025140957644582
37480000	2.854854115751386
37520000	2.6702194913238286
37560000	2.8019108598873017
37600000	2.7275677866905927
37640000	2.692729217290878
37680000	2.7942017762094737
37720000	2.8778729571551085
37760000	2.744431654959917
37800000	2.74021390016973
37840000	2.6083704357355835
37880000	2.747625593045354
37920000	2.7881656771600247
37960000	3.0495767285972835
38000000	3.095697574996948
38040000	3.184083773395419
38080000	3.2328351477235557
38120000	3.1473227786570788
38160000	3.1616858448177574
38200000	2.737127506953478
38240000	2.593405659300089
38280000	2.7342553124815225
38320000	2.72204569927454
38360000	2.7528149362653496
38400000	2.6300194038540123
38440000	2.78356203712821
38480000	2.7981822801172735
38520000	2.623357926672697
38560000	2.569761823567748
38600000	2.509262617123127
38640000	2.5156417752444744
38680000	2.4376103303790093
38720000	2.456141092327237
38760000	2.4092011816352605
38800000	2.328246490457654
38840000	2.459560349094868
38880000	2.413367075094581
38920000	2.5168368619292973
38960000	2.428115439403057
39000000	2.760363348737359
39040000	2.7426666709154843
39080000	2.7044439321100713
39120000	2.5865615590304136
39160000	2.5054943496763706
39200000	2.477565796148777
39240000	2.393810961470008
39280000	2.562134891974926
39320000	2.4037256534606217
39360000	2.553846701315045
39400000	2.3709093673765658
39440000	2.4658325109004973
39480000	2.4000159237444403
39520000	2.6062760088652372
39560000	2.4328687967270612
39600000	2.4443247895509006
39640000	2.3497065062135456
39680000	2.4855373104214666
39720000	2.49132915969193
39760000	2.4477412183880807
39800000	2.4848615050524474
39840000	2.8732128544181585
39880000	2.6939221038490535
39920000	2.5656157012522223
39960000	2.7306013567984104
40000000	2.693062996172905
40040000	2.502379723855853
40080000	2.5837713850200177
40120000	2.6940025292903185
40160000	2.765529448530078
40200000	2.6062795928448437
40240000	2.5677915369987487
40280000	2.52035258140862
40320000	2.766530546590686
40360000	2.7264061419576406
40400000	2.517450377655029
40440000	2.4833285650759938
40480000	2.350541307500005
40520000	2.4277250165879725
40560000	2.399445016488433
40600000	2.3914434793114663
40640000	2.3289703061759472
40680000	2.524345539614558
40720000	2.5352758991271256
40760000	2.7409300884485246
40800000	2.564135978421569
40840000	2.5689833097428085
40880000	2.7665151303261517
40920000	2.7300990656167268
40960000	2.835958325919509
41000000	2.7041533056795597
41040000	2.4114776171386243
41080000	2.416023721781373
41120000	2.55679479098618
41160000	2.4599590703874825
41200000	2.4893037756919862
41240000	2.554252868720889
41280000	2.4637882417827845
41320000	2.449037290264666
41360000	2.4467882666021588
41400000	2.485123241454363
41440000	2.5439318428069355
41480000	2.4644931323707104
41520000	2.3334773794323205
41560000	2.447709823420644
41600000	2.3933315433889626
41640000	2.2344449675291775
41680000	2.272095446330309
41720000	2.3201236963897944
41760000	2.413644853210449
41800000	2.412343033862114
41840000	2.529799961259961
41880000	2.4845923636704685
41920000	2.413960405291617
41960000	2.3284035345137117
42000000	2.4264028670459985
42040000	2.427041310325265
42080000	2.576177049380541
42120000	2.40697174628526
42160000	2.17455372736156
42200000	2.3214442965865136
42240000	2.3577583125174044
42280000	2.179210068550706
42320000	2.229028812339902
42360000	2.256060500347614
42400000	2.305869609236717
42440000	2.2118800578296183
42480000	2.147861925700307
42520000	2.3148241331130266
42560000	2.306561095285416
42600000	2.2184929943978786
42640000	2.1645094332695005
42680000	2.22369195343852
42720000	2.3675229494303465
42760000	2.4310082307696343
42800000	2.501074974894524
42840000	2.32179569581151
42880000	2.379233820924163
42920000	2.3020250201910732
42960000	2.368178808283806
43000000	2.488470165735483
43040000	2.4952002083808185
43080000	2.4506019581705334
43120000	2.557214980944991
43160000	2.697759406170249
43200000	2.646718060749769
43240000	2.6531315397024153
43280000	2.6203857012242078
43320000	2.630877638050914
43360000	2.463567011010647
43400000	2.4441426865905522
43440000	2.63143626306355
43480000	2.7757317280054092
43520000	2.8198710052758456
43560000	2.7864979105293752
43600000	2.7502526370465756
43640000	2.775249294626713
43680000	2.757815023881197
43720000	2.628085771039128
43760000	2.385458297508955
43800000	2.352335564145446
43840000	2.2895431007683276
43880000	2.3991308186084033
43920000	2.4015901909649373
43960000	2.390535824072361
44000000	2.245165913011134
44040000	2.405373265105486
44080000	2.4187071714013815
44120000	2.3532776161819697
44160000	2.4523104041069748
44200000	2.3457082605808974
44240000	2.3145941460818054
44280000	2.3140429729759693
44320000	2.4144392922610045
44360000	2.429518339765072
44400000	2.4721729380339386
44440000	2.237088057538867
44480000	2.140965051308274
44520000	2.01250336394608
44560000	2.0261041565597058
44600000	2.0240071322321893
44640000	2.2807698764711617
44680000	2.219280080881715
44720000	2.1982061757445335
44760000	2.3742215697258713
44800000	2.2865489396125076
44840000	2.62598178986907
44880000	2.6809908985197546
44920000	2.75511809733808
44960000	2.4183153357326983
45000000	2.540397382852435
45040000	2.2756336724609136
45080000	2.2458165181040766
45120000	2.393619671288133
45160000	2.2680965343147514
45200000	2.2834525659114124
45240000	2.393436077901721
45280000	2.4708323973327877
45320000	2.3572220845103264
45360000	2.4700867909908295
45400000	2.407894360888004
45440000	2.3393564453169704
45480000	2.397950344312191
45520000	2.3472628105431794
45560000	2.291984134438634
45600000	2.3442713881403208
45640000	2.2906548260301354
45680000	2.370199365758896
45720000	2.4130297171145676
45760000	2.362628151524067
45800000	2.3042560292214156
45840000	2.467167225980759
45880000	2.4812033363312485
45920000	2.39429430218339
45960000	2.319777885350585
46000000	2.5347826252400876
46040000	2.4960827629685403
46080000	2.5241084591776133
46120000	2.529657448321581
46160000	2.6043657950252292
46200000	2.4189149566233157
46240000	2.3862174451768396
46280000	2.431752449092269
46320000	2.3601909012198448
46360000	2.3131846197009085
46400000	2.434727420261502
46440000	2.3959578283309937
46480000	2.3494217865228655
46520000	2.3372493215620516
46560000	2.266500510251522
46600000	2.4031807087779047
46640000	2.464154218840599
46680000	2.3257600949406623
46720000	2.3426095572173598
46760000	2.442352327236533
46800000	2.4326723002821207
46840000	2.3270389422744513
46880000	2.2066151004731656
46920000	2.311272427469492
46960000	2.202603379780054
47000000	2.1708285383582115
47040000	2.456025779438019
47080000	2.4113280010506513
47120000	2.3961008866503835
47160000	2.292279527574778
47200000	2.2955414843201636
47240000	2.2453326394557953
47280000	2.262541870033741
47320000	2.184273017549515
47360000	2.13064199475497
47400000	2.1687475716739892
47440000	2.2100546784847976
47480000	2.2251700342029332
47520000	2.267619652363658
47560000	2.276430350372195
47600000	2.3224188339412213
47640000	2.517358765387535
47680000	2.5700944393634795
47720000	2.5673061820715666
47760000	2.580467460361123
47800000	2.5728098099678753
47840000	2.7571170120120048
47880000	2.6620513370633123
47920000	2.6025343068599702
47960000	2.532301691997051
48000000	2.382329218366742
48040000	2.4569267935454846
48080000	2.3098752325803042
48120000	2.226869401615858
48160000	2.2892916359946134
48200000	2.0590934135735033
48240000	2.097082571426034
48280000	2.0536674317657946
48320000	2.051191520360112
48360000	1.994956187570095
48400000	2.045938363292813
48440000	2.1681689364910124
48480000	2.2032819747924806
48520000	2.197398578232527
48560000	2.261361065661907
48600000	2.140902890524268
48640000	2.0561762794017793
48680000	2.1458450640171765
48720000	2.006935750102997
48760000	2.0157538557887076
48800000	2.2132416144609453
48840000	2.2501024287551643
48880000	2.2048186064362527
48920000	2.3804070361435414
48960000	2.288858234718442
49000000	2.3931570073992012
49040000	2.3020460404127836
49080000	2.357651098638773
49120000	2.41433498583138
49160000	2.5779605973362925
49200000	2.4369227363705637
49240000	2.4908204138308765
49280000	2.4791652463525535
49320000	2.531706926062703
49360000	2.509461528736353
49400000	2.4669624445408584
49440000	2.4152244567215444
49480000	2.50417819789052
49520000	2.3135778924018147
49560000	2.2357863631308077
49600000	2.234253799253702
49640000	2.3458059514999388
49680000	2.172447179381549
49720000	2.0751637087613344
49760000	2.0887984695792197
49800000	2.264331581825018
49840000	2.3415235793590545
49880000	2.2787786981105804
49920000	2.232401601859927
49960000	2.1895562993347646
50000000	2.0833230392724276
50040000	2.077137462538481
50080000	2.0845032164126636
50120000	2.166800205501914
50160000	2.0902950371682643
50200000	2.2317769929736855
50240000	2.251801519498229
50280000	2.239206323099136
50320000	2.242365500468016
50360000	2.342606437474489
50400000	2.4879371058672666
50440000	2.5716118085473774
50480000	2.268365698838234
50520000	2.2595683702245353
50560000	2.3665572140336035
50600000	2.410174704158306
50640000	2.577545521277189
50680000	2.3937641241639853
50720000	2.397898044964671
50760000	2.4668070405364038
50800000	2.4818045314788817
50840000	2.6157022647708654
50880000	2.402890218347311
50920000	2.5841739226013423
50960000	2.305727963089943
51000000	2.4411511712551115
51040000	2.4367775626927615
51080000	2.3803694560199977
51120000	2.364752003875375
51160000	2.324537155452371
51200000	2.2337446082055568
51240000	2.3067004952043293
51280000	2.4011382303893565
51320000	2.3611643963500857
51360000	2.5369732871085406
51400000	2.331520177087188
51440000	2.2582681754887104
51480000	2.3809853148072957
51520000	2.21274708828032
51560000	2.26934255848825
51600000	2.018221723908186
51640000	2.1378461533278226
51680000	2.037937832635641
51720000	2.0757955141186715
51760000	2.270672383210063
51800000	2.2855966894865034
51840000	2.2639352503538133
51880000	2.13127939530611
51920000	2.2231747908115387
51960000	2.435587045714259
52000000	2.397295957198739
52040000	2.3531538156449794
52080000	2.389581842288375
52120000	2.3950189259648322
52160000	2.3631471828103066
52200000	2.2639507293999195
52240000	2.148924119442701
52280000	2.2066745952248574
52320000	2.176070219679177
52360000	2.069255603826046
52400000	2.0739281668290497
52440000	2.1103184583008288
52480000	2.18070184071362
52520000	2.4290966369837523
52560000	2.5345353690505026
52600000	2.4777480758607386
52640000	2.389612788885832
52680000	2.415347482585907
52720000	2.228666033402085
52760000	2.278492195868492
52800000	2.5317766398340464
52840000	2.5031730971843005
52880000	2.3411224027961492
52920000	2.5368283351421357
52960000	2.4909701234221457
53000000	2.2449900899797677
53040000	2.4077723947227003
53080000	2.4321892058342693
53120000	2.364301297646761
53160000	2.3951539703309535
53200000	2.4112323580652477
53240000	2.3154698035150765
53280000	2.5667606474101543
53320000	2.5007928415179252
53360000	2.3792956829726695
53400000	2.356754444912076
53440000	2.4574167171016335
53480000	2.6520801392555238
53520000	2.3170294748678804
53560000	2.3856739157795905
53600000	2.531795632866025
53640000	2.4029978046268226
53680000	2.4091431202203037
53720000	2.463851465970278
53760000	2.507575233376026
53800000	2.384057627865672
53840000	2.511135338950157
53880000	2.278185050341487
53920000	2.1406930830061435
53960000	2.1202545654550193
54000000	2.200559804043174
54040000	2.2105780911684034
54080000	2.1983777622818947
54120000	2.303768390470743
54160000	2.4797316452354194
54200000	2.2869472872644665
54240000	2.4048560850530865
54280000	2.524015197721124
54320000	2.4196028777986767
54360000	2.404493206678331
54400000	2.39652099314034
54440000	2.229292725789547
54480000	2.3454538464576005
54520000	2.3130545685887336
54560000	2.2655987251371146
54600000	2.412194610109925
54640000	2.346588923968375
54680000	2.4432038218945267
54720000	2.538274632844329
54760000	2.4064519608825443
54800000	2.3887202973067763
54840000	2.359629107308388
54880000	2.3222379916965963
54920000	2.292493418630958
54960000	2.337468421545625
55000000	2.395155529767275
55040000	2.463618140158057
55080000	2.3808611888855697
55120000	2.339068528100848
55160000	2.316138326331973
55200000	2.2065482599407433
55240000	2.2436306297242643
55280000	2.183268445134163
55320000	2.263676666304469
55360000	2.180497352054715
55400000	2.2548937810763716
55440000	2.2794243036359547
55480000	2.2718996490865946
55520000	2.3625160754442214
55560000	2.2646160600066185
55600000	2.042721797654033
55640000	2.1898477577865125
55680000	2.12841704544425
55720000	2.1540891613841056
55760000	2.2151666706740856
55800000	2.272161400949955
55840000	2.1632270422130824
55880000	2.294163121199608
55920000	2.2528820697277783
55960000	2.312960187637806
56000000	2.430700506404042
56040000	2.32261452280581
56080000	2.400638757148385
56120000	2.3299673401623964
56160000	2.3530110429435966
56200000	2.0805710143327714
56240000	1.9218453986644746
56280000	2.039513074685633
56320000	2.1271108480989933
56360000	2.3842819309562446
56400000	2.213405933332443
56440000	2.290900775155425
56480000	2.226958609187603
56520000	2.0807334945619105
56560000	2.0714639297604562
56600000	2.1145701464444397
56640000	2.157883972480893
56680000	2.0898249064207075
56720000	2.14838856202364
56760000	2.1733060565277933
56800000	2.1059785748690367
56840000	2.2346878159344197
56880000	2.3249000156134367
56920000	2.226249842724204
56960000	2.40560253611505
57000000	2.2475220764130355
57040000	2.214372225126624
57080000	2.084177175891399
57120000	2.1149531215846538
57160000	2.003784485322237
57200000	2.1264468099445106
57240000	2.029029534599185
57280000	1.9529024497807026
57320000	1.964238235834241
57360000	1.9238884261742235
57400000	1.9787622828572988
57440000	1.9783382031798362
57480000	1.9754068554088473
57520000	1.8943401793763042
57560000	1.9280800431102514
57600000	2.0870484994858503
57640000	2.1977081681191923
57680000	2.255746065723896
57720000	2.2547381937146187
57760000	2.1654358934730293
57800000	2.3507486918896436
57840000	2.245994896411896
57880000	2.274115268972516
57920000	2.415760302066803
57960000	2.1350100116074087
58000000	1.9365059685528279
58040000	1.9645055268526077
58080000	1.9948520927399398
58120000	2.114401791483164
58160000	2.1946993806421755
58200000	2.3113121426448227
58240000	2.11872310949862
58280000	2.1753856445252895
58320000	2.265840256097913
58360000	2.224517947870493
58400000	2.2244104581952096
58440000	2.267240341171622
58480000	2.2854113526374102
58520000	2.221953693503141
58560000	1.9670702020719648
58600000	2.225942417046428
58640000	2.094258676034212
58680000	2.175375412479043
58720000	2.035745530986786
58760000	2.049637978976965
58800000	2.063495314769447
58840000	2.1249489792063834
58880000	2.0481227674722673
58920000	2.026729125893116
58960000	1.9991550349473952
59000000	1.9781564416855573
59040000	2.1732220571517944
59080000	2.0903154429256916
59120000	2.172162225702405
59160000	2.264628783944249
59200000	2.2909896146923305
59240000	2.2085941920250654
59280000	2.4059490325331687
59320000	2.494418650764227
59360000	2.3668807977944613
59400000	2.417909786465764
59440000	2.3905260748893022
59480000	2.253166453179717
59520000	2.142587933957577
59560000	2.215130098414421
59600000	2.304810271587968
59640000	2.1988892967522142
59680000	2.0045305049061777
59720000	2.1153332684308292
59760000	2.123527347496152
59800000	2.322234623786807
59840000	2.3218492114424705
59880000	2.352508152142167
59920000	2.159083458891511
59960000	1.9845725459739565
60000000	2.0721802273452283
60040000	2.105045519503951
60080000	2.114854840028286
60120000	2.0945196646094324
60160000	2.1757983966886996
60200000	2.1070742928683757
60240000	1.904098514662683
60280000	1.9418536963313817
60320000	1.8799141957759857
60360000	1.7546148239761592
60400000	1.764053730815649
60440000	2.017015511921048
60480000	1.9965769934311508
60520000	1.9997000748038292
60560000	1.8500154824003576
60600000	1.9375903891205788
60640000	2.0924216636925936
60680000	2.1539723611831665
60720000	2.2127437373921275
60760000	2.1264501580387356
60800000	2.2713219554573296
60840000	2.314984573468566
60880000	2.209506641456485
60920000	2.235144653227925
60960000	2.119656022366881
61000000	2.2107334103405476
61040000	2.2790968340188265
61080000	2.26921383112669
61120000	2.3810337096482517
61160000	2.3715428304970265
61200000	2.2353579022824763
61240000	2.1180657271534202
61280000	2.1657673868447542
61320000	2.0937410820692777
61360000	2.20563692188561
61400000	2.1308975866913795
61440000	2.182905204617977
61480000	2.141679349064827
61520000	2.1152843289405108
61560000	2.096658638614416
61600000	2.187982147881389
61640000	2.135840663254261
61680000	2.2483067120492457
61720000	2.1322630766898394
61760000	2.1148893561258912
61800000	2.1866818783432245
61840000	2.0776556209266186
61880000	2.149557968494296
61920000	1.9648089342981576
61960000	2.003564420428872
62000000	2.082569226369262
62040000	2.026813384592533
62080000	2.0035050263628364
62120000	1.9674054503828287
62160000	1.8877146300137042
62200000	1.8965006607964634
62240000	1.9957267960727214
62280000	2.075335610961914
62320000	1.9826372335642577
62360000	2.023216696947813
62400000	2.0204707398831845
62440000	2.10993733663857
62480000	2.2616505467712877
62520000	2.1587731565386057
62560000	2.082594587858021
62600000	2.1815832594901323
62640000	2.1462907091230154
62680000	2.071873856008053
62720000	2.169047358328104
62760000	1.9646890215411783
62800000	1.9794562987416984
62840000	2.227140242612362
62880000	2.213095872104168
62920000	2.131495036152005
62960000	1.913716240426898
63000000	1.8849206976354123
63040000	1.883290048354864
63080000	1.9640263134986162
63120000	1.9994900514066218
63160000	1.906584032228589
63200000	2.051900169783831
63240000	1.9721467275828124
63280000	1.9398253894716502
63320000	1.87924080992043
63360000	1.8844959559649228
63400000	1.9047036016047
63440000	1.944820363856852
63480000	1.9750550029173493
63520000	1.9879406014055014
63560000	1.920414786157012
63600000	1.9012657534092665
63640000	1.9218808303028345
63680000	1.8308752275198699
63720000	1.9480659185796976
63760000	2.0050437413424254
63800000	2.155229395365715
63840000	1.9496762581840157
63880000	1.8680407759547233
63920000	1.8336162369191646
63960000	1.8711674458116292
64000000	1.999161571535468
64040000	2.01573619889915
64080000	2.043223639523983
64120000	2.1593795921176673
64160000	2.1274760174185037
64200000	2.1035285927951337
64240000	1.9960477892637254
64280000	1.9149225180104374
64320000	1.9223022582173348
64360000	1.901236165639758
64400000	1.860598273986578
64440000	1.9684698381990193
64480000	2.074225860697031
64520000	2.0765332553714515
64560000	1.9967892096355557
64600000	1.9117320176631212
64640000	1.9168082048684358
64680000	2.0321566765844823
64720000	2.0926286998361348
64760000	2.1304783895462753
64800000	2.021339420942962
64840000	1.9820262143462897
64880000	2.1473117825090884
64920000	2.1161442848220466
64960000	2.123472313553095
65000000	2.0469557330325245
65040000	2.036044961220026
65080000	2.0648894984453916
65120000	2.0885585126549007
65160000	1.9860482633024454
65200000	1.8504858636185526
65240000	1.8497096654489635
65280000	1.713494951248169
65320000	2.0351019902706144
65360000	2.055686646309495
65400000	2.161156613630056
65440000	2.0500053583025935
65480000	2.2506946230083704
65520000	2.3511899530529976
65560000	2.1720241258978845
65600000	2.243837049649656
65640000	2.3228971762388944
65680000	2.294323170003295
65720000	2.2946497226044538
65760000	2.211065045121312
65800000	2.247357216823101
65840000	2.123661254993081
65880000	2.1175067211717367
65920000	2.06908452436775
65960000	2.0407082295283674
66000000	1.9941588853478431
66040000	2.003647056147456
66080000	2.051749717190862
66120000	2.083170107537508
66160000	2.1383562503367664
66200000	2.078242814424634
66240000	2.0853727775394915
66280000	2.220159160451591
66320000	2.086119635003805
66360000	2.036561722588539
66400000	2.1119489457026126
66440000	2.0057327789634467
66480000	2.1595551075607538
66520000	2.076327503708005
66560000	1.9996310657814145
66600000	1.9146139227896928
66640000	1.979444069057703
66680000	2.055670331645012
66720000	2.155894688102603
66760000	2.053860534402728
66800000	2.2578820888251068
66840000	2.2398604725152254
66880000	2.1601298185497524
66920000	2.3064474017351864
66960000	2.1190100034356116
67000000	2.2749909730613234
67040000	2.182872829850018
67080000	2.1014276993393897
67120000	2.0797840952038764
67160000	2.1005458340168
67200000	2.0528986390978097
67240000	2.0711364780694246
67280000	2.2263490808039905
67320000	2.1245352058410645
67360000	2.0311651785999536
67400000	2.147837663444877
67440000	2.228898171451688
67480000	2.107664895556867
67520000	2.1308549408495425
67560000	1.9443857608735562
67600000	1.9776850292384625
67640000	1.9242722579419613
67680000	1.9376242183551193
67720000	1.9839015169143677
67760000	1.8795963053166866
67800000	1.8736947273433209
67840000	1.805807436710596
67880000	1.8695784460321068
67920000	1.9272072168231011
67960000	1.867348384000361
68000000	1.9297419253349304
68040000	2.0024417941063644
68080000	1.8580165942817926
68120000	1.9366660400390625
68160000	2.04910123129487
68200000	1.870457679116726
68240000	1.9460122362539172
68280000	1.9745607336491346
68320000	2.015145990258455
68360000	1.9752335394859315
68400000	2.1293175666436555
68440000	2.24222777389884
68480000	2.071970352704823
68520000	2.0375827351003886
68560000	1.9446283597692848
68600000	1.9733705789446832
68640000	1.9928844429403543
68680000	1.9534584184259176
68720000	1.959418121998012
68760000	2.00110778965652
68800000	2.0029489106208085
68840000	1.9641974177628756
68880000	1.9128290514335036
68920000	1.8763482391297817
68960000	1.9759915764272213
69000000	2.0646993053674696
69040000	2.2859380747467277
69080000	2.0150599146991968
69120000	1.9521658162295819
69160000	1.9360276241511107
69200000	1.8870626315712928
69240000	1.9018287670135499
69280000	1.751880442802608
69320000	1.8656658417284488
69360000	1.8770938813000917
69400000	1.8911730222538115
69440000	1.8314336119115353
69480000	1.853991670486331
69520000	1.8084388664901256
69560000	1.8586573321789503
69600000	1.9174041320055724
69640000	1.8805127911776305
69680000	1.9327543324321508
69720000	1.9626586640000343
69760000	2.065191951328516
69800000	2.111867950178683
69840000	1.954659157499671
69880000	2.000743074350059
69920000	1.9307570375368
69960000	2.0238981645673513
70000000	2.033797423699498
70040000	1.9060092645078897
70080000	2.0114605259150267
70120000	1.9225143592000007
70160000	1.8902772031068802
70200000	1.8117292022526263
70240000	1.745428469017148
70280000	1.7622123483255505
70320000	1.8524000781401992
70360000	1.783836687746644
70400000	1.807439248585701
70440000	1.7804661807462574
70480000	1.8092188933774829
70520000	1.610109247456491
70560000	1.818579271426797
70600000	1.7081183948636054
70640000	1.9491561641082167
70680000	1.7999441902622582
70720000	1.7551712109655142
70760000	1.6751461359560489
70800000	1.6846022658407689
70840000	1.6560644513949752
70880000	1.6569191295683383
70920000	1.764045266866684
70960000	1.7703038113623857
71000000	1.9414917897999286
71040000	1.982312525551021
71080000	1.9411612180888653
71120000	1.8944538005322218
71160000	1.941170556408167
71200000	1.7649729644089938
71240000	1.588695235480368
71280000	1.6480057811692357
71320000	1.6531702033624054
71360000	1.6657695666074752
71400000	1.7525805024892092
71440000	1.8913608719572426
71480000	1.9627697586104274
71520000	2.0674257876828315
71560000	1.9006548713594675
71600000	1.874453261886537
71640000	1.798087063229084
71680000	1.7497429483160376
71720000	1.8450230649143458
71760000	1.6440240553468466
71800000	1.7660664862260222
71840000	1.792382579344511
71880000	1.7411416498586536
71920000	1.7034469697579742
71960000	1.7259299208581447
72000000	1.79991170617342
72040000	1.8213829980880023
72080000	1.755989465841651
72120000	1.8901865850895643
72160000	1.77642825961262
72200000	1.912401148121059
72240000	1.8922062495395542
72280000	1.9271338556557893
72320000	1.894479175159335
72360000	1.8742112687647343
72400000	1.8220261714041233
72440000	1.9455419056728482
72480000	1.9683782707616686
72520000	2.0887194422334434
72560000	2.051573804950714
72600000	1.9984423936903477
72640000	2.0653303652763366
72680000	2.2685144667804242
72720000	2.1174002013459803
72760000	2.2900455233514307
72800000	2.1932557988971473
72840000	2.239906812271476
72880000	2.1700628140002487
72920000	2.160019025051594
72960000	2.1393096135273577
73000000	2.098579780754447
73040000	2.1225093887254594
73080000	2.0578237896129488
73120000	1.9853892655521632
73160000	1.9411912850499153
73200000	1.908111407224834
73240000	1.8419756707549095
73280000	1.8310119710043073
73320000	1.8112940144851803
73360000	1.9769354628175497
73400000	2.0042925408184527
73440000	2.075245067341626
73480000	2.128904806560278
73520000	2.0443007836669684
73560000	2.2736821678474546
73600000	2.2617336313217877
73640000	2.266270997175574
73680000	2.224600895729661
73720000	2.1590783582150936
73760000	2.046525632819533
73800000	1.9072100727006793
73840000	1.9034389737293125
73880000	2.1543332517609
73920000	2.134022501839697
73960000	2.0655490669593215
74000000	1.9940348996981978
74040000	1.91973895303905
74080000	1.8750925287500024
74120000	1.8908329089462756
74160000	1.921477976089716
74200000	1.985145511110127
74240000	2.0436075124278665
74280000	2.075825725005567
74320000	1.9647437672898174
74360000	1.8767370204016567
74400000	1.7954071691110731
74440000	1.7438211911231278
74480000	1.7763339921191335
74520000	1.8938373694211244
74560000	1.871469827529788
74600000	1.7498061957374216
74640000	1.7451399269163608
74680000	1.724441683217883
74720000	1.6815666839286685
74760000	1.6752315479189157
74800000	1.631848147985339
74840000	1.5343420687183738
74880000	1.6026049977228045
74920000	1.621910415919125
74960000	1.7067982579171657
75000000	1.6186293421745301
75040000	1.5238507259592413
75080000	1.6039660547152161
75120000	1.5492178097441793
75160000	1.7054720339685678
75200000	1.9011942800372839
75240000	1.9047676248520613
75280000	1.8455171224951743
75320000	2.018412888401747
75360000	1.8445134566023946
75400000	1.9836693593665957
75440000	1.9241056633248925
75480000	1.9012502229705452
75520000	1.7875021343976258
75560000	1.8008844802066684
75600000	1.6912153460294008
75640000	1.7211980419293047
75680000	1.7121293312609196
75720000	1.6869816622972489
75760000	1.7727799278706313
75800000	1.8112089694499969
75840000	1.8218459201976658
75880000	1.7959734149113298
75920000	1.742744929419458
75960000	1.7497600715205073
76000000	1.8064667707338928
76040000	1.7452766111433506
76080000	1.8021987711295486
76120000	1.7765688582450152
76160000	1.8358321212276816
76200000	1.8683643850177527
76240000	1.9470323282584547
76280000	1.8640947965025902
76320000	1.7581677810996772
76360000	1.753861580964923
76400000	1.7932988045662641
76440000	1.766657329785824
76480000	1.7680382586196064
76520000	1.8178220533296465
76560000	1.8634897255241871
76600000	1.9197144619107247
76640000	1.9164417640596627
76680000	2.0288321655213832
76720000	2.0594096153244377
76760000	1.9163524973660708
76800000	2.00449024323225
76840000	1.9374495624393224
76880000	1.8571402302637696
76920000	1.8325203426405787
76960000	1.825545236518979
77000000	1.6048914181277156
77040000	1.7108650652438402
77080000	1.770034767358005
77120000	1.7623114220529794
77160000	1.6623872844740748
77200000	1.7396087000161409
77240000	1.8078720556184649
77280000	1.671329653762281
77320000	1.573969269426167
77360000	1.534067692103982
77400000	1.4999313452392817
77440000	1.5019617641061545
77480000	1.6212899087652564
77520000	1.679794798208773
77560000	1.6724506153464318
77600000	1.7397419171467423
77640000	1.676205752018094
77680000	1.6203066224843263
77720000	1.5583776098653674
77760000	1.579210782943666
77800000	1.7130713152334094
77840000	1.73433591504246
77880000	1.8240024305775762
77920000	1.8632467375844717
77960000	1.8682113848656416
78000000	1.8087036646351218
78040000	1.8843092746540904
78080000	1.8432430169180036
78120000	1.84614513040483
78160000	1.7661703524053096
78200000	1.722330006980896
78240000	1.7058384855389594
78280000	1.793287616957724
78320000	1.8459864868223668
78360000	1.9144671277940273
78400000	1.8621801852628588
78440000	1.821920452952385
78480000	1.8432879223525525
78520000	1.6081635341361165
78560000	1.5860522384658455
78600000	1.6356798430904746
78640000	1.6007228030011058
78680000	1.690934738253057
78720000	1.7960752667710185
78760000	1.9699054861202836
78800000	1.7600809299707412
78840000	1.7669175940811634
78880000	1.7447993194416165
78920000	1.702984911724925
78960000	1.5945354084715246
79000000	1.731520229819417
79040000	1.7630633144542576
79080000	1.762457550533116
79120000	1.8768371268481017
79160000	1.8648271779328585
79200000	1.7464826273456215
79240000	1.8439916020706295
79280000	1.7304827401265501
79320000	1.7880700849324465
79360000	1.7302043336644768
79400000	1.7439240113064647
79440000	1.7804449615314604
79480000	1.9303799373850226
79520000	1.8664281707048416
79560000	1.9063040562793612
79600000	1.8167296174958347
79640000	1.7943471500083805
79680000	1.8234719900235534
79720000	1.8325713343173264
79760000	1.8027624008610845
79800000	1.8267636538252234
79840000	1.7230297313451768
79880000	1.6988484167307616
79920000	1.8107158056378365
79960000	1.7394436711058021
80000000	1.7390634661883115
80040000	1.8566240112051369
80080000	1.9404320129036903
80120000	1.9365959441959857
80160000	2.090069341894984
80200000	1.967994937363267
80240000	1.9390747846513987
80280000	1.9221511190727354
80320000	1.9148424034655094
80360000	1.8849736610457302
80400000	1.855008802074194
80440000	1.8239665837526322
80480000	1.7789424365654587
80520000	1.720811549037695
80560000	1.7555073554903269
80600000	1.7543256823047995
80640000	1.7542256728410721
80680000	1.8385976233810186
80720000	1.7574760574579238
80760000	1.9285122244372963
80800000	1.757863627973199
80840000	1.7624810517728329
80880000	1.8047145289242268
80920000	1.7525996502369643
80960000	1.8524226604878902
81000000	1.8849580561161041
81040000	1.8707115980505944
81080000	1.7519900257915257
81120000	1.7335408121079205
81160000	1.745171914599836
81200000	1.7439576556161045
81240000	1.7924885102972388
81280000	1.8816362487882377
81320000	2.0556120996430516
81360000	1.8618001817524432
81400000	1.9020219386443495
81440000	1.9173850301489235
81480000	1.9970773537412285
81520000	2.0045327735811473
81560000	1.8900837380424143
81600000	1.9779944414421915
81640000	1.928105076418817
81680000	2.047149283069372
81720000	1.9225819891273976
81760000	1.9708909167557955
81800000	1.7967259181275963
81840000	1.7648537547543646
81880000	1.7727210671573876
81920000	1.6678091481298207
81960000	1.7401056878909469
82000000	1.7999487383261323
82040000	1.8464268987715244
82080000	1.7867451139256358
82120000	1.8601551857680083
82160000	1.8054827142834664
82200000	1.9822957604348659
82240000	1.9852144189327956
82280000	1.9523766334965824
82320000	1.9136994752764702
82360000	1.9025236486136914
82400000	1.833815773768723
82440000	1.8847660809665918
82480000	1.7185772565215827
82520000	1.7834401968464255
82560000	1.6486775502234696
82600000	1.7804278910785913
82640000	1.8031096718594433
82680000	1.843899897171557
82720000	1.8108364085033537
82760000	1.7302162374868988
82800000	1.7068448907613754
82840000	1.764782983827591
82880000	1.7709995145320891
82920000	1.8469394587874413
82960000	1.9366797961264848
83000000	1.8869592120587826
83040000	1.746394157780707
83080000	1.823610835839808
83120000	1.8357803093865515
83160000	1.7595099669158458
83200000	1.9083334180191158
83240000	1.8894776670381426
83280000	1.8589871025457978
83320000	1.7861582949861885
83360000	1.7414846482813358
83400000	1.788845948407054
83440000	1.9563033039718867
83480000	1.8676290844261647
83520000	1.9049758802950383
83560000	1.9030256394803524
83600000	2.020713901667297
83640000	1.8895613073542714
83680000	2.021305484762788
83720000	1.936766991455853
83760000	1.9844660253077746
83800000	2.170164087599516
83840000	2.0298631773978473
83880000	1.9824728853791953
83920000	1.9440515233248472
83960000	1.894955690266192
84000000	1.91866846370548
84040000	2.079140623357892
84080000	1.934956104952097
84120000	1.7182137451976538
84160000	1.78170825689435
84200000	1.7702392324775458
84240000	1.7754022272020578
84280000	1.823563387054205
84320000	1.8086527314722538
84360000	1.6915052019819616
84400000	1.6261689283743501
84440000	1.6644681808158754
84480000	1.7101089655563235
84520000	1.6824444962903857
84560000	1.6554048545315863
84600000	1.6273044533714651
84640000	1.7103399191826583
84680000	1.7759619676381349
84720000	1.8155640277951957
84760000	1.8239736632540822
84800000	1.7847806399568915
84840000	1.7669656295776368
84880000	1.8233390851795674
84920000	1.8488967988803984
84960000	1.8277446320414543
85000000	1.7581796478524805
85040000	1.626348613844812
85080000	1.5006104209661484
85120000	1.521607955636084
85160000	1.5233344238340856
85200000	1.6504038166835904
85240000	1.6444009521007539
85280000	1.7097662622094154
85320000	1.802561278013885
85360000	1.764895057795942
85400000	1.825658157147467
85440000	1.9518853347435594
85480000	1.9502970812246203
85520000	2.0276562917888166
85560000	1.8429961881384254
85600000	1.8582109226539731
85640000	1.8462535762950778
85680000	1.8408521368965507
85720000	1.9046015935227274
85760000	1.8544462810099125
85800000	1.8468688323497773
85840000	1.7723229314416646
85880000	1.6903738372728228
85920000	1.7148087716951965
85960000	1.7431195896163583
86000000	1.6621788707256318
86040000	1.678548438872397
86080000	1.7572901925757527
86120000	1.8113782884955407
86160000	1.8328444676414133
86200000	1.6919488870471715
86240000	1.6362321467354894
86280000	1.6555318456828594
86320000	1.7225704210177064
86360000	1.6983514360293746
86400000	1.7481217226788401
86440000	1.7704637573853135
86480000	1.7660985959023237
86520000	1.803291872127354
86560000	1.8908326752647757
86600000	1.7711183544367552
86640000	1.7178193989410997
86680000	1.703209933744371
86720000	1.71267616571486
86760000	1.733001809760928
86800000	1.8206214451491833
86840000	1.807306331717968
86880000	1.6712280604466796
86920000	1.693250529871881
86960000	1.6223489164106548
87000000	1.691698994603753
87040000	1.8254675183400513
87080000	1.7259546298846602
87120000	1.7389381009668112
87160000	1.775647129330039
87200000	1.768153736692667
87240000	1.706842074638605
87280000	1.6955691769227386
87320000	1.6960284851834178
87360000	1.8217101041570305
87400000	1.8064756593704223
87440000	1.83633405315876
87480000	1.9182502873241902
87520000	1.8751917366415263
87560000	1.8012062038481236
87600000	1.835876029703021
87640000	1.8608476618230343
87680000	1.8507487700849772
87720000	1.8221788990691303
87760000	1.69193397064507
87800000	1.6407230805024504
87840000	1.577726930078864
87880000	1.6361351233810186
87920000	1.635551927922666
87960000	1.7161307426318526
88000000	1.7513877074852586
88040000	1.610290077635646
88080000	1.665824415577948
88120000	1.804204116012156
88160000	1.8584421646207572
88200000	1.9337226511672139
88240000	1.8581492821425198
88280000	1.9868277308642863
88320000	1.8567480665415526
88360000	1.8223270536154508
88400000	1.8176065226495266
88440000	1.827204848113656
88480000	1.8594934280216693
88520000	1.8698006426304579
88560000	1.8154105621248484
88600000	1.760096225425601
88640000	1.7772106668010355
88680000	1.8147006945133208
88720000	1.7614088523343205
88760000	1.7971598969385028
88800000	1.7251420683711767
88840000	1.8536080443620682
88880000	1.7723762897253037
88920000	1.7080539417162537
88960000	1.5934208091288804
89000000	1.5517023831263184
89040000	1.4879185435079039
89080000	1.5463887708663941
89120000	1.5236286408506334
89160000	1.4648807328134774
89200000	1.5676299532815814
89240000	1.4756959344372154
89280000	1.6303637707427143
89320000	1.6831158806338906
89360000	1.6431885074093937
89400000	1.6399844807341695
89440000	1.646056103272736
89480000	1.6881715026721358
89520000	1.730509735646844
89560000	1.743357846659422
89600000	1.7273361107170582
89640000	1.6657620731800795
89680000	1.5172059239298106
89720000	1.636849381388724
89760000	1.6850567518621684
89800000	1.7926233978256583
89840000	1.7465233560174704
89880000	1.7195242566153408
89920000	1.6495146988034248
89960000	1.5800996943384409
90000000	1.598618052393198
90040000	1.69921486607939
90080000	1.6724204140231014
90120000	1.629572261892259
90160000	1.6061621860295534
90200000	1.5926936325788499
90240000	1.6580683289796114
90280000	1.5027533737063408
90320000	1.5022919744029641
90360000	1.4961393015094102
90400000	1.681179830044508
90440000	1.798554766690731
90480000	1.693791062052548
90520000	1.6107192402020096
90560000	1.6327751143068074
90600000	1.6977316268756986
90640000	1.6696325004667043
90680000	1.603601768538356
90720000	1.6813746895328163
90760000	1.6588498206317426
90800000	1.656455303555727
90840000	1.6264341913208364
90880000	1.6804572442248464
90920000	1.6279138757288456
90960000	1.587530236285925
91000000	1.4528900309070945
91040000	1.3823355666473507
91080000	1.434674628995359
91120000	1.4377261919334532
91160000	1.5217219565339386
91200000	1.566127645854652
91240000	1.5914254857987165
91280000	1.647742400047183
91320000	1.7672526269495488
91360000	1.7046144813209771
91400000	1.6915595125764609
91440000	1.5917776094302536
91480000	1.676058637946844
91520000	1.706531501351297
91560000	1.7782095507204532
91600000	1.6627546143606304
91640000	1.6650004290267826
91680000	1.6198455240786076
91720000	1.6779503937482834
91760000	1.745973227761686
91800000	1.8061817945495249
91840000	1.9039046008571983
91880000	1.8280741705134511
91920000	1.923113570573926
91960000	1.90054599814713
92000000	1.841593473908305
92040000	1.7872372480675578
92080000	1.904562907680869
92120000	1.8633433136731385
92160000	1.8977932215213775
92200000	1.8307571970358492
92240000	1.9132190701812506
92280000	1.8070516242921353
92320000	1.724426471669972
92360000	1.6753452162653208
92400000	1.7359170673593878
92440000	1.8051285892367364
92480000	1.7380980567529798
92520000	1.7378191927954554
92560000	1.6577874421074987
92600000	1.5779239619016647
92640000	1.651882967299223
92680000	1.6416706869900226
92720000	1.6325285082012415
92760000	1.6654067788660527
92800000	1.6796094071641565
92840000	1.6606042465090751
92880000	1.5472777795240282
92920000	1.709602702127397
92960000	1.7145609517797828
93000000	1.8388416716620326
93040000	1.7797193485423923
93080000	1.7696744898870587
93120000	1.7041503273800016
93160000	1.507104437224567
93200000	1.6012285825178028
93240000	1.6678748214051127
93280000	1.5706510194599628
93320000	1.6364705999925733
93360000	1.6782453595340252
93400000	1.7985818338736892
93440000	1.7387998736441135
93480000	1.8301649193644525
93520000	1.6808114857450127
93560000	1.7130355633050203
93600000	1.842364422251284
93640000	1.845370263892412
93680000	1.8679932866752147
93720000	1.8246242773011327
93760000	1.8748922356292606
93800000	1.872166818112135
93840000	1.8389787331454457
93880000	2.0143971464321018
93920000	1.9438626317694783
93960000	1.8982242205038666
94000000	1.9465001695558428
94040000	2.01857009460032
94080000	1.9814581169754266
94120000	1.8724265270471574
94160000	1.742212115752697
94200000	1.6273791588902473
94240000	1.8044510918870569
94280000	1.7808210150301456
94320000	1.8803685654595494
94360000	1.75120440479666
94400000	1.80449880310148
94440000	1.7269015813559294
94480000	1.6475536365047097
94520000	1.6700793472245337
94560000	1.7843040067732334
94600000	1.8421298015534877
94640000	1.8171491906121373
94680000	1.7075782876133918
94720000	1.6652016274511814
94760000	1.7767831347361207
94800000	1.6680635160326958
94840000	1.7373457401558756
94880000	1.7081898472428323
94920000	1.6595122616589069
94960000	1.676250353603065
95000000	1.6851264063179492
95040000	1.6390369161874057
95080000	1.7473920703142882
95120000	1.7204050763830543
95160000	1.6302208948895336
95200000	1.5815351905316115
95240000	1.7096510647073389
95280000	1.6054449107676745
95320000	1.6570724134773016
95360000	1.7272920836560428
95400000	1.7623477571561932
95440000	1.9134032480463385
95480000	1.9044264820113779
95520000	1.8626748872593044
95560000	1.833025638245046
95600000	1.8942256304517389
95640000	1.760843920840323
95680000	1.7304976605951785
95720000	1.7380846547275781
95760000	1.703889312979579
95800000	1.6263258426085114
95840000	1.697995313513279
95880000	1.5836259020477534
95920000	1.6069059555605054
95960000	1.68039382827729
96000000	1.721457840374112
96040000	1.764524866400659
96080000	1.5455299039885402
96120000	1.5675004152908922
96160000	1.5235546032354235
96200000	1.5192526707962155
96240000	1.539597421744466
96280000	1.5341845302566886
96320000	1.5958394543141126
96360000	1.627284812629223
96400000	1.7152601298943162
96440000	1.6763574212625623
96480000	1.7223375438570976
96520000	1.658504218377173
96560000	1.6743898502707482
96600000	1.7047809042215347
96640000	1.8428822219491006
96680000	1.7336291147574783
96720000	1.7481530527874827
96760000	1.6523113941147924
96800000	1.6538843788444997
96840000	1.6376778443410993
96880000	1.6885873327270151
96920000	1.7431241670966149
96960000	1.6373648226693274
97000000	1.6317742915168405
97040000	1.6937451998591424
97080000	1.661061327163875
97120000	1.7009785974398255
97160000	1.7898078561872244
97200000	1.762850888209045
97240000	1.79041650313437
97280000	1.6770579366609455
97320000	1.6277642695114016
97360000	1.7011153512462973
97400000	1.7242237400323153
97440000	1.742904055327177
97480000	1.7652217952221632
97520000	1.6922960404753684
97560000	1.4661582730799914
97600000	1.6648149792581797
97640000	1.6175162735059858
97680000	1.6009343461975456
97720000	1.5844142802111805
97760000	1.7211541215643287
97800000	1.6340573654994368
97840000	1.6600983755886554
97880000	1.6762398862302303
97920000	1.7098351412937045
97960000	1.6412078569099307
98000000	1.698334892269969
98040000	1.6592155914187432
98080000	1.680251685988903
98120000	1.7770326871931552
98160000	1.7479593821391464
98200000	1.717026361322403
98240000	1.6812336110755801
98280000	1.5971056417346001
98320000	1.7041113087147475
98360000	1.639043565119803
98400000	1.600363753798604
98440000	1.5643004592329264
98480000	1.5564115968331695
98520000	1.6253195589840412
98560000	1.558095966619253
98600000	1.57538838172853
98640000	1.61965155415684
98680000	1.6880417407512665
98720000	1.6986751758292318
98760000	1.6591443099498748
98800000	1.5845514157518745
98840000	1.5249687681227921
98880000	1.5271274991095065
98920000	1.6305904557064175
98960000	1.6495732212096452
99000000	1.5810117247790099
99040000	1.653059216813743
99080000	1.5631834206186235
99120000	1.4451604321882128
99160000	1.4660395085595548
99200000	1.5348109169483184
99240000	1.55979416000098
99280000	1.6443049309641122
99320000	1.5059537707984447
99360000	1.6125594972863793
99400000	1.5438650004804135
99440000	1.5193279365047812
99480000	1.5640236008584498
99520000	1.5150654080957173
99560000	1.5411735301047564
99600000	1.4009690186545254
99640000	1.4349516198590397
99680000	1.456094097316265
99720000	1.5205549986883997
99760000	1.5622360111176967
99800000	1.5882781838595867
99840000	1.5976978445142507
99880000	1.535333125896752
99920000	1.519768673695624
99960000	1.4977964797362686
100000000	1.493955081513524
