240000	0.05125162177305902
280000	0.12074933221072424
320000	0.21730245468392967
360000	0.5306863231135532
400000	0.6514231137022376
440000	1.2231546134531497
480000	2.6359401929736137
520000	3.62012997970134
560000	4.08921102180332
600000	3.398800971662998
640000	3.0674159585759044
680000	2.8655923373371364
720000	2.8793260533481835
760000	2.7812370752722027
800000	2.1392759536206722
840000	2.1351946662038563
880000	2.229765759307146
920000	1.707755960482359
960000	1.6222533210635186
1000000	2.0014728328615425
1040000	2.512666874435544
1080000	2.4003318212240936
1120000	2.061672179155052
1160000	1.624956191623211
1200000	1.73168357064873
1240000	2.483046317386627
1280000	2.2312250502705573
1320000	2.3096204601854087
1360000	2.5004530670300125
1400000	2.782608095777035
1440000	3.354615733835101
1480000	2.5414904961258173
1520000	2.5135047315478323
1560000	2.84161766307354
1600000	2.3477962898880245
1640000	2.3782147619754075
1680000	2.4288441102430225
1720000	2.9788915020510554
1760000	2.5127475024074317
1800000	2.2036687556028367
1840000	2.059916346952319
1880000	2.293136881750822
1920000	1.6639778529152274
1960000	1.3451386548668147
2000000	1.3446754163101315
2040000	1.400199792473018
2080000	1.4088373966038228
2120000	1.1948382403075695
2160000	1.140904203043878
2200000	1.0156992707520722
2240000	1.3640650584980845
2280000	1.410136167153716
2320000	1.4058752681568265
2360000	1.0812311062730848
2400000	1.045435494479537
2440000	0.992784563100338
2480000	1.0262761321909726
2520000	0.9071679884791374
2560000	0.9683314790427685
2600000	0.8299329851813614
2640000	0.8795943652324378
2680000	0.768024932487309
2720000	0.6572015543654561
2760000	0.6505489851720632
2800000	0.6031745380058885
2840000	0.6159555659737438
2880000	0.6323593194462359
2920000	0.6272624577775597
2960000	0.6918063081711531
3000000	0.7142589566789568
3040000	0.715851272958517
3080000	0.7434978174507618
3120000	0.7269014584988356
3160000	0.660538843613118
3200000	0.6346131575532258
3240000	0.6658139705985785
3280000	0.6160233278855681
3320000	0.6225667118057608
3360000	0.6465472115572541
3400000	0.7335373760771007
3440000	0.6352411739129573
3480000	0.6190223597098142
3520000	0.6698094651985913
3560000	0.6688317927036435
3600000	0.7668899736702443
3640000	0.7244139792911708
3680000	0.7269247931618243
3720000	0.6671032808102667
3760000	0.6313203974857926
3800000	0.6799501286860555
3840000	0.6572491163436324
3880000	0.6691033305745572
3920000	0.6381779650706798
3960000	0.6344454740066081
4000000	0.6656339852850884
4040000	0.7641682889774442
4080000	0.6989530083499849
4120000	0.6449009077969938
4160000	0.6951386795926839
4200000	0.7711214394267648
4240000	0.7550036323178559
4280000	0.7935068454677239
4320000	0.9847058675482869
4360000	0.9654243138000369
4400000	0.9104578084804118
4440000	0.7951267663162201
4480000	0.8582667604960501
4520000	0.9568339899297804
4560000	0.8396333537247032
4600000	0.9686364955276251
4640000	1.0354198502615095
4680000	1.0212542829420417
4720000	1.1182640618894248
4760000	1.1098511658752337
4800000	1.2509135749008506
4840000	1.3335584559610114
4880000	1.3513394021861256
4920000	1.1730591312695295
4960000	1.1411930658824743
5000000	0.9943025430001319
5040000	1.23195739181228
5080000	1.1607122295798733
5120000	1.1520299936510623
5160000	1.404140144235827
5200000	1.1924707454685122
5240000	1.154556967841834
5280000	1.3921581422729419
5320000	1.2762140016451478
5360000	1.1944615317380056
5400000	1.3193046932259576
5440000	1.3254276298485697
5480000	1.3937291232039222
5520000	1.2256678863197565
5560000	1.3707537093111315
5600000	1.473544550813362
5640000	1.4061958584142848
5680000	1.4779406490569935
5720000	1.4798864248582162
5760000	1.2920059302520006
5800000	1.5951210530058482
5840000	1.4157853279385715
5880000	1.3407444586997852
5920000	1.3783331006653607
5960000	1.1797548027634621
6000000	1.043772969191335
6040000	1.0210248072797432
6080000	0.8849882537756115
6120000	0.86520237304084
6160000	0.9634820685738698
6200000	0.9404210536271334
6240000	0.7602538052603602
6280000	0.9737860159896314
6320000	1.1957495261136442
6360000	1.057978435085155
6400000	1.219025808402896
6440000	1.1017414589546621
6480000	1.0588195205187425
6520000	1.114250492488034
6560000	1.2179739682200366
6600000	1.0869021585237235
6640000	1.0719053254012019
6680000	1.0175203889981843
6720000	0.9923819699507207
6760000	1.096179501139745
6800000	0.9779436226818711
6840000	1.05081432786081
6880000	1.3117024085722864
6920000	1.1254305267233402
6960000	1.0691517549574374
7000000	0.9193451244525611
7040000	1.0610613717337138
7080000	0.9937214703314007
7120000	0.9956062765814364
7160000	1.2696760896460153
7200000	1.1205461072548293
7240000	1.0860402808050624
7280000	1.143833167507127
7320000	0.8258322332418524
7360000	0.8861239078086801
7400000	1.118687299150601
7440000	1.0255965084878729
7480000	1.0574444444833324
7520000	0.9585629335107282
7560000	0.7698784904927015
7600000	0.8272650167298503
7640000	0.9502468791513704
7680000	1.0474562638632021
7720000	1.1179880547901615
7760000	1.2208955014780163
7800000	1.114263369558379
7840000	1.3674030081033706
7880000	1.1785019081890582
7920000	1.032398921438586
7960000	0.960524642059207
8000000	0.8974115837287158
8040000	0.8878938300911338
8080000	1.0161937565773727
8120000	0.9250172022382729
8160000	0.9639447264113463
8200000	0.9263758174587973
8240000	0.9085069673718884
8280000	0.934703314261511
8320000	1.1520326673145407
8360000	0.9580473446252756
8400000	0.964068125044927
8440000	0.8888280004538596
8480000	0.7986058830669149
8520000	0.9607528483840637
8560000	0.9256187884708866
8600000	0.9152040569725446
8640000	0.8886779476546682
8680000	0.9069714392419904
8720000	0.8159683861738071
8760000	0.7452909256124869
8800000	0.8065488482859917
8840000	0.7383839251413942
8880000	0.8201003748582676
8920000	0.8695241638014093
8960000	0.7942012513242662
9000000	1.0962835920067504
9040000	0.9120012718854472
9080000	0.9052133599983528
9120000	0.9421002616692334
9160000	0.9069647080540657
9200000	0.9191760271265171
9240000	0.8055394871348515
9280000	0.7855981020374223
9320000	0.790952588384226
9360000	0.9532642472879961
9400000	0.8972272712353617
9440000	0.8483389977846295
9480000	0.9032966645821929
9520000	0.7807387149889022
9560000	0.6470653330430388
9600000	0.5993376558326184
9640000	0.6044127665475011
9680000	0.5718189107742161
9720000	0.516153403350152
9760000	0.543737859787792
9800000	0.567552547839284
9840000	0.607677620960027
9880000	0.6441918153421954
9920000	0.6883244977209717
9960000	0.5481135324984789
10000000	0.5787312729008496
10040000	0.5941119565721601
10080000	0.5601822193011642
10120000	0.5941230522546918
10160000	0.5709387924704701
10200000	0.5485811206445098
10240000	0.5535164769832045
10280000	0.5442658518180251
10320000	0.5241734141631051
10360000	0.5623042900124565
10400000	0.5365951173141599
10440000	0.47242616335079074
10480000	0.5272136915776878
10520000	0.47837584710940717
10560000	0.4817107695614919
10600000	0.47143309292942287
10640000	0.4544376108823344
10680000	0.5033291493672878
10720000	0.48212507172524927
10760000	0.4677101560037583
10800000	0.4827792134936899
10840000	0.4757585183121264
10880000	0.4931612721055746
10920000	0.48263747022859754
10960000	0.4855617754405364
11000000	0.4552825453385711
11040000	0.4322511639270932
11080000	0.45269225058238954
11120000	0.47421327405069025
11160000	0.48522612903416157
11200000	0.43828375524971636
11240000	0.44943972156122325
11280000	0.41259195767380297
11320000	0.36547446238268166
11360000	0.38800546451956036
11400000	0.3988294885993004
11440000	0.3813791840992868
11480000	0.44671227284260095
11520000	0.3937255469057709
11560000	0.38115645852368324
11600000	0.38058640794362875
11640000	0.38936477611362935
11680000	0.3777962655445561
11720000	0.3984296941725537
11760000	0.3447099999068305
11800000	0.34664012502599506
11840000	0.38692880212198943
11880000	0.39841242069005967
11920000	0.37535805297959596
11960000	0.4011222000297159
12000000	0.36647770494632426
12040000	0.3560635084863752
12080000	0.37132053454332054
12120000	0.4174962173810229
12160000	0.42641153973098844
12200000	0.4289526783723384
12240000	0.41210239348635075
12280000	0.4062790532569401
12320000	0.40959482217337934
12360000	0.39288134510759265
12400000	0.4358136801673099
12440000	0.4048813660310581
12480000	0.359993073717691
12520000	0.3852159134449437
12560000	0.4158683993510902
12600000	0.3637828948430717
12640000	0.31492376551702617
12680000	0.38485561937894675
12720000	0.40102855557985606
12760000	0.4120173413801938
12800000	0.425053643306531
12840000	0.46661502878516914
12880000	0.44602879573274407
12920000	0.46021537365410475
12960000	0.4485936566090211
13000000	0.4632939997664653
13040000	0.41188594641480597
13080000	0.40960774529241023
13120000	0.46723963741082697
13160000	0.5061060098151676
13200000	0.49213625743202866
13240000	0.5079090016799047
13280000	0.4854608412148431
13320000	0.5116076648983173
13360000	0.4865442527146079
13400000	0.4677505943425
13440000	0.48348930428549647
13480000	0.47091127192620186
13520000	0.5713854071641341
13560000	0.6057848264154047
13600000	0.5282291467770934
13640000	0.4572738287503831
13680000	0.5075464330053888
13720000	0.5181259752998129
13760000	0.5974881966687738
13800000	0.5259355327095836
13840000	0.48203931444473563
13880000	0.5381597839909605
13920000	0.518530543186143
13960000	0.6198576361911371
14000000	0.5270059263974428
14040000	0.519049005445838
14080000	0.47152637678924947
14120000	0.5044303582008928
14160000	0.4637850337933749
14200000	0.47186608680104836
14240000	0.4727519006321207
14280000	0.48605412887809796
14320000	0.5149067922798917
14360000	0.5407923443837092
14400000	0.41940273000458256
14440000	0.5345842557113152
14480000	0.5147129957230762
14520000	0.5174717544415965
14560000	0.49229170198217037
14600000	0.5399829746017233
14640000	0.501909342956543
14680000	0.5443140831649304
14720000	0.5215950276948511
14760000	0.5698876587051899
14800000	0.638003678431362
14840000	0.6188842631859705
14880000	0.7316190995503217
14920000	0.6356122149135918
14960000	0.6281539398694411
15000000	0.7819196749575437
15040000	0.681846772942692
15080000	0.7707497124854475
15120000	0.7249907950224355
15160000	0.8022250636065379
15200000	0.6806576575422659
15240000	0.840891873523593
15280000	0.7910537957238033
15320000	0.8752092340538278
15360000	0.8551848000297323
15400000	0.9148582851776853
15440000	0.9650773392049595
15480000	1.0315025509104132
15520000	1.1103719715068117
15560000	1.1104366321772337
15600000	1.1299859254151583
15640000	0.9371137134134769
15680000	1.0337025791939347
15720000	0.9342519393708557
15760000	0.8988421655528247
15800000	0.9335118502356112
15840000	0.7807051022406667
15880000	0.7792099944721907
15920000	0.7095276817329228
15960000	0.7383625311955809
16000000	0.7951284372705967
16040000	0.8010536935813725
16080000	0.8304259526818991
16120000	0.7404107885204255
16160000	0.7025284377366304
16200000	0.7443110313922167
16240000	0.62757766321823
16280000	0.669356448007375
16320000	0.6254919967994094
16360000	0.6704914600096643
16400000	0.6944501249432564
16440000	0.6411750442825258
16480000	0.641815445548296
16520000	0.6435391914993525
16560000	0.6035806648522616
16600000	0.6078755885533988
16640000	0.7087769653372467
16680000	0.6361300925046206
16720000	0.6867618753656745
16760000	0.717922005943954
16800000	0.7077782542414963
16840000	0.7083369139045477
16880000	0.6869395292185247
16920000	0.678057973460108
16960000	0.6824310079105198
17000000	0.6703235315904021
17040000	0.677717368825525
17080000	0.5864747649513185
17120000	0.5077698531225324
17160000	0.5924862278524786
17200000	0.620827199075371
17240000	0.5687398832589388
17280000	0.6041476211160421
17320000	0.601790290748328
17360000	0.6056855035990477
17400000	0.5905049208894372
17440000	0.6304994428493083
17480000	0.6267466214746237
17520000	0.5842444566056132
17560000	0.6953984682917594
17600000	0.670185207222402
17640000	0.6953687771774828
17680000	0.6891743586476893
17720000	0.5893634083401412
17760000	0.6550009516961872
17800000	0.6246041327629238
17840000	0.5734721339270472
17880000	0.5981121334444731
17920000	0.6668804176412523
17960000	0.6507823267355561
18000000	0.6764292102437467
18040000	0.6654714335419237
18080000	0.6381328977689147
18120000	0.623415762476623
18160000	0.6277326981239021
18200000	0.7133331417627633
18240000	0.6716841332957149
18280000	0.6776197464078665
18320000	0.6532076867684722
18360000	0.6381394882392138
18400000	0.6607089744627476
18440000	0.6353735380943865
18480000	0.6880749193184078
18520000	0.6859676118142903
18560000	0.6483169249448926
18600000	0.6743230113394558
18640000	0.7705176913440227
18680000	0.6988925907149911
18720000	0.7664529862903059
18760000	0.7454678765650838
18800000	0.7260307078622281
18840000	0.6397743724308907
18880000	0.7597400787357241
18920000	0.6966909868929535
18960000	0.7349149881452322
19000000	0.8412366405833512
19040000	0.7748260402880609
19080000	0.7106138140928
19120000	0.7508751804761589
19160000	0.7714735200464725
19200000	0.8059405702162534
19240000	0.7516086969807744
19280000	0.7081854810852557
19320000	0.684053918389231
19360000	0.7715288840830327
19400000	0.6640146660633385
19440000	0.6128475094150752
19480000	0.6428445719055832
19520000	0.6185567335430533
19560000	0.6426651826731861
19600000	0.5892104903718457
19640000	0.5677101572347805
19680000	0.5544317530544475
19720000	0.5231342576798051
19760000	0.4796954282488674
19800000	0.47680721691437067
19840000	0.521870950594917
19880000	0.5138367764821276
19920000	0.5266594988621771
19960000	0.5728035191830247
20000000	0.5152256848946214
20040000	0.5528199831075966
20080000	0.5447104146171361
20120000	0.47678302458487454
20160000	0.47959533053971826
20200000	0.5137871170584113
20240000	0.4573275351092219
20280000	0.5256184928838163
20320000	0.5248181116223335
20360000	0.4592312404450029
20400000	0.499482443683967
20440000	0.4927915285484865
20480000	0.4699147410742939
20520000	0.4717786622732878
20560000	0.4465728355254978
20600000	0.40111013493053616
20640000	0.39475933095924554
20680000	0.4006605522654951
20720000	0.4000224618759006
20760000	0.43283367200829087
20800000	0.42324314487725495
20840000	0.3893760453781113
20880000	0.37352556498683986
20920000	0.42031772858891636
20960000	0.4049514700677246
21000000	0.4482246505547315
21040000	0.40222746245712043
21080000	0.45615772457737475
21120000	0.46264108482562005
21160000	0.43291642517484724
21200000	0.4263833790969104
21240000	0.4440828439898789
21280000	0.4431202645290643
21320000	0.4909790343599394
21360000	0.47973721663840113
21400000	0.4573452932260931
21440000	0.47302823126614096
21480000	0.42174203058443965
21520000	0.4668412905903533
21560000	0.5238509036591277
21600000	0.41061584784630684
21640000	0.47454492635130885
21680000	0.45929009734243154
21720000	0.5142309651356191
21760000	0.5094797471800819
21800000	0.42181621377170087
21840000	0.4557033822471276
21880000	0.42474398658014834
21920000	0.38060454586260023
21960000	0.4261867944840342
22000000	0.3481579217957333
22040000	0.42461213589161634
22080000	0.433171312148124
22120000	0.36081582976989446
22160000	0.40595724674090744
22200000	0.3904804631583393
22240000	0.4019035109452903
22280000	0.40188217451330277
22320000	0.359605203438364
22360000	0.3277443817725405
22400000	0.2966452661920339
22440000	0.3167563112663105
22480000	0.3497183092655614
22520000	0.3072290283670649
22560000	0.35293062494304034
22600000	0.3379633107217029
22640000	0.31169113375302404
22680000	0.3039945052023977
22720000	0.28718488669302317
22760000	0.3279892268609256
22800000	0.3015017492091283
22840000	0.29448084421586246
22880000	0.26669899459909646
22920000	0.3317399430928752
22960000	0.31592785086091607
23000000	0.3181228111850098
23040000	0.29443113907426594
23080000	0.30093036576882004
23120000	0.29384299900513144
23160000	0.2764193674573675
23200000	0.3015444232398644
23240000	0.30792228138949723
23280000	0.32469257695470005
23320000	0.31371667857542634
23360000	0.2712130850533023
23400000	0.30359571671951563
23440000	0.335560037664324
23480000	0.2762020005244762
23520000	0.2995700049571693
23560000	0.2875542923092842
23600000	0.29883374452963474
23640000	0.2988867759428918
23680000	0.35775327646322547
23720000	0.31457895512357353
23760000	0.2991342474006116
23800000	0.34294351918175814
23840000	0.3307922768104821
23880000	0.3594895591568202
23920000	0.3511838413696736
23960000	0.3352622634537518
24000000	0.3317383769545704
24040000	0.38790441302582623
24080000	0.35487350015714764
24120000	0.37058840570412577
24160000	0.38621529424227774
24200000	0.41688438503704967
24240000	0.4367640412274748
24280000	0.3690987682361156
24320000	0.4116315992228687
24360000	0.38800653673633934
24400000	0.37681882788911464
24440000	0.38401426985897125
24480000	0.3700227129392326
24520000	0.3220278001345694
24560000	0.3497840556267649
24600000	0.3278083900682628
24640000	0.333438506565243
24680000	0.3458125827956945
24720000	0.3576299693930894
24760000	0.3426956864442676
24800000	0.3706168031644076
24840000	0.34303044338040056
24880000	0.3557185642324388
24920000	0.3315319637522101
24960000	0.328941261369735
25000000	0.33591489237248895
25040000	0.3586944804947823
25080000	0.3645462184354663
25120000	0.3317702383205295
25160000	0.3403283266481012
25200000	0.342613814006187
25240000	0.36845350916795433
25280000	0.3416754321951419
25320000	0.3388192014988512
25360000	0.37530236527696254
25400000	0.3705687863729894
25440000	0.4447560558963567
25480000	0.4257120458044112
25520000	0.3859960091035813
25560000	0.47446611004378647
25600000	0.41116688040979205
25640000	0.38753051820918916
25680000	0.4166271375633776
25720000	0.39201536451820285
25760000	0.40528535403087734
25800000	0.3974831313561648
25840000	0.3576418012149632
25880000	0.3937559616237879
25920000	0.4387436148423702
25960000	0.3849180802702904
26000000	0.4378906002245843
26040000	0.4256660024508834
26080000	0.34841025725919755
26120000	0.3447822044299915
26160000	0.40840458701364696
26200000	0.32711440919414164
26240000	0.34040088664051144
26280000	0.4215802320368588
26320000	0.3746864911461249
26360000	0.37100339015088973
26400000	0.3153144181072712
26440000	0.34565860886704175
26480000	0.3483687821056694
26520000	0.3327409788131714
26560000	0.3599662983153015
26600000	0.389229175243713
26640000	0.40544141395650807
26680000	0.39842807344067843
26720000	0.3430941559489816
26760000	0.38076919833794237
26800000	0.3964121182313189
26840000	0.42999432638138535
26880000	0.36872315652407706
26920000	0.34240301766265185
26960000	0.3151267800364643
27000000	0.39242016384638845
27040000	0.356341539337486
27080000	0.4020833112427965
27120000	0.35650697761233896
27160000	0.38362724438328294
27200000	0.383801374062337
27240000	0.43504510242156685
27280000	0.466352011282742
27320000	0.5098339882545173
27360000	0.45647917919531467
27400000	0.5085492857869715
27440000	0.45191156956832856
27480000	0.4562873225627467
27520000	0.4110581159312278
27560000	0.5060191290214657
27600000	0.49797711502257735
27640000	0.4548055882571265
27680000	0.468728206606023
27720000	0.4498529053511098
27760000	0.4337220305677503
27800000	0.529700485804677
27840000	0.5332222939103842
27880000	0.4673452526204288
27920000	0.5212871992103756
27960000	0.5218946411557496
28000000	0.47299547034576533
28040000	0.5004384788148105
28080000	0.41793599688000976
28120000	0.4507670225309208
28160000	0.4418745400613174
28200000	0.569891980865784
28240000	0.5531140051441267
28280000	0.4974909819481894
28320000	0.5991691533735022
28360000	0.48814712918307634
28400000	0.49354732042755933
28440000	0.5201493918314576
28480000	0.5200635422466323
28520000	0.5112431634735316
28560000	0.4767538104649633
28600000	0.4688288395255804
28640000	0.5009769421819598
28680000	0.47325256840121
28720000	0.5667367667347193
28760000	0.49516829500999304
28800000	0.49622970472387967
28840000	0.4364150623559952
28880000	0.47631714736390857
28920000	0.45622640433702616
28960000	0.473453916509077
29000000	0.46358797775935384
29040000	0.46989211747869847
29080000	0.4802273134183139
29120000	0.49402441470064223
29160000	0.4714632413864136
29200000	0.4666291615005583
29240000	0.4087674199905246
29280000	0.4720908808330074
29320000	0.5164002222057432
29360000	0.4263700041867793
29400000	0.4640333758022636
29440000	0.4786326781835407
29480000	0.47668430012464524
29520000	0.4789424553655088
29560000	0.4396584654204547
29600000	0.4421860084842891
29640000	0.49953708925172685
29680000	0.4249630569443107
29720000	0.4662640578195453
29760000	0.4554105464611202
29800000	0.475680931045115
29840000	0.5131588463548571
29880000	0.4892396470345557
29920000	0.48085647526830433
29960000	0.41997161282114687
30000000	0.45149563032127915
30040000	0.4419340105365962
30080000	0.4137716696672142
30120000	0.4776908532857895
30160000	0.3821813651658595
30200000	0.37450393620580436
30240000	0.4491765762656927
30280000	0.39084245184250177
30320000	0.37456026710290463
30360000	0.4143276954518631
30400000	0.4187929959949106
30440000	0.44297748428471384
30480000	0.4009066487234086
30520000	0.40453317627348007
30560000	0.40938312667421994
30600000	0.4352127767380327
30640000	0.3791773690637201
30680000	0.43372726712860166
30720000	0.4070252249317244
30760000	0.3645530198868364
30800000	0.41848731789849697
30840000	0.4503832815106958
30880000	0.478527178337425
30920000	0.4656164694974199
30960000	0.43112626772783696
31000000	0.45767635046802463
31040000	0.4862999497778714
31080000	0.5131105888046325
31120000	0.4261348619237542
31160000	0.45012667549960317
31200000	0.46258845055028797
31240000	0.4607601617934182
31280000	0.4328085512412712
31320000	0.498155191876553
31360000	0.4971412282798439
31400000	0.4706559339042753
31440000	0.4714019147217274
31480000	0.4475496185263619
31520000	0.46386241125278177
31560000	0.48448093788325786
31600000	0.47356654299162326
31640000	0.5265075511109084
31680000	0.502333361281827
31720000	0.47795584639161826
31760000	0.5136067256029695
31800000	0.48416751853823664
31840000	0.4792091600541025
31880000	0.4670921837795526
31920000	0.49428256636448203
31960000	0.49146641055494544
32000000	0.46530342042669653
32040000	0.4221113928023726
32080000	0.4402612829476595
32120000	0.4418933906434104
32160000	0.4778811325512826
32200000	0.449826403702423
32240000	0.4548394322449341
32280000	0.4104839189611375
32320000	0.4437576910993084
32360000	0.4446672401439399
32400000	0.4759693727662787
32440000	0.4305059553580359
32480000	0.47371752700656655
32520000	0.4368249556086957
32560000	0.43865026996750384
32600000	0.43359650115203113
32640000	0.4162489251801744
32680000	0.4643910809068009
32720000	0.42550327918659897
32760000	0.4817849834155291
32800000	0.44466618046276274
32840000	0.4548872209325433
32880000	0.4805110509859398
32920000	0.4255159733722918
32960000	0.4875996049342677
33000000	0.49819650048799813
33040000	0.43996594680026174
33080000	0.43437185261249545
33120000	0.4257655875895172
33160000	0.4056940488450229
33200000	0.45072880004364996
33240000	0.41344921841919424
33280000	0.46799950856119393
33320000	0.42041772622782736
33360000	0.4584941844968125
33400000	0.4248297669487074
33440000	0.42772277885898946
33480000	0.3317432028989308
33520000	0.3444132894763723
33560000	0.35343230253905056
33600000	0.3554749659219757
33640000	0.3260009895537049
33680000	0.3168697182810865
33720000	0.31586746564973145
33760000	0.3423423042470589
33800000	0.31480549613106995
33840000	0.29041487706247715
33880000	0.2860732298243791
33920000	0.3704872033819556
33960000	0.3568452054101974
34000000	0.3479774231888354
34040000	0.3619049804406241
34080000	0.3716443516980857
34120000	0.3825334744113497
34160000	0.3522685299422592
34200000	0.3552899166373536
34240000	0.3968401612837799
34280000	0.3480782259253785
34320000	0.4648761300846003
34360000	0.4307969282070175
34400000	0.4077232899038121
34440000	0.38911007618643345
34480000	0.4545063691137359
34520000	0.4574081592805684
34560000	0.44984867111798377
34600000	0.4893746578315273
34640000	0.4850216386772692
34680000	0.44924897018056364
34720000	0.46754660989334806
34760000	0.4914662747040391
34800000	0.43971783363074063
34840000	0.4933153372433037
34880000	0.4330802814218216
34920000	0.4635193872136995
34960000	0.5221684202684089
35000000	0.4744989950785413
35040000	0.5303814438182861
35080000	0.4523694881249219
35120000	0.5239094042486511
35160000	0.5267003557452932
35200000	0.5826479355951771
35240000	0.531808668871969
35280000	0.5156674394067376
35320000	0.5235905287643895
35360000	0.44434193333014843
35400000	0.49260866298750045
35440000	0.47191662505976856
35480000	0.4793597955029458
35520000	0.46709341043848546
35560000	0.4807143337605521
35600000	0.460775000725314
35640000	0.4180740672944114
35680000	0.4169057522618212
35720000	0.4686049815019593
35760000	0.43591471566706896
35800000	0.44556500646434727
35840000	0.4275267447190359
35880000	0.404980626369454
35920000	0.3447773429987952
35960000	0.2852179840873927
36000000	0.3257985440425575
36040000	0.34911992891374977
36080000	0.310167700266093
36120000	0.29347768066506835
36160000	0.29111797548532486
36200000	0.2947159694556147
36240000	0.306694393517822
36280000	0.2980119690151885
36320000	0.3061618198676035
36360000	0.29340064307153224
36400000	0.28656559770386664
36440000	0.3120421522801742
36480000	0.2879675768867135
36520000	0.28723896362036466
36560000	0.26805078507848085
36600000	0.276259761600662
36640000	0.27884081540405753
36680000	0.29708660877365617
36720000	0.32144087896086276
36760000	0.3314736313020811
36800000	0.30588440827652813
36840000	0.28844774323739114
36880000	0.3167486604445614
36920000	0.29407853491082786
36960000	0.3051275378810242
37000000	0.2744114631948993
37040000	0.28713899965425954
37080000	0.2588746760738082
37120000	0.3262671609543264
37160000	0.31755962626971307
37200000	0.3194097370905802
37240000	0.3431563534378074
37280000	0.35067313923984766
37320000	0.3044220712888986
37360000	0.34580731861703096
37400000	0.40010054137315604
37440000	0.37493955349028113
37480000	0.3789949858525768
37520000	0.38705101137543096
37560000	0.4431933556508273
37600000	0.4049172587878071
37640000	0.4509174579504877
37680000	0.3686766290826723
37720000	0.5288049205023795
37760000	0.4493072878053412
37800000	0.43110976640339943
37840000	0.4103485917782411
37880000	0.41469442531578243
37920000	0.44228995643407104
37960000	0.44289753550067545
38000000	0.4013239487109706
38040000	0.4549481610670686
38080000	0.4213681711452082
38120000	0.4280975039880723
38160000	0.3808192011218518
38200000	0.3784169865589589
38240000	0.4407052318478003
38280000	0.3870942056151107
38320000	0.4376085310958326
38360000	0.40401239204164596
38400000	0.4355898538220674
38440000	0.4370327885993756
38480000	0.414969517329894
38520000	0.45896806016825137
38560000	0.500947218198888
38600000	0.4662442709996365
38640000	0.43193051066519694
38680000	0.4580035336701199
38720000	0.4525077288484201
38760000	0.4721175003556535
38800000	0.48063842928865924
38840000	0.48340727736875416
38880000	0.5364350222658366
38920000	0.43198016329994426
38960000	0.38668776401681826
39000000	0.41339783940892666
39040000	0.41768984246943147
39080000	0.40169857295323164
39120000	0.39229725649226455
39160000	0.41295634068278597
39200000	0.4270733905185014
39240000	0.4195220104594715
39280000	0.4232386218693107
39320000	0.4529629579251632
39360000	0.44207671515494584
39400000	0.4520233515769243
39440000	0.4002537174012512
39480000	0.40493053024969994
39520000	0.4278788752768189
39560000	0.46114202811885624
39600000	0.4558843392942101
39640000	0.40939157611690463
39680000	0.4477560135632753
39720000	0.4229919193668291
39760000	0.44270022779190915
39800000	0.4843426947299391
39840000	0.5318016470756382
39880000	0.48185056822877376
39920000	0.5286061433389783
39960000	0.5877743445111439
40000000	0.5005104127315805
40040000	0.6307424369039014
40080000	0.49984588045179845
40120000	0.5094999810924754
40160000	0.4626076307065785
40200000	0.4711803461372852
40240000	0.5356796982361004
40280000	0.527487971719727
40320000	0.527277117343992
40360000	0.5562363589074463
40400000	0.6634626704258845
40440000	0.5993411231545731
40480000	0.564320145367086
40520000	0.5436496384004131
40560000	0.5252340861741454
40600000	0.5252209744093008
40640000	0.4274609284435399
40680000	0.47300223831292243
40720000	0.487460625752341
40760000	0.5072185593471863
40800000	0.44195265791434796
40840000	0.4962007932059467
40880000	0.4528772342642769
40920000	0.43600087681952865
40960000	0.4488412243617699
41000000	0.4451038797456771
41040000	0.43402095503825694
41080000	0.4330242535301484
41120000	0.43020413204459473
41160000	0.43655026622116566
41200000	0.46397168668583033
41240000	0.41830965835787354
41280000	0.4036594718579203
41320000	0.37413027449753133
41360000	0.37887536360397933
41400000	0.3773362654673867
41440000	0.3949293625155464
41480000	0.35197205457128583
41520000	0.3420287746050395
41560000	0.3433960115769878
41600000	0.3606581616500393
41640000	0.35162462961487473
41680000	0.35703997523169967
41720000	0.3259282837290317
41760000	0.38115023139938714
41800000	0.3265253339494579
41840000	0.3123620384406298
41880000	0.35200851426683366
41920000	0.37734081034250555
41960000	0.38964352473709735
42000000	0.41512278643567113
42040000	0.34873763791341333
42080000	0.4179294313617051
42120000	0.44199328523818404
42160000	0.4368504591658711
42200000	0.4009217320717871
42240000	0.40907831352353097
42280000	0.41734653189107773
42320000	0.4715458307279274
42360000	0.4629292504455894
42400000	0.48405838770046833
42440000	0.4867384143045172
42480000	0.5228761083137244
42520000	0.4782427564044483
42560000	0.4695360765332356
42600000	0.4836318365689367
42640000	0.46571669688634576
42680000	0.5161040209177882
42720000	0.46257181269247083
42760000	0.49256069386303425
42800000	0.4586234116706066
42840000	0.48585258034951984
42880000	0.47913325458252803
42920000	0.5311762767935172
42960000	0.47802124895211306
43000000	0.46103244019877165
43040000	0.5371023399035446
43080000	0.4343189267804846
43120000	0.4903891471153125
43160000	0.44089320748569444
43200000	0.4100786280909553
43240000	0.3984099434381351
43280000	0.38921950056105853
43320000	0.41125181777682157
43360000	0.3711858429007232
43400000	0.3393043237229809
43440000	0.3969563443103805
43480000	0.3539080257518217
43520000	0.37739114126972856
43560000	0.3859636977016926
43600000	0.3711463635241613
43640000	0.4185599417136982
43680000	0.36125023514088245
43720000	0.40923669018670916
43760000	0.40117717277146875
43800000	0.4373787443669513
43840000	0.4684902092948556
43880000	0.39596105496026573
43920000	0.39547702680528163
43960000	0.37548975489991715
44000000	0.3714614208920859
44040000	0.37644336738009004
44080000	0.40587820821665227
44120000	0.35403737785853445
44160000	0.30284276548400524
44200000	0.2915680497556925
44240000	0.29964046911988407
44280000	0.30046267965529116
44320000	0.3514907149213366
44360000	0.3223489086475223
44400000	0.3142999237300828
44440000	0.3425328689541668
44480000	0.3108561971670017
44520000	0.3407929646840319
44560000	0.35375495865549894
44600000	0.3681564757959917
44640000	0.3859375637700781
44680000	0.35316076315212996
44720000	0.33797899577245116
44760000	0.31738969734199346
44800000	0.3278831328298897
44840000	0.3299039275626652
44880000	0.35551465828139334
44920000	0.3087909723723307
44960000	0.3379707741819322
45000000	0.36762815128071236
45040000	0.4209477354962379
45080000	0.39843569562397896
45120000	0.3873587390447035
45160000	0.4292700106186792
45200000	0.4124567712926306
45240000	0.44268281410504134
45280000	0.42436011132262647
45320000	0.40955347974877804
45360000	0.40897631891239433
45400000	0.4192224419389851
45440000	0.3753933739135042
45480000	0.3997110486317426
45520000	0.4783222853522748
45560000	0.41829082239195703
45600000	0.47762305786795917
45640000	0.48425135978451
45680000	0.49690407492984084
45720000	0.4957621141668409
45760000	0.4657617533866316
45800000	0.4835330543279648
45840000	0.5767268205253407
45880000	0.5071314488524571
45920000	0.5560521490794607
45960000	0.6930211978640407
46000000	0.6280703516827896
46040000	0.5329731488159858
46080000	0.5563924508857541
46120000	0.4820369123369455
46160000	0.405088254795596
46200000	0.36367816714113577
46240000	0.3988206798063591
46280000	0.40907380441930147
46320000	0.36423666248768566
46360000	0.37161152834296224
46400000	0.3567908412950113
46440000	0.36320627545882017
46480000	0.4068882196145132
46520000	0.4491452505396679
46560000	0.38395864590518175
46600000	0.4543323459355161
46640000	0.45997841068841516
46680000	0.45871481608599424
46720000	0.3656479435972869
46760000	0.4167863201636821
46800000	0.4569223747314885
46840000	0.4647442867186852
46880000	0.4337705210538581
46920000	0.45343187097981574
46960000	0.4955140757086687
47000000	0.43993693032339215
47040000	0.476911324975919
47080000	0.4655578193116002
47120000	0.4713798573950306
47160000	0.44394092447068545
47200000	0.4738647561624646
47240000	0.4428213666856289
47280000	0.39978841021722183
47320000	0.43562185340616855
47360000	0.3908793527940288
47400000	0.3873319770745933
47440000	0.42205925650466236
47480000	0.4038138490307145
47520000	0.3608388008227572
47560000	0.3640240163370967
47600000	0.3893063244585879
47640000	0.41034929921021684
47680000	0.3675624485878274
47720000	0.4260937472395599
47760000	0.3523371840791777
47800000	0.3887917323535308
47840000	0.378636346549727
47880000	0.3910255795115605
47920000	0.4066324298579246
47960000	0.4099144995368086
48000000	0.42072586630750447
48040000	0.39723306209612635
48080000	0.3719625821265392
48120000	0.3994231356898323
48160000	0.3673041755899787
48200000	0.3914351579299197
48240000	0.3861675631617196
48280000	0.3990140863135457
48320000	0.41771308538354934
48360000	0.38894412912270054
48400000	0.39096346459826453
48440000	0.4064368240473792
48480000	0.4011949789952487
48520000	0.28329973839446904
48560000	0.24956257017590106
48600000	0.2637921576657333
48640000	0.23843330065179616
48680000	0.2236959036525339
48720000	0.23873427007729187
48760000	0.27885678344629705
48800000	0.27902885885369033
48840000	0.30636569122849033
48880000	0.2575827247109264
48920000	0.2617533676184714
48960000	0.2666181532466784
49000000	0.24135177389215678
49040000	0.3085472521220334
49080000	0.37305554599687457
49120000	0.3508253567233682
49160000	0.3469349775669165
49200000	0.38296096304021776
49240000	0.3392749587313272
49280000	0.3644696976713836
49320000	0.35937273828666655
49360000	0.3380261909729801
49400000	0.3898193113682792
49440000	0.40349041229970756
49480000	0.40097458602562547
49520000	0.44003423678865655
49560000	0.4488612509739585
49600000	0.4458060525909066
49640000	0.41937492862846704
49680000	0.40787716099675747
49720000	0.47976466964473946
49760000	0.4402287798166275
49800000	0.38932428993918
49840000	0.39460147098843007
49880000	0.4248204778853804
49920000	0.4800358336091042
49960000	0.41539926942754535
50000000	0.36748438811823725
50040000	0.3420364168319851
50080000	0.27076461734212937
50120000	0.3017962933998555
50160000	0.31780262007527055
50200000	0.3220912841510959
50240000	0.30917991758883
50280000	0.28184130727127193
50320000	0.2777057194424793
50360000	0.26497762564178556
50400000	0.31071027344688773
50440000	0.3051035997677594
50480000	0.31767574252747
50520000	0.2831141183559783
50560000	0.26119392789080736
50600000	0.26452045242059974
50640000	0.2667831933354959
50680000	0.24818447385681794
50720000	0.27604413151238116
50760000	0.2707941429685801
50800000	0.2711365517962724
50840000	0.2459101400781423
50880000	0.2932355332683772
50920000	0.269215231898427
50960000	0.2522789645852521
51000000	0.2223051195262
51040000	0.23611653362875804
51080000	0.25012906174212696
51120000	0.23969333729594947
51160000	0.23749051963817328
51200000	0.23814187060687692
51240000	0.27123971552141013
51280000	0.24478354946468026
51320000	0.221423440089263
51360000	0.21037272355426104
51400000	0.1934490354988724
51440000	0.2316049345076084
51480000	0.25026193521823736
51520000	0.2400739838670008
51560000	0.24481655100826175
51600000	0.2053652233192697
51640000	0.21313521507102995
51680000	0.19999938192460687
51720000	0.214228055241704
51760000	0.21117688632216305
51800000	0.1715021204742603
51840000	0.23174692718237638
51880000	0.2497125457665883
51920000	0.2491156787114218
51960000	0.24294738145861774
52000000	0.244480218398571
52040000	0.2516613591521047
52080000	0.2818624388508499
52120000	0.2665462042862549
52160000	0.27273783934116363
52200000	0.29968013717457653
52240000	0.2946833805264905
52280000	0.2630281444311142
52320000	0.26514666480096055
52360000	0.2820611449648626
52400000	0.2671223058016971
52440000	0.2861352926271968
52480000	0.2571238442716189
52520000	0.2485324507898651
52560000	0.20900890935435892
52600000	0.20021528979381548
52640000	0.2311909253018908
52680000	0.19865509661538527
52720000	0.17613472198955715
52760000	0.15367945973696187
52800000	0.14852313750376925
52840000	0.17606343070482836
52880000	0.16053041498698295
52920000	0.20426917469175532
52960000	0.1742956669264473
53000000	0.20309836579235271
53040000	0.1923410331180319
53080000	0.18920511556295677
53120000	0.20746024772850796
53160000	0.21552668132875114
53200000	0.17820151729285716
53240000	0.2103670855638571
53280000	0.24118325888961553
53320000	0.1970451905700378
53360000	0.22067154892003163
53400000	0.2320956456527114
53440000	0.24775691304896028
53480000	0.21747769196759908
53520000	0.21704274396384135
53560000	0.20907707830499858
53600000	0.25223711517248304
53640000	0.2365831604543142
53680000	0.24713278270261363
53720000	0.2701458535606973
53760000	0.26192345068547873
53800000	0.2561345298185013
53840000	0.25078351864349097
53880000	0.2651106223449111
53920000	0.2692945767573081
53960000	0.2596079734982923
54000000	0.26231733301701027
54040000	0.275349181961175
54080000	0.2918752597904764
54120000	0.3490269490955398
54160000	0.28277531107030807
54200000	0.3065007048759609
54240000	0.3708238107221201
54280000	0.3183376160060056
54320000	0.27648262874977664
54360000	0.33880571628175676
54400000	0.3052766599898227
54440000	0.3168626066095196
54480000	0.33914088019998745
54520000	0.3161858411394991
54560000	0.3410182238139212
54600000	0.30995793572561814
54640000	0.30164239093801004
54680000	0.3826617423077114
54720000	0.3680588621661067
54760000	0.3740199650088325
54800000	0.3881790662760846
54840000	0.3585541654378176
54880000	0.3372601731079631
54920000	0.33816530588353055
54960000	0.362091722876858
55000000	0.327311946422793
55040000	0.31298115171389657
55080000	0.3187732723781839
55120000	0.4124431511012837
55160000	0.39791532437959687
55200000	0.3683519126795232
55240000	0.34984947040602565
55280000	0.3147897308824584
55320000	0.32450998916132373
55360000	0.3308566185644362
55400000	0.32130901640262455
55440000	0.3315670866848901
55480000	0.3010179167569615
55520000	0.31081858679112045
55560000	0.31724633710980416
55600000	0.3553441694266163
55640000	0.3268702039332129
55680000	0.36195456321891395
55720000	0.33143976845163853
55760000	0.31558759248889984
55800000	0.3765734425906092
55840000	0.3726384180661291
55880000	0.32187949235364793
55920000	0.29033956765942276
55960000	0.31171330963326616
56000000	0.2883328579971567
56040000	0.2576221666718833
56080000	0.29615651548579336
56120000	0.22957363210981713
56160000	0.23885173837440088
56200000	0.27451716874334964
56240000	0.26499621427031234
56280000	0.25302417171932756
56320000	0.2658647303613834
56360000	0.2965883031042293
56400000	0.26745550617137925
56440000	0.27403432902041824
56480000	0.2803486873273738
56520000	0.2932131499590352
56560000	0.28814016195610165
56600000	0.32902190880179405
56640000	0.2705938614603132
56680000	0.3096504998263903
56720000	0.29422716667437926
56760000	0.2896608228355646
56800000	0.300306916715391
56840000	0.2807016262201592
56880000	0.27377718757381664
56920000	0.2716339328926057
56960000	0.2523425427334383
57000000	0.22756159465052186
57040000	0.23004189481856302
57080000	0.28535401851804926
57120000	0.27490201034946365
57160000	0.2667709876840934
57200000	0.22709187296265737
57240000	0.2458799520741217
57280000	0.20793081049816683
57320000	0.21512511154301464
57360000	0.2445554266968742
57400000	0.22072143327938393
57440000	0.23004402745757252
57480000	0.2714511264372617
57520000	0.23671762108299882
57560000	0.25760894844625143
57600000	0.29242768328692764
57640000	0.2040595402404666
57680000	0.2289718260523863
57720000	0.21008124725436791
57760000	0.2304548994448036
57800000	0.23882238548006862
57840000	0.23109849814046174
57880000	0.25218552368013186
57920000	0.28113805082570764
57960000	0.24671451071985065
58000000	0.2588739952845499
58040000	0.2365382485119626
58080000	0.23629776955535636
58120000	0.2259971837149933
58160000	0.2619314590226859
58200000	0.2346123661356978
58240000	0.24654468586677686
58280000	0.2552614847682416
58320000	0.2207271550416015
58360000	0.2247505161206238
58400000	0.24592190444357692
58440000	0.2645952125366777
58480000	0.29685656860833987
58520000	0.2703923625396565
58560000	0.26218747682729737
58600000	0.2680968008761294
58640000	0.29354698551716285
58680000	0.29464382934086025
58720000	0.2911432532868348
58760000	0.30942841116609054
58800000	0.3189852627504617
58840000	0.28325214543379845
58880000	0.30701165095176547
58920000	0.3367679792596027
58960000	0.32247601714795454
59000000	0.34377899696798997
59040000	0.34367435037139804
59080000	0.33577278880048544
59120000	0.3384256850037724
59160000	0.3570251227655448
59200000	0.36216839518016203
59240000	0.3051473240179941
59280000	0.25052031728252766
59320000	0.2704969521833584
59360000	0.25138498606290666
59400000	0.22731992956101896
59440000	0.25761038843411954
59480000	0.26164577639950437
59520000	0.25256625382024794
59560000	0.2663232929062098
59600000	0.2892621438593604
59640000	0.28584051645314323
59680000	0.26417239447655155
59720000	0.29905363226523624
59760000	0.32053601883128285
59800000	0.269294876304362
59840000	0.257811809010338
59880000	0.2472318504916504
59920000	0.2937702548158355
59960000	0.28794064079783854
60000000	0.25283360455939546
60040000	0.26583767849039286
60080000	0.30183019575709474
60120000	0.2569770094698295
60160000	0.33216163893640044
60200000	0.34156513942470773
60240000	0.3161877952125855
60280000	0.30354240179834885
60320000	0.2846015607748181
60360000	0.2599335931661539
60400000	0.2954900052126497
60440000	0.2814523332716897
60480000	0.27861042688237503
60520000	0.3149901157603599
60560000	0.33055389887597414
60600000	0.3436210910629481
60640000	0.26565808408744634
60680000	0.31958208279479294
60720000	0.30131624897606674
60760000	0.32309319224553185
60800000	0.34878119666315616
60840000	0.3462258624735288
60880000	0.3739249466853216
60920000	0.39318115293923767
60960000	0.3709641303913668
61000000	0.37376840773373843
61040000	0.35107425756072624
61080000	0.3627506842159666
61120000	0.2828725886576809
61160000	0.2899525506047532
61200000	0.3080704564859159
61240000	0.2715743185953237
61280000	0.24881038387715818
61320000	0.23157025004699827
61360000	0.2395462363985367
61400000	0.19520969843175262
61440000	0.2287811210859567
61480000	0.20022019563163632
61520000	0.19454098514253274
61560000	0.20189656404703857
61600000	0.1767057846231386
61640000	0.2109467361073941
61680000	0.1778151080965996
61720000	0.2021009228010662
61760000	0.17442979803895578
61800000	0.20109889374864287
61840000	0.23095996332792565
61880000	0.20919873391306026
61920000	0.2463574247630313
61960000	0.23229502251641826
62000000	0.23781490231053903
62040000	0.23553256311798468
62080000	0.26617455336870627
62120000	0.24091142894458026
62160000	0.2607190519836731
62200000	0.27166633156845343
62240000	0.2642007268759422
62280000	0.2928241621141322
62320000	0.26772998904725537
62360000	0.2508615925381891
62400000	0.18847039299937896
62440000	0.2187341275949031
62480000	0.26445192465977746
62520000	0.2468666513509117
62560000	0.24469383784485982
62600000	0.2875190623112954
62640000	0.2834374175741337
62680000	0.2388823136557825
62720000	0.25041572216153146
62760000	0.2823726400573738
62800000	0.2668044746536761
62840000	0.2830685569231398
62880000	0.2637136889080517
62920000	0.294756066158507
62960000	0.29559043837049975
63000000	0.2953957557792775
63040000	0.2683019564450718
63080000	0.28825734956366944
63120000	0.28773257728777824
63160000	0.2799314688595943
63200000	0.26464180792728437
63240000	0.26598014549026266
63280000	0.2892760318769142
63320000	0.28593442897954957
63360000	0.2881119062155485
63400000	0.26911508396705613
63440000	0.3085047929266468
63480000	0.31429976805290205
63520000	0.2940981475982815
63560000	0.3027370453723706
63600000	0.2967217518117279
63640000	0.2528194119998254
63680000	0.2477201181189157
63720000	0.2670793183955364
63760000	0.2679239340216853
63800000	0.3147609838827513
63840000	0.31374246248975396
63880000	0.27592065351521594
63920000	0.3058409183483571
63960000	0.28354583256114274
64000000	0.2775872378794476
64040000	0.27723269217200575
64080000	0.3239558107867837
64120000	0.2970616818450391
64160000	0.32486408211262896
64200000	0.2973847729268484
64240000	0.30610480152424424
64280000	0.3034987816496752
64320000	0.2987879739441909
64360000	0.27390943188313394
64400000	0.3169150878168642
64440000	0.2953881146211177
64480000	0.2946689634297974
64520000	0.25823238089373335
64560000	0.24548821137398483
64600000	0.2609351350308396
64640000	0.26597126984382047
64680000	0.2620924751824699
64720000	0.264960948815383
64760000	0.21649369057593867
64800000	0.2521823334256187
64840000	0.24661080989837647
64880000	0.2756971308306791
64920000	0.2440646730830893
64960000	0.2261988946958445
65000000	0.24469849509652705
65040000	0.2467620661456138
65080000	0.2359313539828174
65120000	0.22782558614062146
65160000	0.2540815167005174
65200000	0.19912742392243818
65240000	0.15188316133096813
65280000	0.16983495928896591
65320000	0.17787593189552425
65360000	0.1564277186001651
65400000	0.18365381995569915
65440000	0.19039163920106367
65480000	0.16011633413201198
65520000	0.17752778472211211
65560000	0.17880183473788203
65600000	0.17619868856417015
65640000	0.17518203675448896
65680000	0.19786464599510656
65720000	0.1895038234747015
65760000	0.2026187604405917
65800000	0.23289810976525768
65840000	0.206499065339379
65880000	0.18750026105167344
65920000	0.2131747820092365
65960000	0.19100130884926766
66000000	0.1963914646663703
66040000	0.205964622127451
66080000	0.20468645857349038
66120000	0.21258747036643327
66160000	0.19928619952993468
66200000	0.22358191153611987
66240000	0.20324721397031098
66280000	0.2418729702836834
66320000	0.24984855426447466
66360000	0.1954689574761316
66400000	0.227874763016589
66440000	0.2056074291670695
66480000	0.21645948389060796
66520000	0.20646516653653235
66560000	0.2367566757868044
66600000	0.20402733561042696
66640000	0.20754257210213692
66680000	0.2868667493327521
66720000	0.24281555221239104
66760000	0.24138053686218336
66800000	0.27019727426953616
66840000	0.27173224396165463
66880000	0.25289448431376366
66920000	0.22773248087102546
66960000	0.25202039374504237
67000000	0.23710843712892382
67040000	0.2733072949795984
67080000	0.24903716072048993
67120000	0.35515847599534317
67160000	0.32350223472872747
67200000	0.36171854960080235
67240000	0.3284473829316907
67280000	0.3030641628451645
67320000	0.27626583404848354
67360000	0.27357291096290576
67400000	0.329003617326729
67440000	0.247463747570524
67480000	0.25290994927119465
67520000	0.2558315266069025
67560000	0.2365979656319134
67600000	0.26184262995794416
67640000	0.2663161193021573
67680000	0.2798236793600023
67720000	0.24758277701912448
67760000	0.2908502212065272
67800000	0.35436384973945095
67840000	0.32571701270462944
67880000	0.31487512822113933
67920000	0.3605452838665806
67960000	0.32666503504347055
68000000	0.38264752718368544
68040000	0.3348710757889785
68080000	0.3752259760093875
68120000	0.33607489893101156
68160000	0.3526871069069952
68200000	0.37185554154142736
68240000	0.373429736435879
68280000	0.34108129697851836
68320000	0.36994739460190756
68360000	0.3683245469959453
68400000	0.4265914204078726
68440000	0.38879029462430625
68480000	0.41088607249837367
68520000	0.37170208834465596
68560000	0.3373452875178307
68600000	0.3596974763770588
68640000	0.34319739504670727
68680000	0.3468068351306021
68720000	0.37931721687875686
68760000	0.3462229022591375
68800000	0.2930270023065619
68840000	0.2787878447362222
68880000	0.29481251168213785
68920000	0.2862572873909026
68960000	0.241758317314554
69000000	0.240615826067701
69040000	0.24039350052597
69080000	0.2019406781602651
69120000	0.2118365826552734
69160000	0.20506115031791852
69200000	0.21905013119624928
69240000	0.2269881331595592
69280000	0.23161955845989288
69320000	0.22487360010007396
69360000	0.25412541854418813
69400000	0.2577469237457961
69440000	0.24723921663500367
69480000	0.260618828288652
69520000	0.21725769189400598
69560000	0.23767476163012907
69600000	0.22870845343563706
69640000	0.20839457077383994
69680000	0.20451645841589197
69720000	0.21133500628778712
69760000	0.21106627812553197
69800000	0.22897388580814004
69840000	0.22969584209211172
69880000	0.23734574511349202
69920000	0.1982406983891502
69960000	0.20294006022429092
70000000	0.20609323669569568
70040000	0.21350308700287715
70080000	0.21694495224067942
70120000	0.21629329839963465
70160000	0.21812511237943544
70200000	0.2213370843315497
70240000	0.21653698427341878
70280000	0.24772315197037534
70320000	0.2131182992055081
70360000	0.2344812665272504
70400000	0.24032487119007856
70440000	0.30918136447137223
70480000	0.24322587242806332
70520000	0.28519952337695287
70560000	0.2869424578011036
70600000	0.2744998349298723
70640000	0.2556049510182813
70680000	0.318734225287009
70720000	0.28067587792910637
70760000	0.20808053291300313
70800000	0.17043856146400793
70840000	0.1704639434017241
70880000	0.16170024124151094
70920000	0.19053544729510322
70960000	0.17898004175117238
71000000	0.1906153884950094
71040000	0.18395834460286423
71080000	0.2250403314748779
71120000	0.21449515403443947
71160000	0.24708561492646114
71200000	0.2532698084941134
71240000	0.26482154187271373
71280000	0.250836838393379
71320000	0.27075697977673263
71360000	0.23895224327202885
71400000	0.22775948941800744
71440000	0.2597631537417881
71480000	0.2438909004529938
71520000	0.2632073123640381
71560000	0.29013788225799797
71600000	0.2351525376532227
71640000	0.28905974047901106
71680000	0.25946775398165917
71720000	0.17199036992266775
71760000	0.18026574651608243
71800000	0.21129749908652157
71840000	0.19918354508997874
71880000	0.24542120335483925
71920000	0.23835724121835083
71960000	0.20936960944784805
72000000	0.2104692164690234
72040000	0.21431888418151065
72080000	0.20616208985149861
72120000	0.19498052481468767
72160000	0.19944563891766592
72200000	0.2080699042662047
72240000	0.2654251914380118
72280000	0.2140778326834552
72320000	0.24733226228514688
72360000	0.22726976080657915
72400000	0.24200179317039439
72440000	0.2548132097612135
72480000	0.27456359881162645
72520000	0.28456450001085176
72560000	0.28219604491051287
72600000	0.25750069201868026
72640000	0.2517316884360276
72680000	0.2959599494416267
72720000	0.2546069394451566
72760000	0.2888138900782913
72800000	0.27659534657718615
72840000	0.2583030058098957
72880000	0.3106862698376179
72920000	0.29681486889887604
72960000	0.319547054377757
73000000	0.32508298087920995
73040000	0.31122004720019175
73080000	0.30405672457925975
73120000	0.30444283418478446
73160000	0.30421994705051186
73200000	0.3276528018266894
73240000	0.3210525703705847
73280000	0.29842558106034994
73320000	0.3038079366147518
73360000	0.2747088897841983
73400000	0.282257080844976
73440000	0.29125318940738215
73480000	0.3471173361319117
73520000	0.35106208800729366
73560000	0.35596652690339836
73600000	0.38136473052091896
73640000	0.338691926375404
73680000	0.36352936413809656
73720000	0.3702116187782027
73760000	0.3667942425338551
73800000	0.4454541543754749
73840000	0.44513012039130556
73880000	0.43173991521261634
73920000	0.40247630019159986
73960000	0.37274452405003833
74000000	0.4624455498752184
74040000	0.40519615829009564
74080000	0.430224539911747
74120000	0.42234891744432973
74160000	0.41621462194677444
74200000	0.39667908685803416
74240000	0.406842458564695
74280000	0.4063061010633595
74320000	0.40934343401240186
74360000	0.37426020662346854
74400000	0.39138124666586516
74440000	0.3763015891308896
74480000	0.46563990792050025
74520000	0.46105590678313746
74560000	0.48817838068073616
74600000	0.38321620144955815
74640000	0.4393231845688075
74680000	0.4067408598038368
74720000	0.41090338990176095
74760000	0.43877425075108184
74800000	0.42687540381923317
74840000	0.42464544492438433
74880000	0.46858393849590796
74920000	0.44230604991745204
74960000	0.4048166207532398
75000000	0.4517823821760714
75040000	0.4357355042324401
75080000	0.41194643430477007
75120000	0.436222634279076
75160000	0.4045232697909698
75200000	0.42369066688036544
75240000	0.458651566562755
75280000	0.45695946563798934
75320000	0.41078960228618233
75360000	0.42027325750943273
75400000	0.406024477335345
75440000	0.43577818198679014
75480000	0.4549395877495408
75520000	0.4702710535077378
75560000	0.42735893933335317
75600000	0.3847158769166097
75640000	0.3465278250651434
75680000	0.3342729017302394
75720000	0.283646802425012
75760000	0.2669267510259524
75800000	0.2456206915056333
75840000	0.22579044559150935
75880000	0.18956596935791895
75920000	0.18420276084225626
75960000	0.19643714758781716
76000000	0.20637563856923952
76040000	0.2202250063017942
76080000	0.1967339908355847
76120000	0.20087471909103916
76160000	0.20653141080122442
76200000	0.2110281037207693
76240000	0.21999465519739314
76280000	0.22482067425036803
76320000	0.1898722994895652
76360000	0.25067652153028175
76400000	0.21399476906703785
76440000	0.22952683874778448
76480000	0.2145510580180213
76520000	0.21606851151138545
76560000	0.2550249817647971
76600000	0.24566676241550595
76640000	0.2645679567712825
76680000	0.27320280733336694
76720000	0.26781516895303503
76760000	0.2331320902927313
76800000	0.29836085296543313
76840000	0.24144690872654317
76880000	0.25636376300556585
76920000	0.2828520402004942
76960000	0.23546057953378186
77000000	0.24205093277124687
77040000	0.223778149341885
77080000	0.2594482509218156
77120000	0.24445690607922152
77160000	0.20541996474945917
77200000	0.22718518312675878
77240000	0.21772452340861784
77280000	0.17847690576380118
77320000	0.21258436620244756
77360000	0.1855317214551382
77400000	0.18841843570801428
77440000	0.22030221864273772
77480000	0.21829166004937142
77520000	0.22916809490835294
77560000	0.23085373045047744
77600000	0.22070477036954836
77640000	0.23096143209664152
77680000	0.25437738189259546
77720000	0.2116580997611396
77760000	0.25293787904828785
77800000	0.20137612784579395
77840000	0.21046192890396342
77880000	0.23540967161767185
77920000	0.2181428783142939
77960000	0.23954967305553146
78000000	0.20057181253368034
78040000	0.22706967123709618
78080000	0.19360140961175784
78120000	0.20963446445362643
78160000	0.24490138569623232
78200000	0.26411350968955083
78240000	0.23125505591053516
78280000	0.2813953643299639
78320000	0.24367598599940538
78360000	0.23728320786412804
78400000	0.23884010198144243
78440000	0.2699756213866174
78480000	0.2865161402542144
78520000	0.31626778668705374
78560000	0.2183756741051562
78600000	0.21521719679478557
78640000	0.23045982254138217
78680000	0.18356932213278487
78720000	0.17675540069825948
78760000	0.20609901985246687
78800000	0.18454593161605298
78840000	0.1920992193089798
78880000	0.16962713822945952
78920000	0.16570369678456337
78960000	0.2027980815769173
79000000	0.17705943937548435
79040000	0.1948614525679499
79080000	0.2038326559738256
79120000	0.1673777896689251
79160000	0.18415560449259355
79200000	0.18689311334742234
79240000	0.1940315794253722
79280000	0.16113963738656603
79320000	0.22125450747804717
79360000	0.19032999903680756
79400000	0.1918158860338852
79440000	0.19889316449249164
79480000	0.20615985435666517
79520000	0.1731074476995971
79560000	0.19130413183234632
79600000	0.20663182468912564
79640000	0.18473031647959723
79680000	0.21018475311947987
79720000	0.21095439424547366
79760000	0.21317181748314762
79800000	0.20837043020296842
79840000	0.19818325861161576
79880000	0.21416926645822823
79920000	0.17881070249648764
79960000	0.2142311308260076
80000000	0.2501127672017086
80040000	0.21771058158110826
80080000	0.22563651583725586
80120000	0.2230972162308637
80160000	0.22114218283658849
80200000	0.25462555598719044
80240000	0.23611736955912785
80280000	0.2518765525523573
80320000	0.24220931432335638
80360000	0.20531405848506837
80400000	0.2719746929327026
80440000	0.18622507282085718
80480000	0.18325460676206276
80520000	0.15450257901703007
80560000	0.18923977837525308
80600000	0.15486809143545105
80640000	0.17325402050176636
80680000	0.1715823897080496
80720000	0.17535886473301798
80760000	0.17909241525502875
80800000	0.18017777079143563
80840000	0.17610231156786904
80880000	0.20479828099654987
80920000	0.19033993881726638
80960000	0.17077620249995962
81000000	0.18259846605900676
81040000	0.21895273125497625
81080000	0.23494017020789906
81120000	0.23528978914143517
81160000	0.21145287009654568
81200000	0.22852589451605454
81240000	0.22623817731030285
81280000	0.193098499054648
81320000	0.2134825341926422
81360000	0.2620433629380539
81400000	0.24374616339346394
81440000	0.2186107824858278
81480000	0.21127980290148407
81520000	0.22390288452422247
81560000	0.19000172774558888
81600000	0.18887735433597116
81640000	0.16404352457476779
81680000	0.16598125799903646
81720000	0.1930754685827531
81760000	0.175925358269969
81800000	0.16901825478225946
81840000	0.1724048253088258
81880000	0.16240686624571682
81920000	0.18544333693794907
81960000	0.16085050061931833
82000000	0.15780249622398987
82040000	0.18552399586876855
82080000	0.16698292710762472
82120000	0.1442229104286991
82160000	0.2071458044303581
82200000	0.2208427099020686
82240000	0.1960149060389027
82280000	0.20595205241292716
82320000	0.22307669916911982
82360000	0.19161180756278337
82400000	0.18998186599286274
82440000	0.20155774925872683
82480000	0.20193963335356674
82520000	0.22258320259852335
82560000	0.16484939998839981
82600000	0.20441041984567418
82640000	0.1954874896341935
82680000	0.1703730300858617
82720000	0.18502420589849353
82760000	0.19309381446046756
82800000	0.20309145119283348
82840000	0.1782069899013266
82880000	0.1681021811839659
82920000	0.15505926638185047
82960000	0.16818254836183041
83000000	0.1486834812416695
83040000	0.1485050238470547
83080000	0.14688344964589925
83120000	0.16151049653640948
83160000	0.15674007605472579
83200000	0.1564026630256325
83240000	0.13110875950856135
83280000	0.14206669241827913
83320000	0.19778406497156248
83360000	0.16396785669764505
83400000	0.15930678830686956
83440000	0.17814884601142258
83480000	0.18816122242361308
83520000	0.17161942792548798
83560000	0.21293958623204381
83600000	0.20478049474051221
83640000	0.21841204555379226
83680000	0.16824069954538717
83720000	0.19339975287532435
83760000	0.220307054143399
83800000	0.23350047693839296
83840000	0.17078867380386217
83880000	0.17149224583534523
83920000	0.17684910886497238
83960000	0.1817674862436019
84000000	0.1654260729260277
84040000	0.15363008044185117
84080000	0.14355019612531178
84120000	0.17398064563712104
84160000	0.15100411970699207
84200000	0.18035842651040293
84240000	0.1595413883924484
84280000	0.14906963395392522
84320000	0.1588414941790048
84360000	0.2025843612988014
84400000	0.1939432454381138
84440000	0.21064052286474033
84480000	0.19723128401944415
84520000	0.24537190129086375
84560000	0.22077978025479242
84600000	0.22147627526097932
84640000	0.21194612829624676
84680000	0.22288507220363243
84720000	0.21322924446230754
84760000	0.1928238806575071
84800000	0.22999683069204913
84840000	0.23340669516860507
84880000	0.23342346101957373
84920000	0.2287869063090533
84960000	0.22209596423525363
85000000	0.25393056343551723
85040000	0.22028353156521915
85080000	0.2496932430856861
85120000	0.28268811309924347
85160000	0.2316738309517503
85200000	0.20550000939173624
85240000	0.24278272182424554
85280000	0.24034407943040131
85320000	0.2652062306713313
85360000	0.20758855077978225
85400000	0.19421459219092505
85440000	0.2068345723462291
85480000	0.19113969577495007
85520000	0.1874201110550668
85560000	0.17830990825179033
85600000	0.197003706303332
85640000	0.19548702034763993
85680000	0.19247846798612736
85720000	0.14832843866171316
85760000	0.16619971949802712
85800000	0.18232055803462863
85840000	0.1819819628781639
85880000	0.1683729121901095
85920000	0.17366334830075503
85960000	0.1694684990526177
86000000	0.18495588711248712
86040000	0.18877200674512423
86080000	0.19029254323048517
86120000	0.20658051373902708
86160000	0.2122331135929562
86200000	0.18773244563853367
86240000	0.17266196349612437
86280000	0.18506927876262927
86320000	0.16220999688189477
86360000	0.19851392888431438
86400000	0.1898737488382496
86440000	0.2122763314892538
86480000	0.22125901708910242
86520000	0.22125579849975183
86560000	0.22494565907656214
86600000	0.22373423156412317
86640000	0.21518522516945376
86680000	0.21071253211093136
86720000	0.1851518424451351
86760000	0.18135462047541515
86800000	0.1399618433159776
86840000	0.14178021367290058
86880000	0.14885026548923924
86920000	0.1335464465833269
86960000	0.14335768258571624
87000000	0.147863942781277
87040000	0.1624421532040462
87080000	0.14066229455666618
87120000	0.19026906574936583
87160000	0.1916882846171502
87200000	0.17261580044617877
87240000	0.17697928780131042
87280000	0.1677839092526585
87320000	0.18098765421193094
87360000	0.15673898906800895
87400000	0.16572476679268294
87440000	0.17451644383417442
87480000	0.1741526643546298
87520000	0.14668444830961525
87560000	0.17148405698984862
87600000	0.16041693770047277
87640000	0.18066896950490774
87680000	0.15296068169376814
87720000	0.19111357762422412
87760000	0.16945832182369194
87800000	0.19208905444797128
87840000	0.16292095640422777
87880000	0.18854145916090348
87920000	0.17116606179228983
87960000	0.1804879341892898
88000000	0.1989390368572902
88040000	0.20653385877041147
88080000	0.19585138094816357
88120000	0.21071546149970963
88160000	0.19465372784277424
88200000	0.20203594641010278
88240000	0.17730443816860206
88280000	0.19575147058553993
88320000	0.19318580131330526
88360000	0.19944886044715532
88400000	0.22404638332789764
88440000	0.19740399202532136
88480000	0.23133538779132068
88520000	0.2533643037711736
88560000	0.23057771551371553
88600000	0.27934446510113775
88640000	0.24934284768360668
88680000	0.24953636824018322
88720000	0.24121824712874368
88760000	0.26336494484893047
88800000	0.2757028078835923
88840000	0.2859051976678893
88880000	0.2733484397687949
88920000	0.34955900067891926
88960000	0.30755899909078144
89000000	0.28821388513059354
89040000	0.3237877646690235
89080000	0.26177755692051724
89120000	0.22283860417483375
89160000	0.20031639793487266
89200000	0.19257777289813385
89240000	0.1713053492497653
89280000	0.16206872688736768
89320000	0.15339679533923045
89360000	0.17541090711466967
89400000	0.15920509606716224
89440000	0.16478435408649966
89480000	0.15006667459243908
89520000	0.15792741439025848
89560000	0.15373779978398233
89600000	0.15445647520534694
89640000	0.16509834792250766
89680000	0.1521755025469698
89720000	0.15277032497390172
89760000	0.16074738782737405
89800000	0.1596556898708921
89840000	0.17198297981270588
89880000	0.15194544580867514
89920000	0.15955394416474739
89960000	0.1448406084823422
90000000	0.14827243276755325
90040000	0.16389618432214484
90080000	0.1856278236700222
90120000	0.19572333309920506
90160000	0.19195501702842302
90200000	0.1700119527069852
90240000	0.21868269971609117
90280000	0.15915724405809306
90320000	0.17765229401183313
90360000	0.16778710879618303
90400000	0.1879856496539898
90440000	0.18690665365448222
90480000	0.21535523123880848
90520000	0.19150049058739096
90560000	0.19159118493329733
90600000	0.21416924257930367
90640000	0.18405132699292154
90680000	0.19697770370817744
90720000	0.2100826552257873
90760000	0.18679655940178783
90800000	0.1612076718108263
90840000	0.13847289255624637
90880000	0.13875127450739966
90920000	0.11121225428851321
90960000	0.10028029052568599
91000000	0.08349174649911001
91040000	0.13112856844365597
91080000	0.1289019072380848
91120000	0.1253448707424104
91160000	0.1152573837572243
91200000	0.09619060165714473
91240000	0.12890753288399429
91280000	0.12995339080621487
91320000	0.1471057978911791
91360000	0.14058065934274347
91400000	0.16561705978247337
91440000	0.19654259384809994
91480000	0.14330286462106742
91520000	0.16795503021022304
91560000	0.1776287397474516
91600000	0.1381249437943101
91640000	0.1728462779995054
91680000	0.1555300632652361
91720000	0.16866152101475745
91760000	0.2000060325121507
91800000	0.18074790532430635
91840000	0.19691515793083236
91880000	0.20002221850580537
91920000	0.21862373212850653
91960000	0.22817515899464488
92000000	0.22434473752188497
92040000	0.21773506957385688
92080000	0.24447157784258017
92120000	0.2146416612486355
92160000	0.2017918046630919
92200000	0.23258171281497925
92240000	0.20898192843203434
92280000	0.21405596839166247
92320000	0.21973927943478339
92360000	0.22895374877802097
92400000	0.20571337725529448
92440000	0.21073415374471807
92480000	0.19424485356416554
92520000	0.20457671568845398
92560000	0.20313352591814474
92600000	0.2303709012948908
92640000	0.22464673120388762
92680000	0.20432086229575797
92720000	0.25011008520838807
92760000	0.22101580754672176
92800000	0.23032685584384016
92840000	0.25553053828496486
92880000	0.24273203931339085
92920000	0.22619595865607262
92960000	0.20704481745357625
93000000	0.18436888144006952
93040000	0.1720504414201714
93080000	0.1750666973932646
93120000	0.15357361381305382
93160000	0.1464171376827173
93200000	0.1352698377387598
93240000	0.1409439480522182
93280000	0.15163418427906
93320000	0.13796010513342916
93360000	0.1195156862440519
93400000	0.144665023975214
93440000	0.13789881660030223
93480000	0.1281738811620511
93520000	0.1499517732111737
93560000	0.1468291807355825
93600000	0.1762051177448593
93640000	0.15859897844213994
93680000	0.1710855962437112
93720000	0.17055911891474387
93760000	0.17139582207007334
93800000	0.18008416661550292
93840000	0.18119918006146327
93880000	0.16787979669030756
93920000	0.17759144213572145
93960000	0.15630150021058506
94000000	0.1469965234258212
94040000	0.1585382294683717
94080000	0.16459381579267793
94120000	0.1606151971872896
94160000	0.15486147255348043
94200000	0.155517362114368
94240000	0.16036621598661877
94280000	0.14987636486678385
94320000	0.16245795330973342
94360000	0.16997150511248038
94400000	0.1984225056143943
94440000	0.1797347954424098
94480000	0.20540762613974511
94520000	0.19375731939328836
94560000	0.22910872561591678
94600000	0.21750294519434682
94640000	0.23728512860140763
94680000	0.24746682714205234
94720000	0.21099991224687548
94760000	0.23376692804135382
94800000	0.2146786096422933
94840000	0.24277524813953788
94880000	0.2336925435518846
94920000	0.2404347754113842
94960000	0.262719141226355
95000000	0.24078096375353633
95040000	0.2691171272169333
95080000	0.2507938450900838
95120000	0.2711174491599202
95160000	0.25415083483704365
95200000	0.259976651273435
95240000	0.25702598198554477
95280000	0.2373790403574705
95320000	0.24611868762001396
95360000	0.2379400186194107
95400000	0.2581813577883411
95440000	0.21615056271161884
95480000	0.23318373685874977
95520000	0.2323295428107027
95560000	0.28664836680814626
95600000	0.23632304172641597
95640000	0.2503144039638806
95680000	0.24501266009365208
95720000	0.19590005354913884
95760000	0.21066411014790648
95800000	0.19545626034312882
95840000	0.16126055554565974
95880000	0.13716105582104066
95920000	0.1436799107215367
95960000	0.13240638850443065
96000000	0.12958628244786524
96040000	0.14615427713613025
96080000	0.151839909117762
96120000	0.15267448549908585
96160000	0.18038940248386934
96200000	0.16495807848833502
96240000	0.1781173929982353
96280000	0.17150970868023577
96320000	0.21267372155012562
96360000	0.18151840112973006
96400000	0.1794307092441246
96440000	0.1824150390593335
96480000	0.17672338455165737
96520000	0.20535958616766148
96560000	0.22772170718694107
96600000	0.23519296941137874
96640000	0.21415682945554146
96680000	0.19128830722495913
96720000	0.20137706461218186
96760000	0.20970634630671703
96800000	0.20986508701778947
96840000	0.2551958728676662
96880000	0.28387414584136567
96920000	0.28146190459118225
96960000	0.25559473465899935
97000000	0.2121105049102567
97040000	0.2200740822535008
97080000	0.2293700945818331
97120000	0.20387603726480155
97160000	0.22675665306621232
97200000	0.22613655770798213
97240000	0.232954417509865
97280000	0.23969262787033804
97320000	0.22105872431984172
97360000	0.20682615835210308
97400000	0.22371113016055896
97440000	0.20988914962261915
97480000	0.2012334900422953
97520000	0.16711376054817811
97560000	0.19621954054888338
97600000	0.19323956155818886
97640000	0.18634496178557164
97680000	0.19802485058559105
97720000	0.18306113274283708
97760000	0.1860813562890049
97800000	0.19708285113465973
97840000	0.20424874369334428
97880000	0.1714432912813034
97920000	0.2111928082807921
97960000	0.1829116524369456
98000000	0.19717115297047422
98040000	0.18797997969631106
98080000	0.15523706246898508
98120000	0.16065580046358519
98160000	0.13611565263895317
98200000	0.12049368383157999
98240000	0.15508159600803628
98280000	0.130160639252048
98320000	0.11852717509581708
98360000	0.12586059098052793
98400000	0.11980860225488432
98440000	0.1271864685412962
98480000	0.12015895309518092
98520000	0.11520525931618177
98560000	0.11485922754905187
98600000	0.13720984132387676
98640000	0.13418648325346877
98680000	0.12672367160320283
98720000	0.12708056308389643
98760000	0.11152905119908973
98800000	0.13078102953238413
98840000	0.11376566956080496
98880000	0.11756418512859382
98920000	0.12462087192432955
98960000	0.11383281646491959
99000000	0.12845893083615229
99040000	0.13623572224010713
99080000	0.13836428412604146
99120000	0.13373916008551606
99160000	0.16000202921726742
99200000	0.1716292287004646
99240000	0.15228666887618603
99280000	0.14391540739852934
99320000	0.16981234523751773
99360000	0.1460096886084415
99400000	0.16118073846036568
99440000	0.17141287608519196
99480000	0.15007464613723567
99520000	0.1728362667088397
99560000	0.14345716037661768
99600000	0.14608657993129454
99640000	0.14281778422896751
99680000	0.16137409503012895
99720000	0.17561723209340124
99760000	0.15776290843309834
99800000	0.14317857727981173
99840000	0.15289316836865618
99880000	0.18302803981038743
99920000	0.17986491393083706
99960000	0.17085522007276305
100000000	0.15509670110493898
