25204	-24.0
25696	-24.0
25704	-24.0
28316	-24.0
50344	-24.0
52288	-24.0
52444	-24.0
56516	-24.0
77992	-24.0
79500	-24.0
79936	-24.0
82820	-24.0
106448	-24.0
107164	-24.0
108152	-24.0
109972	-24.0
133020	-24.0
133552	-24.0
134504	-24.0
138100	-24.0
159116	-24.0
160400	-24.0
161416	-24.0
163444	-24.0
185708	-24.0
188008	-24.0
188448	-24.0
189556	-24.0
211772	-24.0
214288	-24.0
215608	-24.0
218260	-23.0
237388	-24.0
240416	-24.0
242168	-24.0
245172	-23.0
264076	-24.0
266992	-24.0
269304	-24.0
270820	-24.0
290716	-24.0
293344	-24.0
296932	-24.0
297640	-24.0
315340	-24.0
319936	-24.0
323060	-24.0
324856	-24.0
340620	-24.0
346960	-24.0
349156	-24.0
349688	-24.0
367692	-24.0
371760	-24.0
376376	-24.0
376852	-24.0
394796	-24.0
396864	-24.0
403508	-24.0
404472	-24.0
419948	-24.0
423488	-24.0
429620	-24.0
431080	-24.0
447116	-24.0
448864	-24.0
455412	-24.0
457720	-24.0
473712	-24.0
481100	-24.0
481588	-24.0
485176	-24.0
499840	-24.0
509172	-23.0
509580	-24.0
512776	-24.0
527216	-24.0
533948	-24.0
534068	-24.0
537416	-24.0
553856	-24.0
559876	-24.0
560332	-24.0
563960	-24.0
580736	-24.0
585212	-24.0
586452	-24.0
590760	-24.0
607088	-24.0
611820	-24.0
612500	-24.0
617416	-24.0
635728	-23.0
638396	-24.0
639940	-24.0
645032	-24.0
662336	-24.0
665036	-24.0
668100	-24.0
670600	-24.0
687968	-24.0
693212	-23.0
693732	-24.0
695976	-24.0
714064	-24.0
720180	-24.0
720732	-24.0
723064	-24.0
742048	-24.0
746276	-24.0
749324	-23.0
751464	-24.0
767600	-24.0
772628	-24.0
774956	-24.0
777096	-24.0
794256	-24.0
796932	-24.0
801148	-24.0
803032	-24.0
820912	-24.0
823044	-24.0
826748	-24.0
830888	-24.0
847520	-24.0
850916	-23.0
852316	-24.0
859848	-24.0
873024	-24.0
877436	-24.0
878244	-24.0
887752	-24.0
899136	-24.0
903260	-24.0
906372	-24.0
914632	-24.0
925744	-24.0
931484	-24.0
931636	-24.0
941064	-24.0
956016	-24.0
957012	-24.0
957500	-24.0
968440	-24.0
982900	-24.0
983968	-24.0
986236	-24.0
994504	-24.0
1010036	-23.0
1012348	-24.0
1013936	-24.0
1023576	-24.0
1035940	-24.0
1038108	-24.0
1038576	-24.0
1048632	-24.0
1062516	-24.0
1064780	-23.0
1067776	-23.0
1075768	-24.0
1088580	-24.0
1091932	-24.0
1093184	-24.0
1104168	-24.0
1114212	-24.0
1116716	-24.0
1118864	-24.0
1131096	-24.0
1140388	-24.0
1143532	-24.0
1144272	-24.0
1158536	-24.0
1166932	-24.0
1170896	-24.0
1174188	-23.0
1185096	-24.0
1194020	-24.0
1197728	-24.0
1204460	-22.0
1211960	-24.0
1223764	-22.0
1224816	-24.0
1232524	-24.0
1238056	-24.0
1249124	-24.0
1254912	-22.0
1258396	-24.0
1265208	-24.0
1273172	-24.0
1281232	-24.0
1283900	-24.0
1293400	-23.0
1299012	-24.0
1306640	-24.0
1308492	-24.0
1320696	-23.0
1324900	-24.0
1332496	-24.0
1335548	-24.0
1346696	-24.0
1352068	-23.0
1359568	-23.0
1362220	-24.0
1374360	-23.0
1377556	-24.0
1387952	-24.0
1389324	-24.0
1402520	-24.0
1403124	-24.0
1414064	-24.0
1419020	-23.0
1428360	-24.0
1431012	-24.0
1440656	-24.0
1445116	-24.0
1454456	-24.0
1457620	-24.0
1467024	-24.0
1471564	-24.0
1481144	-24.0
1483524	-24.0
1494448	-23.0
1497932	-24.0
1506216	-24.0
1513156	-23.0
1521136	-24.0
1523580	-24.0
1531336	-24.0
1540628	-23.0
1546224	-24.0
1551436	-24.0
1557912	-24.0
1568756	-24.0
1572304	-24.0
1576796	-24.0
1584088	-24.0
1594404	-24.0
1600112	-23.0
1604412	-24.0
1611976	-23.0
1619028	-24.0
1625728	-24.0
1630204	-24.0
1639512	-23.0
1647012	-23.0
1655804	-24.0
1656464	-23.0
1666600	-23.0
1674980	-24.0
1682800	-24.0
1684812	-22.0
1694216	-23.0
1701332	-24.0
1709824	-24.0
1711404	-24.0
1721784	-24.0
1727684	-24.0
1735456	-24.0
1738444	-24.0
1748648	-24.0
1754708	-24.0
1761072	-24.0
1766156	-23.0
1775288	-24.0
1780356	-24.0
1787888	-24.0
1792988	-24.0
1801144	-24.0
1808244	-24.0
1813504	-24.0
1820892	-24.0
1828040	-24.0
1836180	-23.0
1839344	-24.0
1846540	-24.0
1856152	-24.0
1864356	-23.0
1865440	-24.0
1871884	-24.0
1882600	-24.0
1890500	-24.0
1893552	-24.0
1898220	-24.0
1908664	-24.0
1917700	-23.0
1921600	-23.0
1925884	-23.0
1935256	-24.0
1943668	-24.0
1948992	-23.0
1951228	-24.0
1962216	-24.0
1969988	-24.0
1976080	-24.0
1977900	-24.0
1989080	-24.0
1996836	-24.0
2006560	-22.0
2008076	-23.0
2017432	-24.0
2023140	-24.0
2033232	-24.0
2036188	-24.0
2044824	-24.0
2049492	-24.0
2062076	-24.0
2062336	-23.0
2070344	-24.0
2075700	-24.0
2089200	-24.0
2090428	-24.0
2097912	-24.0
2103860	-24.0
2115808	-24.0
2118540	-23.0
2125272	-24.0
2129988	-24.0
2145212	-24.0
2146720	-24.0
2151640	-24.0
2155828	-24.0
2171820	-24.0
2173040	-24.0
2180328	-22.0
2181908	-24.0
2200720	-24.0
2201932	-24.0
2207508	-24.0
2220968	-24.0
2230796	-24.0
2230928	-23.0
2236676	-23.0
2250984	-24.0
2259164	-24.0
2259264	-24.0
2264148	-24.0
2277560	-24.0
2286028	-24.0
2288704	-24.0
2289732	-24.0
2303976	-24.0
2313964	-24.0
2316596	-24.0
2319632	-23.0
2332040	-24.0
2343548	-23.0
2344452	-24.0
2348224	-24.0
2358088	-24.0
2371516	-24.0
2371764	-24.0
2374992	-24.0
2385992	-24.0
2398348	-24.0
2398532	-24.0
2400736	-24.0
2413816	-24.0
2426272	-24.0
2426972	-23.0
2427540	-23.0
2441176	-24.0
2453844	-24.0
2454224	-23.0
2454620	-23.0
2468152	-24.0
2480496	-24.0
2481172	-23.0
2482492	-24.0
2494984	-23.0
2507056	-24.0
2507924	-24.0
2510044	-24.0
2522888	-24.0
2534928	-24.0
2535332	-24.0
2537260	-24.0
2549688	-24.0
2562004	-24.0
2563296	-23.0
2564412	-24.0
2577112	-23.0
2589540	-24.0
2590352	-24.0
2591084	-24.0
2605576	-24.0
2617012	-24.0
2617968	-24.0
2618924	-24.0
2632904	-24.0
2646020	-24.0
2646864	-24.0
2649036	-23.0
2660792	-24.0
2674800	-23.0
2676396	-24.0
2690216	-24.0
2702240	-24.0
2706892	-23.0
2718248	-23.0
2729696	-24.0
2733820	-24.0
2745096	-24.0
2756448	-24.0
2762284	-24.0
2771400	-24.0
2783344	-24.0
2789916	-24.0
2799544	-24.0
2808864	-24.0
2814196	-23.0
2815516	-24.0
2827448	-24.0
2836384	-24.0
2841060	-24.0
2842428	-24.0
2856936	-23.0
2864240	-24.0
2867284	-24.0
2870332	-24.0
2882776	-24.0
2891024	-24.0
2895732	-24.0
2898700	-24.0
2909096	-24.0
2917904	-24.0
2924644	-23.0
2925084	-24.0
2936840	-24.0
2944432	-24.0
2952740	-24.0
2954988	-24.0
2965272	-23.0
2971056	-24.0
2983124	-23.0
2984684	-23.0
2993384	-23.0
3000480	-24.0
3011044	-24.0
3011788	-24.0
3019784	-24.0
3030464	-24.0
3037660	-24.0
3040484	-23.0
3047256	-24.0
3059376	-24.0
3066348	-23.0
3069908	-24.0
3074664	-24.0
3088784	-22.0
3094268	-24.0
3097188	-24.0
3103480	-24.0
3116160	-24.0
3124140	-23.0
3126996	-23.0
3130552	-24.0
3142576	-24.0
3149980	-24.0
3156356	-24.0
3160552	-23.0
3169136	-24.0
3179612	-24.0
3185236	-24.0
3190040	-23.0
3196576	-24.0
3206988	-24.0
3212324	-24.0
3217288	-24.0
3224016	-24.0
3236396	-24.0
3238772	-24.0
3245176	-24.0
3255456	-22.0
3263788	-24.0
3266100	-24.0
3277128	-24.0
3284384	-24.0
3292604	-24.0
3296036	-24.0
3305928	-24.0
3311264	-24.0
3321660	-24.0
3326404	-23.0
3333320	-24.0
3342656	-23.0
3350780	-23.0
3354004	-24.0
3360856	-24.0
3372608	-24.0
3378172	-24.0
3384452	-23.0
3392232	-24.0
3399920	-24.0
3405820	-24.0
3414196	-23.0
3420728	-24.0
3428256	-24.0
3433276	-23.0
3443188	-24.0
3452440	-24.0
3455904	-24.0
3462044	-23.0
3470404	-24.0
3480312	-24.0
3484528	-23.0
3490524	-23.0
3497812	-24.0
3508424	-24.0
3512640	-24.0
3525044	-24.0
3525500	-23.0
3537592	-23.0
3540592	-23.0
3552900	-24.0
3555388	-23.0
3565288	-24.0
3568400	-24.0
3581108	-23.0
3587836	-23.0
3593240	-24.0
3596720	-24.0
3608228	-24.0
3617420	-23.0
3620824	-24.0
3626624	-22.0
3637700	-23.0
3644028	-24.0
3649352	-23.0
3656528	-23.0
3665060	-24.0
3675468	-23.0
3677768	-23.0
3686176	-23.0
3696020	-24.0
3705912	-24.0
3706188	-22.0
3716080	-23.0
3726212	-23.0
3735164	-24.0
3736376	-23.0
3747968	-21.0
3755812	-24.0
3764840	-24.0
3764876	-23.0
3779296	-24.0
3786292	-23.0
3794280	-23.0
3796764	-24.0
3809504	-22.0
3815732	-23.0
3825112	-22.0
3826716	-24.0
3838080	-24.0
3844116	-23.0
3855272	-23.0
3856652	-23.0
3867024	-23.0
3871204	-23.0
3882104	-24.0
3884860	-23.0
3898240	-23.0
3898820	-24.0
3914056	-23.0
3915356	-23.0
3926340	-23.0
3927472	-23.0
3942748	-24.0
3946904	-22.0
3952884	-24.0
3955648	-24.0
3973644	-23.0
3974520	-24.0
3982852	-23.0
3984576	-23.0
4002732	-24.0
4004968	-22.0
4015584	-22.0
4017044	-22.0
4033864	-23.0
4034412	-23.0
4044352	-23.0
4046228	-24.0
4062520	-24.0
4063276	-24.0
4075264	-24.0
4076900	-23.0
4091208	-24.0
4092684	-24.0
4104912	-24.0
4105844	-24.0
4121068	-24.0
4123880	-23.0
4134240	-24.0
4135620	-22.0
4150492	-24.0
4155896	-23.0
4160144	-24.0
4165524	-23.0
4178380	-23.0
4183096	-24.0
4189488	-24.0
4195652	-23.0
4208780	-24.0
4209992	-24.0
4216784	-24.0
4227604	-22.0
4238700	-24.0
4239320	-24.0
4246768	-23.0
4254996	-24.0
4267708	-24.0
4268120	-24.0
4275216	-23.0
4285764	-23.0
4297560	-24.0
4299852	-21.0
4304688	-24.0
4316788	-24.0
4326536	-23.0
4328492	-24.0
4335872	-22.0
4345636	-23.0
4355320	-24.0
4358476	-21.0
4365552	-24.0
4374836	-24.0
4385768	-23.0
4390284	-22.0
4395408	-24.0
4406068	-22.0
4416200	-24.0
4420748	-23.0
4424816	-23.0
4436356	-23.0
4442968	-24.0
4449468	-24.0
4454048	-23.0
4467380	-23.0
4474344	-23.0
4478140	-24.0
4483648	-24.0
4498276	-22.0
4503672	-23.0
4506588	-23.0
4516656	-22.0
4529748	-23.0
4532248	-24.0
4535980	-23.0
4552192	-22.0
4558852	-23.0
4563512	-24.0
4567868	-23.0
4579072	-24.0
4589332	-23.0
4593016	-23.0
4595628	-24.0
4609952	-23.0
4617636	-24.0
4625800	-22.0
4626364	-23.0
4640176	-24.0
4650516	-23.0
4656744	-24.0
4658300	-23.0
4669792	-24.0
4681428	-23.0
4689688	-23.0
4692828	-22.0
4698448	-24.0
4714932	-23.0
4721416	-23.0
4723740	-24.0
4727104	-24.0
4745268	-24.0
4751096	-23.0
4754816	-24.0
4756108	-23.0
4777764	-24.0
4783640	-23.0
4785216	-24.0
4785276	-23.0
4805076	-24.0
4810648	-24.0
4814704	-23.0
4814780	-23.0
4834292	-24.0
4844620	-24.0
4844696	-21.0
4844960	-23.0
4863428	-23.0
4874440	-24.0
4876540	-24.0
4876896	-23.0
4893316	-23.0
4905704	-23.0
4909904	-23.0
4911068	-23.0
4921236	-24.0
4934760	-24.0
4939632	-24.0
4942396	-22.0
4951124	-24.0
4965720	-23.0
4971324	-24.0
4972688	-23.0
4982036	-24.0
4993576	-24.0
5003820	-23.0
5003952	-23.0
5021044	-23.0
5024968	-23.0
5034384	-24.0
5037100	-23.0
5052660	-22.0
5054936	-24.0
5065264	-24.0
5069500	-22.0
5084708	-23.0
5086600	-24.0
5093232	-24.0
5098556	-24.0
5114676	-24.0
5117048	-24.0
5124560	-24.0
5129996	-23.0
5144696	-24.0
5148628	-22.0
5151680	-24.0
5162492	-22.0
5172616	-24.0
5183040	-22.0
5183396	-21.0
5193212	-23.0
5204952	-22.0
5210864	-24.0
5215956	-23.0
5221884	-23.0
5232104	-24.0
5240032	-24.0
5248372	-24.0
5249692	-24.0
5261576	-24.0
5271200	-23.0
5279332	-24.0
5281084	-23.0
5291528	-24.0
5301328	-24.0
5308244	-24.0
5311420	-24.0
5322520	-24.0
5330016	-23.0
5337060	-24.0
5342924	-23.0
5352216	-23.0
5357920	-24.0
5366756	-23.0
5371644	-24.0
5382200	-23.0
5385744	-24.0
5401332	-21.0
5402060	-24.0
5411592	-24.0
5417760	-23.0
5430020	-24.0
5431244	-24.0
5442808	-24.0
5449920	-24.0
5458084	-24.0
5458508	-24.0
5475784	-23.0
5478784	-24.0
5486356	-24.0
5488476	-23.0
5504184	-24.0
5507136	-24.0
5514836	-24.0
5516284	-24.0
5531496	-24.0
5537312	-24.0
5542900	-23.0
5547660	-23.0
5560328	-23.0
5564656	-24.0
5571044	-24.0
5576604	-24.0
5591288	-22.0
5597664	-23.0
5602452	-23.0
5605500	-24.0
5622184	-24.0
5629616	-22.0
5632116	-24.0
5635164	-23.0
5655368	-23.0
5659984	-24.0
5663172	-23.0
5668412	-24.0
5685240	-24.0
5691328	-24.0
5695092	-24.0
5698732	-23.0
5713880	-24.0
5725444	-24.0
5726380	-24.0
5728656	-23.0
5741400	-24.0
5753828	-24.0
5759820	-23.0
5760608	-22.0
5770808	-24.0
5784468	-23.0
5787740	-24.0
5795328	-23.0
5800808	-23.0
5813348	-24.0
5818140	-24.0
5825456	-24.0
5828744	-23.0
5844292	-23.0
5845692	-24.0
5856832	-24.0
5859736	-23.0
5876220	-23.0
5889688	-24.0
5890080	-22.0
5900804	-23.0
5906524	-23.0
5918992	-24.0
5919928	-23.0
5931508	-23.0
5934972	-24.0
5948912	-24.0
5949832	-23.0
5959092	-24.0
5965692	-21.0
5977144	-24.0
5979360	-24.0
5986164	-24.0
5995372	-24.0
6007560	-24.0
6011312	-23.0
6017780	-23.0
6028780	-22.0
6039016	-23.0
6041008	-23.0
6045060	-24.0
6058748	-24.0
6068104	-24.0
6069952	-24.0
6073172	-24.0
6089180	-23.0
6099336	-24.0
6100608	-21.0
6106644	-23.0
6119708	-24.0
6129584	-24.0
6130472	-23.0
6138628	-23.0
6152908	-22.0
6158720	-24.0
6164952	-22.0
6170020	-23.0
6182044	-24.0
6191776	-23.0
6194648	-24.0
6199716	-24.0
6215548	-20.0
6219648	-24.0
6221992	-24.0
6231700	-24.0
6244524	-24.0
6249640	-23.0
6252144	-23.0
6262628	-23.0
6275788	-23.0
6279760	-24.0
6282008	-23.0
6293284	-24.0
6305724	-24.0
6311040	-24.0
6312920	-24.0
6324036	-24.0
6334156	-24.0
6341168	-24.0
6346168	-23.0
6353812	-24.0
6366620	-24.0
6373328	-24.0
6375320	-24.0
6383316	-24.0
6397244	-23.0
6401424	-24.0
6405096	-24.0
6411876	-23.0
6425516	-24.0
6432080	-24.0
6434424	-24.0
6441044	-24.0
6453612	-24.0
6461728	-24.0
6464120	-24.0
6469860	-24.0
6484076	-24.0
6490384	-24.0
6495368	-24.0
6499524	-24.0
6517004	-24.0
6521232	-23.0
6529368	-23.0
6531428	-24.0
6549404	-22.0
6555216	-23.0
6560552	-24.0
6564676	-22.0
6579052	-23.0
6587680	-23.0
6588472	-24.0
6595572	-24.0
6610060	-23.0
6616520	-24.0
6618976	-24.0
6628468	-22.0
6643628	-22.0
6649648	-24.0
6652104	-20.0
6659364	-23.0
6678396	-21.0
6682200	-24.0
6682336	-24.0
6689300	-23.0
6708620	-24.0
6711920	-24.0
6713672	-24.0
6718260	-24.0
6742844	-23.0
6743392	-23.0
6750260	-23.0
6766696	-23.0
6771712	-23.0
6773244	-24.0
6782420	-24.0
6798680	-23.0
6801856	-23.0
6806732	-23.0
6815412	-24.0
6827848	-24.0
6834336	-24.0
6838684	-23.0
6848372	-24.0
6859416	-22.0
6863264	-24.0
6870892	-24.0
6877508	-24.0
6891360	-23.0
6891960	-23.0
6901372	-24.0
6907908	-24.0
6921992	-24.0
6925136	-24.0
6932876	-23.0
6939972	-23.0
6951640	-24.0
6955120	-24.0
6964860	-23.0
6971396	-23.0
6983112	-24.0
6983984	-23.0
6993692	-24.0
7010052	-23.0
7012712	-24.0
7013424	-24.0
7024188	-22.0
7043044	-22.0
7043424	-23.0
7043800	-24.0
7054348	-23.0
7070480	-24.0
7073448	-24.0
7073556	-23.0
7087324	-22.0
7102180	-24.0
7102424	-24.0
7103696	-23.0
7116284	-23.0
7131748	-23.0
7133096	-23.0
7143296	-24.0
7145932	-23.0
7159156	-24.0
7164616	-23.0
7172528	-24.0
7178284	-24.0
7189140	-24.0
7195160	-23.0
7205520	-23.0
7210940	-23.0
7224948	-22.0
7228360	-22.0
7236640	-24.0
7240156	-23.0
7255720	-24.0
7257124	-23.0
7270608	-21.0
7286600	-23.0
7287540	-24.0
7287932	-22.0
7300064	-24.0
7318564	-23.0
7319336	-24.0
7319388	-23.0
7347036	-23.0
7348484	-24.0
7349928	-23.0
7364304	-24.0
7378732	-22.0
7380052	-23.0
7382392	-24.0
7397536	-23.0
7408980	-24.0
7415324	-22.0
7418712	-24.0
7437732	-23.0
7444492	-24.0
7448944	-24.0
7450744	-24.0
7468404	-22.0
7474364	-24.0
7477280	-24.0
7484248	-23.0
7495332	-24.0
7502812	-24.0
7508688	-24.0
7516232	-24.0
7522916	-24.0
7533212	-24.0
7539408	-24.0
7545160	-23.0
7553364	-24.0
7565724	-24.0
7571648	-23.0
7579400	-24.0
7586100	-23.0
7594652	-24.0
7605824	-23.0
7611880	-22.0
7616724	-23.0
7624956	-24.0
7639408	-22.0
7642408	-24.0
7645668	-24.0
7654364	-24.0
7671032	-24.0
7675456	-20.0
7676660	-23.0
7684956	-23.0
7703480	-22.0
7708464	-23.0
7710292	-23.0
7715932	-24.0
7734184	-24.0
7737872	-23.0
7744644	-24.0
7746652	-23.0
7766856	-24.0
7771952	-22.0
7774564	-23.0
7778188	-22.0
7796312	-23.0
7802608	-23.0
7808068	-22.0
7809372	-22.0
7824840	-24.0
7834656	-22.0
7842124	-23.0
7859096	-22.0
7867952	-24.0
7872748	-24.0
7877988	-24.0
7890936	-22.0
7899664	-23.0
7901660	-24.0
7912004	-23.0
7920888	-23.0
7933164	-22.0
7933456	-24.0
7942180	-24.0
7951816	-23.0
7965228	-23.0
7967136	-24.0
7972836	-23.0
7983304	-24.0
7997660	-24.0
8002768	-23.0
8002980	-24.0
8013992	-24.0
8030684	-24.0
8034500	-24.0
8038416	-24.0
8044984	-23.0
8060828	-24.0
8069700	-23.0
8072960	-22.0
8074408	-24.0
8095020	-23.0
8103684	-23.0
8103832	-24.0
8105312	-23.0
8129228	-21.0
8134376	-24.0
8138516	-22.0
8142432	-22.0
8161212	-24.0
8167940	-23.0
8168056	-23.0
8172096	-23.0
8200580	-23.0
8202616	-24.0
8206112	-23.0
8231556	-24.0
8234960	-24.0
8235612	-22.0
8236152	-23.0
8263376	-24.0
8264564	-23.0
8268652	-24.0
8278584	-23.0
8290976	-24.0
8299348	-21.0
8300364	-24.0
8308120	-24.0
8325584	-22.0
8332524	-21.0
8333364	-23.0
8338760	-24.0
8363444	-23.0
8370360	-24.0
8394900	-24.0
8404088	-23.0
8413884	-23.0
8414912	-24.0
8425348	-24.0
8439400	-21.0
8445024	-24.0
8447628	-24.0
8458404	-24.0
8475512	-24.0
8494160	-23.0
8494468	-24.0
8495212	-23.0
8507752	-23.0
8525632	-23.0
8527980	-22.0
8541912	-23.0
8559632	-22.0
8560476	-23.0
8562212	-24.0
8570968	-24.0
8589776	-23.0
8595692	-23.0
8595908	-24.0
8602424	-24.0
8626420	-23.0
8628236	-22.0
8631024	-24.0
8632104	-23.0
8658132	-24.0
8659388	-24.0
8663824	-24.0
8664088	-23.0
8688644	-24.0
8692364	-23.0
8694248	-24.0
8697520	-22.0
8725852	-23.0
8726280	-22.0
8727968	-24.0
8741668	-24.0
8758632	-23.0
8759324	-23.0
8760368	-22.0
8774852	-23.0
8792232	-22.0
8793472	-23.0
8796460	-22.0
8808884	-22.0
8824408	-22.0
8826624	-23.0
8831500	-23.0
8841124	-24.0
8855304	-24.0
8861004	-24.0
8864768	-23.0
8872628	-23.0
8884808	-24.0
8891452	-23.0
8898848	-23.0
8908788	-22.0
8918328	-22.0
8928540	-22.0
8939472	-22.0
8943892	-20.0
8951336	-23.0
8960524	-24.0
8972208	-23.0
8975652	-23.0
8981416	-24.0
8993772	-23.0
9005216	-23.0
9013284	-21.0
9013496	-23.0
9033900	-22.0
9035600	-23.0
9045556	-24.0
9048280	-23.0
9068160	-21.0
9069708	-24.0
9076756	-23.0
9092536	-22.0
9099616	-24.0
9099628	-23.0
9108980	-23.0
9122616	-23.0
9131628	-23.0
9133840	-24.0
9141412	-24.0
9154536	-24.0
9164092	-23.0
9165408	-24.0
9172100	-23.0
9187864	-22.0
9195804	-24.0
9198416	-24.0
9205284	-23.0
9221816	-24.0
9227836	-23.0
9230672	-23.0
9242548	-23.0
9254008	-24.0
9261456	-23.0
9262028	-21.0
9286520	-23.0
9293472	-24.0
9294684	-24.0
9311940	-22.0
9316472	-24.0
9323952	-24.0
9329196	-23.0
9348392	-23.0
9359292	-24.0
9368768	-22.0
9373060	-23.0
9383112	-22.0
9400944	-24.0
9407372	-22.0
9408548	-23.0
9415992	-23.0
9440460	-23.0
9449892	-24.0
9450864	-23.0
9453304	-24.0
9480668	-24.0
9482404	-22.0
9482768	-24.0
9488008	-24.0
9513900	-24.0
9518196	-23.0
9519488	-23.0
9521224	-23.0
9546572	-23.0
9552752	-24.0
9555172	-22.0
9558360	-23.0
9579004	-24.0
9585792	-24.0
9588212	-24.0
9589384	-24.0
9612284	-24.0
9619792	-22.0
9621848	-23.0
9622756	-24.0
9653440	-24.0
9655268	-23.0
9658872	-22.0
9682172	-23.0
9691540	-21.0
9705712	-24.0
9706248	-23.0
9714652	-24.0
9725252	-24.0
9757956	-23.0
9763560	-24.0
9782316	-24.0
9782720	-24.0
9787380	-24.0
9799832	-23.0
9818064	-23.0
9819964	-23.0
9823092	-24.0
9835336	-23.0
9853212	-23.0
9856676	-24.0
9868792	-22.0
9888660	-24.0
9890556	-22.0
9903720	-24.0
9909520	-23.0
9922708	-23.0
9923740	-22.0
9935912	-24.0
9945584	-24.0
9955540	-23.0
9955900	-24.0
9967896	-24.0
9988020	-24.0
9988412	-24.0
10006248	-22.0
10015504	-24.0
10023388	-21.0
10023812	-24.0
10040056	-24.0
10052400	-23.0
10062180	-22.0
10070956	-23.0
10089040	-23.0
10098212	-22.0
10107180	-24.0
10129168	-23.0
10133252	-23.0
10140156	-24.0
10141944	-24.0
10167808	-22.0
10169764	-23.0
10175708	-23.0
10177464	-23.0
10204960	-24.0
10206324	-24.0
10212568	-23.0
10214892	-24.0
10238052	-24.0
10242112	-24.0
10243720	-23.0
10250076	-24.0
10273572	-22.0
10278032	-24.0
10279336	-24.0
10315584	-21.0
10320980	-23.0
10322172	-24.0
10324744	-24.0
10348832	-24.0
10355452	-23.0
10357604	-22.0
10359464	-23.0
10384864	-23.0
10392188	-21.0
10392420	-24.0
10393832	-24.0
10418816	-23.0
10421084	-24.0
10423640	-24.0
10425620	-23.0
10455116	-23.0
10455120	-19.0
10458120	-23.0
10459028	-24.0
10490112	-22.0
10490292	-24.0
10490924	-23.0
10493720	-23.0
10521632	-24.0
10524556	-23.0
10525332	-23.0
10531608	-23.0
10557588	-24.0
10559820	-24.0
10559840	-23.0
10565384	-23.0
10594524	-21.0
10596848	-23.0
10600292	-23.0
10601400	-23.0
10626560	-24.0
10634068	-24.0
10636776	-23.0
10646492	-24.0
10659008	-24.0
10667732	-24.0
10671736	-21.0
10680588	-22.0
10693648	-24.0
10710344	-23.0
10717932	-22.0
10732004	-24.0
10732688	-22.0
10744936	-22.0
10753980	-23.0
10765204	-22.0
10769312	-23.0
10777640	-24.0
10793468	-24.0
10794900	-24.0
10801568	-24.0
10812968	-23.0
10830196	-22.0
10834576	-24.0
10837964	-23.0
10846248	-23.0
10866580	-24.0
10871104	-23.0
10872412	-23.0
10883640	-22.0
10899652	-23.0
10901328	-24.0
10906460	-23.0
10929160	-20.0
10930436	-23.0
10932560	-24.0
10938444	-24.0
10961864	-23.0
10966820	-22.0
10967152	-23.0
10972012	-24.0
11000744	-22.0
11000944	-23.0
11002420	-24.0
11003852	-24.0
11030864	-24.0
11035292	-24.0
11035784	-22.0
11037476	-23.0
11063552	-24.0
11070552	-24.0
11072004	-23.0
11075148	-24.0
11100640	-23.0
11105544	-24.0
11107812	-24.0
11109116	-23.0
11133328	-23.0
11140616	-21.0
11141636	-23.0
11145004	-24.0
11166064	-24.0
11176148	-23.0
11183400	-24.0
11188508	-23.0
11204208	-24.0
11210836	-24.0
11218360	-24.0
11221292	-23.0
11237184	-24.0
11243492	-23.0
11251196	-24.0
11254184	-22.0
11282116	-24.0
11282512	-24.0
11282684	-24.0
11286632	-23.0
11314048	-24.0
11317988	-22.0
11323628	-23.0
11324744	-23.0
11356608	-24.0
11358940	-23.0
11359032	-24.0
11363508	-24.0
11389644	-24.0
11394208	-24.0
11396888	-21.0
11400148	-23.0
11424268	-24.0
11429056	-23.0
11434152	-23.0
11440420	-21.0
11458396	-22.0
11463840	-23.0
11470440	-23.0
11478724	-22.0
11492972	-24.0
11506544	-23.0
11507304	-23.0
11510644	-23.0
11537724	-22.0
11539344	-24.0
11540664	-24.0
11550276	-23.0
11570988	-22.0
11574432	-23.0
11577432	-22.0
11587812	-24.0
11605340	-24.0
11611272	-24.0
11611536	-21.0
11624788	-24.0
11640236	-24.0
11643328	-24.0
11644536	-23.0
11664484	-23.0
11673660	-24.0
11681712	-21.0
11682120	-24.0
11704900	-23.0
11708124	-23.0
11715880	-23.0
11716224	-24.0
11739684	-24.0
11741180	-24.0
11749096	-23.0
11749776	-24.0
11779524	-23.0
11779548	-24.0
11780616	-24.0
11787744	-22.0
11812132	-24.0
11814684	-24.0
11814824	-23.0
11830688	-23.0
11848484	-24.0
11851128	-23.0
11854812	-24.0
11870592	-24.0
11883236	-24.0
11887224	-23.0
11890332	-24.0
11905664	-24.0
11918340	-24.0
11921004	-24.0
11926584	-22.0
11939392	-24.0
11954284	-24.0
11963000	-24.0
11971680	-24.0
11994084	-24.0
11994668	-23.0
11998776	-23.0
12006480	-24.0
12025932	-24.0
12029268	-22.0
12031880	-24.0
12041984	-23.0
12060196	-24.0
12062732	-24.0
12075536	-24.0
12096524	-24.0
12097428	-22.0
12108616	-24.0
12122448	-22.0
12131084	-24.0
12131652	-23.0
12144952	-24.0
12155024	-23.0
12162388	-24.0
12163020	-24.0
12188736	-24.0
12199852	-24.0
12227160	-23.0
12238432	-23.0
12249316	-24.0
12251580	-24.0
12266136	-24.0
12271728	-23.0
12283316	-23.0
12289132	-23.0
12299112	-23.0
12304464	-24.0
12315412	-24.0
12332312	-24.0
12332684	-24.0
12335184	-24.0
12346692	-24.0
12366736	-23.0
12367368	-23.0
12369036	-24.0
12374340	-24.0
12397448	-23.0
12401804	-24.0
12402608	-22.0
12410132	-22.0
12430664	-24.0
12433868	-24.0
12439552	-23.0
12443460	-24.0
12466280	-21.0
12469724	-21.0
12475732	-23.0
12476416	-24.0
12504484	-24.0
12512224	-24.0
12535996	-24.0
12541684	-24.0
12543456	-24.0
12569276	-24.0
12580340	-22.0
12582144	-24.0
12584936	-24.0
12604108	-24.0
12613744	-24.0
12615108	-23.0
12615208	-24.0
12638940	-24.0
12649488	-24.0
12651972	-23.0
12653944	-22.0
12671996	-23.0
12682192	-22.0
12684196	-23.0
12686184	-24.0
12701516	-24.0
12715216	-24.0
12716888	-24.0
12720580	-22.0
12745848	-24.0
12746076	-24.0
12751088	-24.0
12755396	-23.0
12780316	-24.0
12781560	-21.0
12783200	-24.0
12788212	-24.0
12811948	-24.0
12815464	-24.0
12821312	-24.0
12822724	-22.0
12845708	-24.0
12848776	-23.0
12853520	-24.0
12858116	-24.0
12876988	-24.0
12886200	-23.0
12889296	-24.0
12890948	-24.0
12907468	-24.0
12919464	-24.0
12922740	-23.0
12926144	-24.0
12943852	-22.0
12955252	-24.0
12959384	-23.0
12962224	-24.0
12973388	-24.0
12987556	-24.0
12993064	-24.0
13000112	-23.0
13008988	-23.0
13028468	-22.0
13030288	-24.0
13031672	-23.0
13045852	-23.0
13062904	-23.0
13064496	-24.0
13064836	-23.0
13080140	-23.0
13096232	-24.0
13099344	-22.0
13099636	-24.0
13118812	-22.0
13128168	-24.0
13133920	-24.0
13143908	-21.0
13152956	-23.0
13161400	-24.0
13174912	-23.0
13184612	-24.0
13186268	-24.0
13198536	-22.0
13210656	-23.0
13217764	-24.0
13218252	-24.0
13233816	-24.0
13249748	-24.0
13254012	-24.0
13260016	-24.0
13277944	-24.0
13290876	-24.0
13292256	-24.0
13293764	-22.0
13314488	-23.0
13327228	-24.0
13330672	-24.0
13335796	-24.0
13349848	-23.0
13363596	-23.0
13373616	-23.0
13376708	-23.0
13388808	-24.0
13410432	-22.0
13412004	-24.0
13419356	-24.0
13425720	-24.0
13446788	-23.0
13459192	-24.0
13476700	-24.0
13478048	-24.0
13479652	-24.0
13499544	-23.0
13507196	-24.0
13514260	-24.0
13535720	-22.0
13538896	-23.0
13541420	-24.0
13553092	-23.0
13581208	-24.0
13613584	-22.0
13614332	-24.0
13614564	-24.0
13615000	-24.0
13646588	-23.0
13653536	-24.0
13656680	-23.0
13676516	-24.0
13682956	-23.0
13690320	-23.0
13697576	-23.0
13719092	-24.0
13719820	-23.0
13725648	-22.0
13735992	-22.0
13751540	-23.0
13766096	-24.0
13767500	-23.0
13785364	-24.0
13792424	-23.0
13802192	-24.0
13821716	-22.0
13829128	-23.0
13843852	-23.0
13847712	-24.0
13854388	-24.0
13863096	-24.0
13877580	-23.0
13886192	-23.0
13890516	-23.0
13914716	-22.0
13977768	-23.0
13980012	-24.0
13980132	-24.0
13981488	-24.0
14014616	-24.0
14014948	-24.0
14036096	-24.0
14038892	-22.0
14048596	-24.0
14134880	-23.0
14137960	-24.0
14138764	-23.0
14171288	-24.0
14173760	-22.0
14212732	-24.0
14215364	-23.0
14216304	-22.0
14248848	-23.0
14253724	-22.0
14280816	-24.0
14287004	-24.0
14310288	-24.0
14323068	-23.0
14342528	-23.0
14358332	-24.0
14395164	-23.0
14425424	-24.0
14432100	-24.0
14434300	-24.0
14446808	-24.0
14457488	-23.0
14466844	-24.0
14501388	-23.0
14534020	-24.0
14535392	-23.0
14539852	-21.0
14540776	-23.0
14565044	-24.0
14570424	-24.0
14601956	-24.0
14604240	-23.0
14607404	-22.0
14636724	-24.0
14637488	-23.0
14643788	-23.0
14660008	-22.0
14669396	-24.0
14679564	-24.0
14696840	-23.0
14703156	-24.0
14703552	-23.0
14722572	-22.0
14733784	-23.0
14736452	-24.0
14755372	-24.0
14767016	-22.0
14788364	-24.0
14796240	-23.0
14801896	-24.0
14802084	-24.0
14846992	-24.0
14849512	-23.0
14851188	-22.0
14853404	-23.0
14877696	-24.0
14882964	-24.0
14885032	-23.0
14888204	-24.0
14913208	-24.0
14913584	-22.0
14924044	-24.0
14936468	-24.0
14943792	-23.0
14954316	-24.0
14965960	-23.0
14972564	-23.0
14987340	-23.0
14999256	-24.0
15008404	-24.0
15020060	-23.0
15030760	-24.0
15039620	-24.0
15054860	-21.0
15060968	-24.0
15072372	-24.0
15082908	-24.0
15089144	-24.0
15106660	-24.0
15122968	-24.0
15140004	-24.0
15152936	-23.0
15165920	-24.0
15166348	-24.0
15171700	-24.0
15198720	-23.0
15199052	-24.0
15217828	-24.0
15226816	-24.0
15251652	-22.0
15258000	-24.0
15286372	-23.0
15294928	-24.0
15350920	-24.0
15382680	-24.0
15474160	-24.0
15475532	-23.0
15478456	-22.0
15501776	-24.0
15506716	-24.0
15508232	-24.0
15535120	-24.0
15539896	-23.0
15542028	-20.0
15568160	-24.0
15577832	-23.0
15606356	-3.0
15636068	-24.0
15665732	-24.0
15698884	-24.0
15702368	-24.0
15706876	-23.0
15729268	-23.0
15737184	-23.0
15739916	-24.0
15760756	-24.0
15770348	-24.0
15773432	-24.0
15774080	-24.0
15792996	-24.0
15805180	-23.0
15807888	-22.0
15808200	-22.0
15828532	-21.0
15837900	-24.0
15841992	-23.0
15845264	-21.0
15859620	-24.0
15867132	-24.0
15877200	-23.0
15877208	-22.0
15894420	-24.0
15905692	-23.0
15906800	-24.0
15909752	-24.0
15933876	-24.0
15947400	-23.0
15953340	-23.0
15967188	-24.0
15982680	-22.0
15986060	-24.0
15998196	-24.0
16015804	-24.0
16032932	-23.0
16052668	-24.0
16087964	-24.0
16123244	-23.0
16226784	-9.0
16263136	-23.0
16302664	-9.0
16341032	-23.0
16352916	-9.0
16372792	-23.0
16443228	-8.0
16479876	-22.0
16481672	-22.0
16485132	-23.0
16519004	-24.0
16519620	-24.0
16551844	-24.0
16583120	-8.0
16801656	-8.0
16838988	-8.0
16871828	-8.0
16903104	-9.0
16910964	-23.0
16937952	-22.0
16947828	-24.0
16976544	-24.0
16985380	-23.0
17121640	-10.0
17155944	-24.0
17158972	-9.0
17191256	-23.0
17197452	-24.0
17296528	-8.0
17305364	-8.0
17329296	-24.0
17340260	-24.0
17376612	-23.0
17511240	-8.0
17517436	-8.0
17545608	-23.0
17649280	-9.0
17696596	-7.0
17837420	-8.0
17865592	-6.0
17875484	-23.0
17969264	-8.0
18007088	-24.0
18016580	-8.0
18185576	-9.0
18195468	-9.0
18327072	-9.0
18336564	-9.0
18377216	-22.0
18414528	-24.0
18505560	-10.0
18515452	-8.0
18656548	-8.0
18734512	-7.0
18825544	-8.0
18835436	-8.0
18976532	-9.0
19054496	-9.0
19145528	-8.0
19155420	-8.0
19296516	-8.0
19374480	-8.0
19465512	-9.0
19475404	-10.0
19498424	-23.0
19616500	-6.0
19694464	-8.0
19795388	-9.0
19818408	-9.0
19936484	-8.0
20014448	-10.0
20045648	-24.0
20115372	-8.0
20138392	-8.0
20256468	-10.0
20365632	-8.0
20435356	-7.0
20458376	-7.0
20493896	-24.0
20531000	-23.0
20567528	-23.0
20576452	-9.0
20685616	-8.0
20755340	-8.0
20887512	-7.0
20896436	-9.0
21005600	-8.0
21075324	-2.0
21207496	-9.0
21216420	-8.0
21325584	-8.0
21395308	-11.0
21433644	-22.0
21527480	-10.0
21536404	-6.0
21571236	-24.0
21645568	-7.0
21753628	-8.0
21847464	-1.0
21891220	-7.0
21965552	-6.0
22073612	-7.0
22167448	-9.0
22211204	-8.0
22285536	-8.0
22393596	-8.0
22487432	-8.0
22531188	-10.0
22605520	-8.0
22713580	-8.0
22807416	-9.0
22851172	-9.0
22925504	-7.0
23033564	-8.0
23064332	-23.0
23127400	-8.0
23171156	-9.0
23245488	-7.0
23384316	-8.0
23447384	-8.0
23491140	-9.0
23565472	-9.0
23704300	-8.0
23739100	-22.0
23767368	-9.0
23811124	-9.0
23885456	-9.0
24059084	-7.0
24087352	-8.0
24131108	-9.0
24205440	-8.0
24379068	-10.0
24407336	-8.0
24451092	-7.0
24525424	-8.0
24699052	-8.0
24727320	-7.0
24771076	-8.0
24845408	-8.0
24874464	-24.0
25019036	-7.0
25047304	-8.0
25091060	-7.0
25194448	-9.0
25339020	-8.0
25351696	-24.0
25367288	-10.0
25373604	-24.0
25556612	-24.0
25629880	-24.0
25659004	-7.0
25671680	-9.0
25868336	-21.0
25876596	-8.0
25949864	-8.0
25978988	-8.0
26188320	-8.0
26196580	-8.0
26269848	-7.0
26298972	-9.0
26508304	-7.0
26516564	-9.0
26589832	-7.0
26618956	-9.0
26828288	-8.0
26836548	-8.0
26909816	-9.0
26938940	-8.0
27148272	-8.0
27156532	-8.0
27229800	-8.0
27258924	-8.0
27468256	-8.0
27476516	-8.0
27549784	-8.0
27578908	-8.0
27788240	-8.0
27796500	-7.0
27869768	-8.0
27898892	-8.0
28108224	-8.0
28116484	-8.0
28189752	-7.0
28218876	-8.0
28428208	-7.0
28436468	-8.0
28509736	-8.0
28538860	-16.0
28566572	-24.0
28748192	-9.0
28756452	-9.0
28829720	-8.0
28886556	-7.0
29068176	-10.0
29076436	-8.0
29149704	-8.0
29206540	-2.0
29388160	-7.0
29396420	-10.0
29469688	-8.0
29526524	-7.0
29708144	-10.0
29716404	-9.0
29789672	-1.0
29846508	-9.0
30028128	-8.0
30036388	1.0
30109656	-8.0
30166492	-1.0
30348112	-7.0
30356372	-8.0
30429640	-8.0
30486476	-8.0
30668096	-8.0
30676356	-8.0
30749624	-8.0
30806460	-8.0
30988080	-1.0
30996340	-8.0
31069608	-1.0
31126444	-1.0
31308064	-1.0
31316324	-8.0
31389592	-3.0
31446428	1.0
31628048	-1.0
31636308	-1.0
31709576	-7.0
31766412	-3.0
31948032	-2.0
31956292	-10.0
32029560	-8.0
32086396	-9.0
32268016	-1.0
32276276	-1.0
32349544	-8.0
32406380	-1.0
32588000	-3.0
32596260	-1.0
32669528	-1.0
32726364	-3.0
32907984	-10.0
32916244	-3.0
32989512	-8.0
33046348	-1.0
33227968	1.0
33236228	-3.0
33309496	1.0
33366332	-2.0
33547952	-9.0
33556212	-3.0
33629480	-1.0
33686316	-3.0
33867936	-3.0
33876196	-1.0
33949464	-8.0
34006300	0.0
34187920	-3.0
34196180	-1.0
34269448	-3.0
34326284	-2.0
34507904	-3.0
34516164	-2.0
34589432	-1.0
34646268	-8.0
34827888	-1.0
34836148	-2.0
34909416	-7.0
34966252	-2.0
35147872	-2.0
35156132	-2.0
35229400	0.0
35286236	-2.0
35467856	-8.0
35476116	-1.0
35549384	-2.0
35606220	-10.0
35787840	-7.0
35796100	-11.0
35869368	-1.0
35926204	-8.0
36107824	-10.0
36116084	-1.0
36189352	-9.0
36246188	-2.0
36427808	-8.0
36436068	1.0
36509336	-3.0
36566172	-1.0
36747792	-2.0
36756052	-8.0
36829320	-3.0
36886156	-1.0
37067776	-9.0
37076036	0.0
37149304	-1.0
37206140	-2.0
37387760	-8.0
37396020	-1.0
37469288	-8.0
37526124	-1.0
37707744	-8.0
37716004	-10.0
37789272	-8.0
37846108	-2.0
38027728	-8.0
38035988	-6.0
38109256	-8.0
38166092	-8.0
38347712	-2.0
38355972	-1.0
38429240	-1.0
38486076	-8.0
38667696	-2.0
38675956	-1.0
38749224	-1.0
38806060	-2.0
38987680	-8.0
38995940	-1.0
39069208	-3.0
39126044	-8.0
39307664	-8.0
39315924	-2.0
39389192	-8.0
39446028	-9.0
39627648	-10.0
39635908	-8.0
39709176	-2.0
39766012	-8.0
39947632	-8.0
39955892	-2.0
40029160	-1.0
40085996	-1.0
40267616	-3.0
40275876	-8.0
40349144	-8.0
40405980	-9.0
40587600	-17.0
40595860	-3.0
40669128	-1.0
40725964	-2.0
40907584	-3.0
40915844	-9.0
40989112	-8.0
41045948	-10.0
41227568	1.0
41235828	-2.0
41309096	-3.0
41365932	-2.0
41547552	-3.0
41555812	-1.0
41629080	-2.0
41685916	-3.0
41867536	-19.0
41875796	-1.0
41949064	-2.0
42005900	-10.0
42187520	-3.0
42195780	-1.0
42269048	-2.0
42325884	-2.0
42507504	-18.0
42515764	-2.0
42589032	-2.0
42645868	-1.0
42827488	-1.0
42835748	-2.0
42909016	-16.0
42965852	-2.0
43147472	-2.0
43155732	-1.0
43229000	-1.0
43285836	1.0
43467456	-2.0
43475716	-1.0
43548984	-2.0
43603924	-24.0
43605820	-2.0
43787440	-3.0
43868968	-9.0
43923908	-3.0
43925804	-9.0
44107424	0.0
44188952	-8.0
44243892	-3.0
44245788	-1.0
44427408	1.0
44508936	-9.0
44563876	-1.0
44565772	-1.0
44600608	-24.0
44828920	-10.0
44883860	-3.0
44885756	-10.0
44920592	-1.0
45148904	1.0
45203844	-2.0
45205740	-1.0
45240576	-1.0
45468888	-3.0
45523828	-1.0
45525724	-2.0
45560560	-3.0
45788872	-1.0
45843812	-3.0
45845708	-8.0
45880544	-8.0
46108856	-2.0
46163796	-1.0
46165692	-1.0
46200528	-3.0
46428840	-18.0
46483780	-8.0
46485676	-9.0
46520512	-3.0
46748824	-1.0
46803764	-2.0
46805660	-1.0
46840496	-3.0
47068808	-8.0
47123748	-1.0
47125644	-8.0
47160480	-2.0
47388792	-8.0
47443732	-7.0
47445628	-11.0
47480464	-9.0
47708776	-3.0
47763716	-3.0
47765612	-1.0
47800448	-1.0
48028760	-8.0
48083700	-1.0
48085596	-3.0
48120432	-1.0
48348744	-8.0
48403684	-2.0
48405580	-1.0
48440416	-2.0
48668728	-8.0
48723668	-1.0
48725564	-1.0
48760400	-1.0
48988712	-3.0
49043652	-2.0
49045548	-3.0
49080384	-2.0
49308696	-2.0
49363636	-8.0
49365532	-16.0
49400368	-2.0
49628680	-2.0
49683620	-8.0
49685516	-8.0
49720352	-10.0
49948664	-8.0
50003604	-8.0
50005500	-7.0
50040336	-8.0
50268648	-3.0
50323588	-1.0
50325484	-18.0
50360320	-1.0
50588632	-8.0
50643572	-8.0
50645468	-2.0
50680304	-1.0
50908616	-1.0
50963556	-1.0
50965452	-10.0
51000288	0.0
51228600	-1.0
51283540	-8.0
51285436	-8.0
51320272	-2.0
51548584	-9.0
51603524	-2.0
51605420	-8.0
51640256	-2.0
51868568	-1.0
51923508	-1.0
51925404	-2.0
51960240	-1.0
52188552	-9.0
52243492	-8.0
52245388	-1.0
52280224	-8.0
52508536	-8.0
52563476	-8.0
52565372	-2.0
52600208	-1.0
52828520	-7.0
52883460	-1.0
52885356	-8.0
52920192	-8.0
53148504	-9.0
53203444	-1.0
53205340	-18.0
53240176	-9.0
53468488	-2.0
53523428	-9.0
53525324	-8.0
53560160	-8.0
53788472	-10.0
53789924	-23.0
53833724	-23.0
53837696	-23.0
53838568	-24.0
53892052	-22.0
53906856	-23.0
53965036	-24.0
54021952	-24.0
54031548	-24.0
54170928	-23.0
54179708	-24.0
54187508	-24.0
54196392	-24.0
54249296	-24.0
54289828	-24.0
54323832	-24.0
54372720	-24.0
54386108	-24.0
54411320	-24.0
54431108	-24.0
54439008	-24.0
54492224	-24.0
54496900	-24.0
54519312	-24.0
54545740	-24.0
54574936	-24.0
54694304	-24.0
54741264	-24.0
54798888	-24.0
54816884	-11.0
54865724	-10.0
54923056	-23.0
54935868	-24.0
55015756	-22.0
55047096	-24.0
55054144	-23.0
55059076	-23.0
55159676	-24.0
55227456	-24.0
55248792	-24.0
55379060	-20.0
55479660	-11.0
55547440	-11.0
55568776	-8.0
55634576	-23.0
55699044	-8.0
55799644	-11.0
55888760	-8.0
55949460	-24.0
55954560	-9.0
56090508	-24.0
56208744	-17.0
56215908	-24.0
56265072	-24.0
56285628	-24.0
56342676	-23.0
56372352	-24.0
56427208	-23.0
56490612	-24.0
56598028	-24.0
56599120	-24.0
56733048	-23.0
56810596	-10.0
56918012	-3.0
56919104	-10.0
57053032	-8.0
57130580	-9.0
57237996	-2.0
57239088	-3.0
57373016	-9.0
57450564	-8.0
57557980	-8.0
57559072	-8.0
57693000	-9.0
57770548	-8.0
57809100	-24.0
57874292	-23.0
57876560	-23.0
57878840	-24.0
58076268	-24.0
58122224	-24.0
58158692	-24.0
58198824	-10.0
58260508	-23.0
58275264	-24.0
58426852	-24.0
58437112	-23.0
58580492	-11.0
58595248	-19.0
58718600	-24.0
58746836	-19.0
58848252	-24.0
58902944	-24.0
58966780	-24.0
59038584	-18.0
59066820	-10.0
59092872	-24.0
59217356	-24.0
59222928	-10.0
59370924	-24.0
59379040	-24.0
59386804	-10.0
59412856	-22.0
59413536	-24.0
59448772	-24.0
59456460	-24.0
59480516	-23.0
59496856	-24.0
59531956	-24.0
59535376	-24.0
59535548	-24.0
59561048	-24.0
59614644	-24.0
59615248	-24.0
59619320	-23.0
59682604	-23.0
59705284	-23.0
59745000	-24.0
59882016	-24.0
59896040	-24.0
59897356	-24.0
59926452	-24.0
59954736	-24.0
59973948	-24.0
59978932	-23.0
60089016	-23.0
60105296	-23.0
60265004	-24.0
60298916	-11.0
60341640	-22.0
60425280	-10.0
60449444	-24.0
60535896	-24.0
60561200	-24.0
60565100	-23.0
60620732	-24.0
60622036	-24.0
60719448	-24.0
60752780	-24.0
60761776	-24.0
60832500	-24.0
60841616	-23.0
60940088	-22.0
61001136	-24.0
61063784	-24.0
61072764	-11.0
61147924	-24.0
61152188	-22.0
61168352	-23.0
61294436	-24.0
61295248	-24.0
61298008	-24.0
61302572	-24.0
61425688	-23.0
61435724	-23.0
61541972	-24.0
61547104	-24.0
61674068	-23.0
61737496	-24.0
61755708	-10.0
61793268	-24.0
61794032	-23.0
61949420	-24.0
61993424	-23.0
62057480	-17.0
62113252	-16.0
62219224	-24.0
62220964	-24.0
62268988	-24.0
62284272	-23.0
62304148	-24.0
62406568	-24.0
62487056	-24.0
62535860	-23.0
62548588	-24.0
62676092	-24.0
62726552	-18.0
62781952	-23.0
62855844	-9.0
62881164	-23.0
63046536	-10.0
63101936	-9.0
63175828	-8.0
63201148	-17.0
63311740	-24.0
63366520	-8.0
63421920	-7.0
63481932	-24.0
63495812	-16.0
63653372	-24.0
63653688	-24.0
63700356	-23.0
63741904	-10.0
63841116	-24.0
63870672	-23.0
63973672	-11.0
64020340	-10.0
64078360	-24.0
64102688	-23.0
64112932	-24.0
64161100	-11.0
64258088	-23.0
64292140	-23.0
64299712	-24.0
64395012	-24.0
64413964	-23.0
64415000	-23.0
64444272	-24.0
64463716	-24.0
64624264	-24.0
64648576	-24.0
64660900	-24.0
64664060	-23.0
64690536	-23.0
64725344	-24.0
64755828	-23.0
64770316	-23.0
64821248	-24.0
64837160	-24.0
64850116	-24.0
64855548	-24.0
64896212	-23.0
64948828	-23.0
64975652	-23.0
64986144	-24.0
65005576	-24.0
65147980	-24.0
65153208	-24.0
65190228	-24.0
65221200	-24.0
65263116	-24.0
65310544	-24.0
65317676	-24.0
65337364	-23.0
65354136	-24.0
65514196	-24.0
65533800	-23.0
65538400	-23.0
65551180	-24.0
65754696	-23.0
65834180	-18.0
65858384	-19.0
65871164	-18.0
65927272	-24.0
66145740	-24.0
66154164	-15.0
66178368	-10.0
66247256	-9.0
66247364	-24.0
66290976	-24.0
66347692	-24.0
66406800	-24.0
66422756	-23.0
66567240	-10.0
66598572	-24.0
66639144	-24.0
66641760	-24.0
66642356	-23.0
66698844	-24.0
66706512	-24.0
66707160	-24.0
66751412	-24.0
66815768	-24.0
66834092	-24.0
66870188	-24.0
66875200	-22.0
66879444	-24.0
66887144	-23.0
66945196	-24.0
66968816	-23.0
67005224	-23.0
67009156	-24.0
67025084	-24.0
67064624	-23.0
67065096	-24.0
67114020	-24.0
67150748	-24.0
67175044	-23.0
67180216	-23.0
67193040	-24.0
67244860	-24.0
67265464	-24.0
67265620	-23.0
67323152	-22.0
67366924	-22.0
67444036	-23.0
67464540	-23.0
67472624	-24.0
67481784	-24.0
67516452	-24.0
67571920	-24.0
67621512	-24.0
67784524	-17.0
67836436	-18.0
67891904	-9.0
67913336	-24.0
68024748	-23.0
68040676	-24.0
68065692	-23.0
68127984	-24.0
68139896	-22.0
68168948	-24.0
68183244	-23.0
68261156	-24.0
68266376	-24.0
68287900	-24.0
68306080	-23.0
68322024	-24.0
68341268	-24.0
68401932	-24.0
68420580	-23.0
68434160	-24.0
68453160	-23.0
68486396	-24.0
68487440	-24.0
68528580	-23.0
68535112	-23.0
68576176	-24.0
68595436	-24.0
68606436	-23.0
68653984	-24.0
68670312	-23.0
68674540	-23.0
68680932	-23.0
68737632	-24.0
68752184	-24.0
68758740	-23.0
68776380	-24.0
68801352	-24.0
68826292	-24.0
68849216	-24.0
68881340	-23.0
68905792	-24.0
68906564	-23.0
68914536	-24.0
69026608	-24.0
69050668	-24.0
69166660	-23.0
69186112	-23.0
69196104	-24.0
69205740	-23.0
69215108	-24.0
69284820	-23.0
69284912	-23.0
69285128	-24.0
69343996	-22.0
69374256	-23.0
69384008	-24.0
69414156	-24.0
69463940	-23.0
69551432	-24.0
69553376	-23.0
69566636	-23.0
69599012	-24.0
69650688	-24.0
69684716	-24.0
69685576	-23.0
69711684	-23.0
69816616	-23.0
69818832	-24.0
69852220	-24.0
69856504	-24.0
69922148	-24.0
69931416	-22.0
69939440	-24.0
69980004	-24.0
69980220	-23.0
69998664	-23.0
70019708	-24.0
70041620	-24.0
70046040	-24.0
70084384	-24.0
70100484	-24.0
70127260	-23.0
70129392	-24.0
70191896	-22.0
70208020	-24.0
70213324	-24.0
70252008	-22.0
70254320	-23.0
70277012	-24.0
70290956	-24.0
70320776	-24.0
70346544	-24.0
70350892	-24.0
70355924	-24.0
70421296	-24.0
70435528	-22.0
70525184	-24.0
70526372	-23.0
70529292	-23.0
70551752	-24.0
70576720	-24.0
70578332	-24.0
70597288	-24.0
70598420	-23.0
70627952	-24.0
70639868	-23.0
70662120	-23.0
70671876	-24.0
70705852	-23.0
70707136	-23.0
70710724	-23.0
70713240	-23.0
70751072	-24.0
70754428	-23.0
70754564	-24.0
70767496	-22.0
70790356	-24.0
70805180	-24.0
70840272	-24.0
70847624	-23.0
70877292	-23.0
70884976	-24.0
70912708	-24.0
70915900	-24.0
70919048	-24.0
70949024	-24.0
71024868	-23.0
71028640	-24.0
71036376	-22.0
71056668	-23.0
71062084	-24.0
71065584	-24.0
71106048	-23.0
71108996	-24.0
71114168	-23.0
71124700	-24.0
71141648	-24.0
71265396	-22.0
71315876	-24.0
71320016	-24.0
71418696	-22.0
71425068	-23.0
71426528	-24.0
71488884	-23.0
71641564	-23.0
71675344	-23.0
71684872	-22.0
71808868	-18.0
71959580	-24.0
71965120	-23.0
71997240	-23.0
72027748	-23.0
72077496	-23.0
72119740	-23.0
72139780	-23.0
72237248	-24.0
72248716	-23.0
72331412	-23.0
72342908	-24.0
72344056	-23.0
72347568	-23.0
72410096	-24.0
72412860	-24.0
72423976	-23.0
72434356	-24.0
72480780	-22.0
72512928	-24.0
72556788	-23.0
72557656	-23.0
72560156	-23.0
72596608	-24.0
72608028	-23.0
72619400	-22.0
72666916	-23.0
72667872	-23.0
72671500	-24.0
72728136	-24.0
72734492	-22.0
72754416	-24.0
72762692	-23.0
72787080	-23.0
72789548	-24.0
72827048	-24.0
72845028	-23.0
72845744	-23.0
72889848	-24.0
72930892	-24.0
72931988	-24.0
72973728	-23.0
72977412	-23.0
72986216	-23.0
72995948	-24.0
73017604	-24.0
73027952	-23.0
73072468	-24.0
73072712	-24.0
73072748	-24.0
73121372	-24.0
73122356	-23.0
73130488	-23.0
73132944	-24.0
73176876	-24.0
73184152	-23.0
73193828	-23.0
73239696	-24.0
73271520	-24.0
73279416	-23.0
73280436	-23.0
73280604	-22.0
73328760	-23.0
73333040	-23.0
73347540	-23.0
73347852	-24.0
73393732	-24.0
73453120	-23.0
73458792	-23.0
73495040	-24.0
73509228	-24.0
73513524	-24.0
73547016	-22.0
73596628	-24.0
73613212	-23.0
73613328	-24.0
73622856	-23.0
73673744	-23.0
73703716	-24.0
73811184	-24.0
73834908	-22.0
73883192	-23.0
73929312	-24.0
73966596	-23.0
73983528	-24.0
74021820	-23.0
74037256	-24.0
74039216	-22.0
74113572	-24.0
74169772	-22.0
74204096	-24.0
74207208	-23.0
74302292	-24.0
74367440	-23.0
74390188	-24.0
74459624	-24.0
74459972	-24.0
74464736	-24.0
74525884	-22.0
74550116	-22.0
74575548	-24.0
74576880	-24.0
74620344	-24.0
74641392	-23.0
74653852	-24.0
74674260	-24.0
74772076	-24.0
74793936	-24.0
74849720	-24.0
74911068	-24.0
74935380	-23.0
75029720	-24.0
75039120	-22.0
75069112	-23.0
75231052	-19.0
75255364	-18.0
75359104	-17.0
75389096	-9.0
75551036	-19.0
75575348	-18.0
75606680	-24.0
75660912	-23.0
75871020	-18.0
75895332	-8.0
75916556	-24.0
75926664	-21.0
75951252	-23.0
75980896	-9.0
76094132	-23.0
76106592	-23.0
76125080	-23.0
76140316	-24.0
76150020	-24.0
76167960	-23.0
76214020	-23.0
76215388	-22.0
76216856	-23.0
76217680	-23.0
76279260	-23.0
76282312	-22.0
76284016	-24.0
76290276	-22.0
76329388	-23.0
76330008	-23.0
76336752	-23.0
76350756	-23.0
76372824	-23.0
76375244	-23.0
76383508	-22.0
76400688	-23.0
76410168	-24.0
76423948	-23.0
76426612	-22.0
76444656	-24.0
76476124	-24.0
76478280	-23.0
76484420	-23.0
76500000	-24.0
76518492	-24.0
76522248	-23.0
76551232	-24.0
76551508	-21.0
76578984	-24.0
76580668	-23.0
76617908	-24.0
76620592	-23.0
76633644	-24.0
76661336	-20.0
76662116	-24.0
76684828	-23.0
76685360	-22.0
76703560	-24.0
76717684	-23.0
76729868	-23.0
76731248	-23.0
76750484	-23.0
76755784	-23.0
76760716	-23.0
76764432	-24.0
76789076	-22.0
76793980	-24.0
76795672	-24.0
76804864	-23.0
76833080	-23.0
76857372	-24.0
76879156	-23.0
76886848	-23.0
76888344	-24.0
76895132	-24.0
76939064	-23.0
76942356	-22.0
76944080	-24.0
76969420	-23.0
76989024	-22.0
76990212	-23.0
76991768	-23.0
77016204	-23.0
77031156	-23.0
77037912	-23.0
77040784	-24.0
77057724	-23.0
77092524	-24.0
77113648	-24.0
77119848	-23.0
77143824	-24.0
77172436	-23.0
77183560	-24.0
77199532	-24.0
77203728	-23.0
77226132	-23.0
77243768	-23.0
77244656	-22.0
77246412	-23.0
77284792	-24.0
77315188	-23.0
77339856	-24.0
77353212	-23.0
77373928	-23.0
77379668	-24.0
77392348	-23.0
77415296	-22.0
77416888	-24.0
77450300	-22.0
77468708	-24.0
77525768	-23.0
77540656	-23.0
77541732	-23.0
77555020	-23.0
77634328	-23.0
77661268	-24.0
77668476	-23.0
77669168	-24.0
77694712	-23.0
77695780	-23.0
77714768	-24.0
77764764	-23.0
77767252	-23.0
77786024	-24.0
77790016	-23.0
77935876	-23.0
77977260	-22.0
78000952	-23.0
78049500	-22.0
78050064	-23.0
78053204	-24.0
78100136	-24.0
78173220	-24.0
78190336	-23.0
78195672	-24.0
78198524	-23.0
78257744	-23.0
78268692	-24.0
78316208	-24.0
78347532	-24.0
78410068	-23.0
78432808	-23.0
78439932	-22.0
78440144	-23.0
78528428	-23.0
78529880	-23.0
78534880	-23.0
78537828	-23.0
78633356	-23.0
78640056	-23.0
78667796	-23.0
78670544	-22.0
78730256	-23.0
78769544	-22.0
78827964	-23.0
78849012	-23.0
78851176	-23.0
78859056	-22.0
78912156	-22.0
78992508	-22.0
79010656	-23.0
79011480	-23.0
79028660	-23.0
79050908	-23.0
79078160	-23.0
79111800	-23.0
79112188	-23.0
79121316	-23.0
79170104	-23.0
79170816	-23.0
79191020	-23.0
79208964	-23.0
79264236	-22.0
79276580	-23.0
79285816	-23.0
79298880	-23.0
79311444	-23.0
79327820	-23.0
79338280	-24.0
79351584	-22.0
79389180	-23.0
79404084	-23.0
79436072	-23.0
79471392	-24.0
79489240	-23.0
79504412	-23.0
79543732	-22.0
79546656	-22.0
79550664	-23.0
79595788	-22.0
79626032	-23.0
79638300	-24.0
79651060	-22.0
79665488	-24.0
79669976	-22.0
79732036	-23.0
79732492	-23.0
79750320	-23.0
79776936	-23.0
79819100	-23.0
79825600	-22.0
79835540	-23.0
79849160	-23.0
79855500	-24.0
79859296	-24.0
79877320	-24.0
79878564	-22.0
79911828	-24.0
79912316	-23.0
79918720	-23.0
79975656	-22.0
79979412	-23.0
79980668	-22.0
79984192	-23.0
80015328	-23.0
80029260	-24.0
80038280	-23.0
80049316	-23.0
80083928	-23.0
80095472	-23.0
80119812	-24.0
80135920	-24.0
80157772	-23.0
80210888	-23.0
80212336	-24.0
80219220	-22.0
80256944	-23.0
80259652	-24.0
80260396	-23.0
80261384	-23.0
80311968	-23.0
80312588	-23.0
80350328	-23.0
80378012	-24.0
80381456	-23.0
80390228	-22.0
80411752	-23.0
80420880	-23.0
80425268	-24.0
80429660	-22.0
80476168	-23.0
80477140	-23.0
80499792	-23.0
80528488	-23.0
80529876	-23.0
80530332	-22.0
80549184	-23.0
80583348	-24.0
80585896	-23.0
80594828	-23.0
80604720	-23.0
80662168	-24.0
80669868	-23.0
80691220	-23.0
80699616	-23.0
80713336	-23.0
80752252	-22.0
80754948	-23.0
80755288	-23.0
80763696	-24.0
80821580	-23.0
80822408	-22.0
80829188	-23.0
80850656	-23.0
80852556	-23.0
80861396	-23.0
80901580	-23.0
80918728	-23.0
80933292	-23.0
80940820	-23.0
80989560	-24.0
80992860	-23.0
80994592	-23.0
81000772	-24.0
81031804	-22.0
81042532	-24.0
81047976	-23.0
81052464	-24.0
81078596	-21.0
81081164	-23.0
81095608	-23.0
81106768	-22.0
81115028	-23.0
81120780	-23.0
81126312	-23.0
81143664	-23.0
81146948	-23.0
81167516	-23.0
81169736	-23.0
81183808	-24.0
81189924	-23.0
81207336	-23.0
81212300	-22.0
81233380	-21.0
81236080	-23.0
81245384	-22.0
81249612	-23.0
81300728	-24.0
81309716	-23.0
81325052	-23.0
81349568	-23.0
81357348	-24.0
81403160	-23.0
81403836	-23.0
81409728	-22.0
81446168	-24.0
81487736	-23.0
81489092	-24.0
81500432	-23.0
81520268	-23.0
81545712	-23.0
81546100	-23.0
81553644	-23.0
81566072	-24.0
81612940	-24.0
81644512	-20.0
81645428	-22.0
81647976	-22.0
81685184	-23.0
81700796	-23.0
81716840	-24.0
81733296	-23.0
81736276	-23.0
81757320	-23.0
81761660	-23.0
81779268	-23.0
81798488	-23.0
81809568	-23.0
81837416	-23.0
81842468	-21.0
81843932	-23.0
81845232	-23.0
81872648	-23.0
81888084	-23.0
81889856	-23.0
81891500	-23.0
81925896	-23.0
81930340	-24.0
81948176	-23.0
81960652	-22.0
82004404	-23.0
82016592	-24.0
82035948	-23.0
82055800	-23.0
82075408	-23.0
82109164	-23.0
82131956	-22.0
82132984	-22.0
82158288	-24.0
82182916	-23.0
82183900	-23.0
82198264	-23.0
82240476	-22.0
82265956	-23.0
82291312	-23.0
82295684	-23.0
82303692	-23.0
82308056	-23.0
82352948	-23.0
82355792	-23.0
82410264	-23.0
82410700	-23.0
82468144	-23.0
82472216	-23.0
82472292	-21.0
82513676	-22.0
82522004	-23.0
82523560	-23.0
82580848	-23.0
82583564	-23.0
82632984	-23.0
82640876	-22.0
82687604	-23.0
82690792	-23.0
82722864	-23.0
82833972	-23.0
82906076	-24.0
82922264	-23.0
82970688	-23.0
83031832	-23.0
83039692	-23.0
83058436	-22.0
83070544	-23.0
83102564	-22.0
83102652	-22.0
83125080	-22.0
83185692	-24.0
83238920	-23.0
83239220	-23.0
83293436	-23.0
83308656	-22.0
83319556	-22.0
83370484	-23.0
83377688	-22.0
83395020	-24.0
83432964	-23.0
83440768	-23.0
83467800	-23.0
83505636	-23.0
83532492	-22.0
83566872	-22.0
83577216	-22.0
83582388	-23.0
83646748	-21.0
83655524	-24.0
83678040	-23.0
83688620	-23.0
83691392	-22.0
83761848	-24.0
83764640	-23.0
83779300	-22.0
83783724	-23.0
83821680	-23.0
83839932	-24.0
83840200	-23.0
83871508	-23.0
83903552	-23.0
83910108	-23.0
83913400	-23.0
83958548	-23.0
83959264	-22.0
83984072	-22.0
84000972	-22.0
84006096	-24.0
84013620	-23.0
84065004	-23.0
84066504	-22.0
84075216	-22.0
84099012	-24.0
84144380	-23.0
84151248	-22.0
84155496	-23.0
84156212	-24.0
84218220	-23.0
84220368	-24.0
84248308	-23.0
84248904	-22.0
84266460	-23.0
84277168	-21.0
84287012	-24.0
84288872	-23.0
84322700	-22.0
84344436	-23.0
84362704	-21.0
84376872	-23.0
84386876	-22.0
84408752	-23.0
84412724	-24.0
84431468	-23.0
84431720	-24.0
84478500	-24.0
84479904	-23.0
84489496	-24.0
84502108	-23.0
84516452	-23.0
84530576	-23.0
84538940	-24.0
84546472	-23.0
84598920	-24.0
84599796	-23.0
84602892	-23.0
84624864	-22.0
84659412	-23.0
84664424	-23.0
84666380	-23.0
84673520	-23.0
84695384	-23.0
84708764	-23.0
84737504	-23.0
84747748	-23.0
84769352	-23.0
84775264	-22.0
84786620	-22.0
84791284	-23.0
84816656	-23.0
84821352	-23.0
84833988	-24.0
84838332	-24.0
84870688	-23.0
84909060	-23.0
84910780	-22.0
84911416	-23.0
84927728	-24.0
84948996	-23.0
84961980	-23.0
84966136	-23.0
84970224	-23.0
84988916	-23.0
85016700	-24.0
85020312	-22.0
85020848	-23.0
85038644	-23.0
85058364	-24.0
85098932	-24.0
85105016	-22.0
85118796	-22.0
85120464	-24.0
85138548	-24.0
85160312	-23.0
85161388	-23.0
85169796	-24.0
85174064	-23.0
85200284	-23.0
85220728	-22.0
85241420	-24.0
85255488	-23.0
85257012	-22.0
85289528	-24.0
85292368	-23.0
85307500	-23.0
85311476	-22.0
85332736	-22.0
85338488	-23.0
85351412	-22.0
85359068	-23.0
85392696	-23.0
85393360	-23.0
85430676	-21.0
85448140	-24.0
85448624	-24.0
85460776	-23.0
85474164	-23.0
85493724	-23.0
85495344	-23.0
85547172	-23.0
85547240	-23.0
85550384	-22.0
85567500	-24.0
85590696	-23.0
85592192	-23.0
85598868	-23.0
85629468	-22.0
85646884	-23.0
85658144	-24.0
85660744	-22.0
85677500	-24.0
85686500	-22.0
85703240	-23.0
85704128	-24.0
85729692	-22.0
85736212	-22.0
85743888	-24.0
85744632	-23.0
85786748	-23.0
85787016	-23.0
85796100	-22.0
85804864	-22.0
85865540	-22.0
85866124	-23.0
85867216	-23.0
85869160	-23.0
85921832	-23.0
85929604	-23.0
85944608	-23.0
85944636	-24.0
85971448	-23.0
85973668	-24.0
86006420	-23.0
86013820	-23.0
86043664	-23.0
86068788	-23.0
86087648	-24.0
86141168	-23.0
86142332	-23.0
86143400	-23.0
86155012	-23.0
86179488	-24.0
86195512	-23.0
86197532	-22.0
86199380	-23.0
86241152	-23.0
86254312	-23.0
86266684	-23.0
86298180	-24.0
86335432	-23.0
86342668	-23.0
86347040	-23.0
86351828	-24.0
86380012	-24.0
86400388	-24.0
86410152	-23.0
86420144	-24.0
86455196	-22.0
86458064	-24.0
86468404	-23.0
86483432	-23.0
86503020	-24.0
86515376	-23.0
86517284	-23.0
86538024	-23.0
86568332	-24.0
86579600	-23.0
86583572	-22.0
86591544	-23.0
86606524	-24.0
86620480	-22.0
86644364	-22.0
86656996	-23.0
86685752	-23.0
86690384	-24.0
86731988	-24.0
86738748	-24.0
86751208	-22.0
86780176	-22.0
86802700	-23.0
86813140	-23.0
86819592	-22.0
86836416	-22.0
86849948	-24.0
86857108	-23.0
86864360	-22.0
86883292	-23.0
86888832	-24.0
86912052	-23.0
86919160	-23.0
86958972	-23.0
86966804	-23.0
86970768	-23.0
86976344	-22.0
87005108	-23.0
87012140	-23.0
87023760	-24.0
87025800	-23.0
87050452	-23.0
87066684	-22.0
87070736	-23.0
87080536	-22.0
87113364	-23.0
87113664	-24.0
87124444	-21.0
87127112	-22.0
87168052	-22.0
87169196	-23.0
87178488	-22.0
87179888	-23.0
87214840	-23.0
87216332	-21.0
87218452	-21.0
87221120	-22.0
87266516	-23.0
87269468	-23.0
87275736	-23.0
87286128	-23.0
87321028	-23.0
87328172	-23.0
87329192	-23.0
87337248	-23.0
87365540	-23.0
87367308	-24.0
87376096	-23.0
87382440	-22.0
87416396	-23.0
87427972	-23.0
87428032	-21.0
87443512	-22.0
87455788	-23.0
87475616	-23.0
87479156	-23.0
87486824	-23.0
87518156	-23.0
87523168	-23.0
87527044	-23.0
87537256	-22.0
87568404	-23.0
87570956	-21.0
87584072	-23.0
87598880	-23.0
87618524	-22.0
87621380	-22.0
87634040	-21.0
87671488	-22.0
87683044	-21.0
87683128	-23.0
87686492	-22.0
87720184	-23.0
87725764	-22.0
87726160	-21.0
87735404	-22.0
87764472	-22.0
87772900	-23.0
87780748	-22.0
87780928	-23.0
87824680	-24.0
87845500	-22.0
87857076	-22.0
87859520	-21.0
87871560	-22.0
87900308	-23.0
87904124	-23.0
87926528	-22.0
87942456	-23.0
87948652	-22.0
87950468	-23.0
87978688	-23.0
87983980	-24.0
87984248	-23.0
87995604	-23.0
88022368	-24.0
88028248	-22.0
88041260	-22.0
88043956	-23.0
88068600	-24.0
88076832	-22.0
88089316	-22.0
88089548	-23.0
88111512	-23.0
88113152	-24.0
88128452	-23.0
88138124	-22.0
88158040	-23.0
88170448	-23.0
88173988	-24.0
88183916	-23.0
88204840	-22.0
88219552	-22.0
88233364	-22.0
88254268	-22.0
88262120	-22.0
88265856	-24.0
88276836	-23.0
88315848	-21.0
88318304	-23.0
88323292	-24.0
88351540	-24.0
88389440	-24.0
88393080	-22.0
88401532	-23.0
88422084	-23.0
88432664	-24.0
88446736	-23.0
88461884	-21.0
88482712	-23.0
88491412	-21.0
88507088	-23.0
88515500	-23.0
88538968	-23.0
88542640	-24.0
88543412	-24.0
88557692	-23.0
88581944	-24.0
88599920	-24.0
88600092	-23.0
88603300	-23.0
88624936	-24.0
88643632	-23.0
88646212	-22.0
88654860	-23.0
88675112	-22.0
88690148	-24.0
88696800	-21.0
88708620	-24.0
88726456	-23.0
88752048	-23.0
88755940	-24.0
88769996	-24.0
88783704	-23.0
88813492	-24.0
88821132	-24.0
88826784	-23.0
88860744	-24.0
88866180	-23.0
88890652	-22.0
88895408	-21.0
88917252	-24.0
88958424	-22.0
88963068	-21.0
88963952	-23.0
88974340	-23.0
89025784	-23.0
89044932	-24.0
89051884	-23.0
89053424	-23.0
89083576	-23.0
89094364	-24.0
89098452	-22.0
89119952	-20.0
89143436	-22.0
89158820	-23.0
89164400	-24.0
89170520	-20.0
89197692	-23.0
89225856	-22.0
89237588	-23.0
89245752	-23.0
89275996	-22.0
89291048	-22.0
89293120	-23.0
89314932	-23.0
89354316	-23.0
89359680	-23.0
89360328	-23.0
89386516	-21.0
89392092	-23.0
89417832	-24.0
89440228	-22.0
89444640	-23.0
89445500	-22.0
89471544	-23.0
89516484	-22.0
89518008	-22.0
89542096	-23.0
89543340	-22.0
89598396	-23.0
89606836	-23.0
89610136	-22.0
89614224	-23.0
89668268	-23.0
89672020	-22.0
89679248	-21.0
89702824	-22.0
89719652	-23.0
89743388	-24.0
89756384	-21.0
89757336	-22.0
89788908	-23.0
89791380	-23.0
89812112	-24.0
89824856	-24.0
89849188	-23.0
89864760	-24.0
89864864	-23.0
89874636	-23.0
89885956	-24.0
89918144	-24.0
89922760	-24.0
89933228	-23.0
89940692	-23.0
90005984	-23.0
90015848	-23.0
90018204	-23.0
90028932	-21.0
90059440	-24.0
90077580	-23.0
90098996	-21.0
90108952	-22.0
90127728	-23.0
90153748	-22.0
90163308	-20.0
90174440	-24.0
90187072	-22.0
90214404	-23.0
90232288	-23.0
90233180	-22.0
90234344	-22.0
90253252	-23.0
90272224	-22.0
90287544	-22.0
90296180	-24.0
90307116	-22.0
90355232	-23.0
90362460	-23.0
90396024	-22.0
90400532	-22.0
90402736	-24.0
90442092	-22.0
90447896	-22.0
90481536	-24.0
90486580	-23.0
90542172	-23.0
90545880	-21.0
90547380	-24.0
90548304	-23.0
90592512	-23.0
90595588	-23.0
90597724	-24.0
90613128	-21.0
90642652	-24.0
90654180	-23.0
90668992	-22.0
90687496	-23.0
90693820	-23.0
90721396	-23.0
90724104	-23.0
90726096	-22.0
90741820	-23.0
90772960	-23.0
90779588	-24.0
90786264	-23.0
90803276	-22.0
90811600	-21.0
90825092	-23.0
90842424	-22.0
90852256	-23.0
90852604	-23.0
90876708	-23.0
90894844	-23.0
90905488	-23.0
90928408	-23.0
90954708	-23.0
90956252	-21.0
90957664	-22.0
90970744	-21.0
91009812	-21.0
91010144	-23.0
91023628	-22.0
91027320	-23.0
91054868	-23.0
91088192	-22.0
91088924	-22.0
91089272	-24.0
91135812	-20.0
91141680	-22.0
91146200	-22.0
91147980	-23.0
91190432	-21.0
91195908	-23.0
91203240	-23.0
91220044	-23.0
91277000	-24.0
91279420	-20.0
91285780	-21.0
91298368	-22.0
91324584	-22.0
91339716	-23.0
91345212	-23.0
91355616	-22.0
91390900	-23.0
91391864	-23.0
91401388	-21.0
91426688	-24.0
91459268	-21.0
91477016	-22.0
91477388	-22.0
91509088	-23.0
91514436	-21.0
91516472	-23.0
91536492	-23.0
91557832	-23.0
91570560	-21.0
91579492	-23.0
91581004	-22.0
91617176	-22.0
91638592	-22.0
91647996	-22.0
91657780	-23.0
91686088	-22.0
91703804	-22.0
91709728	-23.0
91736100	-23.0
91738808	-23.0
91751344	-24.0
91765708	-22.0
91781060	-23.0
91792008	-22.0
91819008	-23.0
91848124	-23.0
91852344	-23.0
91874196	-21.0
91905948	-23.0
91912168	-22.0
91922928	-22.0
91943076	-20.0
91951324	-22.0
91967512	-23.0
91979488	-22.0
92000868	-23.0
92009100	-23.0
92020664	-22.0
92051060	-21.0
92060592	-22.0
92067212	-20.0
92070216	-24.0
92094772	-20.0
92105992	-23.0
92111980	-21.0
92117424	-21.0
92146424	-23.0
92147540	-20.0
92168784	-20.0
92169964	-21.0
92199896	-22.0
92205892	-22.0
92232656	-21.0
92246124	-24.0
92254452	-21.0
92255592	-24.0
92287904	-22.0
92305500	-21.0
92308708	-21.0
92308744	-23.0
92334752	-21.0
92350236	-23.0
92361876	-22.0
92385752	-20.0
92396812	-24.0
92397488	-21.0
92429380	-23.0
92442568	-21.0
92445532	-21.0
92451680	-21.0
92498156	-22.0
92503176	-21.0
92513332	-22.0
92519472	-21.0
92548408	-22.0
92555900	-23.0
92575668	-22.0
92607520	-20.0
92612648	-22.0
92632772	-22.0
92639980	-20.0
92664000	-20.0
92668868	-23.0
92679400	-22.0
92684156	-24.0
92720048	-21.0
92734836	-21.0
92747804	-23.0
92756136	-22.0
92780848	-23.0
92797524	-19.0
92800316	-22.0
92826144	-23.0
92827832	-22.0
92843996	-22.0
92844084	-22.0
92870176	-22.0
92874888	-23.0
92889244	-22.0
92890388	-23.0
92916912	-24.0
92936072	-21.0
92941572	-23.0
92945788	-22.0
92970384	-20.0
92979908	-22.0
92983928	-23.0
92997404	-22.0
93009216	-24.0
93014084	-21.0
93015672	-24.0
93049580	-23.0
93058376	-23.0
93059024	-24.0
93062692	-23.0
93091500	-22.0
93099256	-23.0
93100260	-21.0
93104784	-23.0
93137676	-22.0
93139064	-23.0
93141668	-23.0
93148480	-22.0
93183260	-23.0
93190760	-21.0
93192788	-22.0
93205600	-22.0
93226488	-24.0
93230380	-19.0
93236484	-22.0
93264400	-22.0
93275528	-22.0
93280652	-20.0
93297876	-20.0
93301264	-23.0
93320492	-22.0
93322632	-22.0
93345172	-22.0
93354672	-22.0
93360412	-24.0
93366072	-23.0
93397380	-22.0
93404080	-22.0
93413100	-22.0
93416696	-24.0
93447028	-22.0
93473376	-21.0
93480632	-22.0
93481212	-21.0
93491540	-21.0
93536272	-20.0
93536376	-23.0
93541532	-23.0
93557556	-22.0
93581932	-23.0
93583088	-21.0
93596200	-21.0
93610996	-23.0
93628208	-21.0
93641224	-22.0
93641580	-22.0
93658388	-21.0
93674992	-20.0
93677496	-23.0
93683964	-20.0
93701092	-22.0
93716520	-24.0
93719232	-22.0
93738684	-22.0
93750660	-23.0
93760712	-23.0
93769440	-22.0
93796956	-23.0
93801524	-22.0
93815976	-22.0
93820608	-22.0
93853940	-21.0
93865308	-23.0
93868104	-22.0
93870512	-22.0
93893764	-24.0
93913688	-21.0
93916892	-21.0
93918096	-21.0
93944356	-19.0
93956236	-23.0
93970456	-20.0
93975856	-22.0
93995492	-23.0
94010908	-22.0
94025640	-21.0
94028528	-23.0
94041076	-21.0
94066636	-22.0
94072784	-23.0
94078888	-21.0
94096660	-22.0
94112160	-23.0
94117976	-23.0
94130844	-21.0
94143252	-22.0
94163808	-21.0
94185816	-20.0
94194972	-21.0
94197044	-20.0
94224144	-21.0
94232516	-24.0
94238728	-21.0
94242844	-19.0
94271968	-23.0
94279796	-21.0
94287612	-21.0
94308440	-20.0
94324820	-22.0
94331392	-18.0
94349468	-20.0
94367528	-18.0
94384352	-22.0
94387476	-19.0
94394428	-21.0
94427864	-20.0
94460304	-19.0
94461140	-19.0
94462556	-19.0
94476984	-20.0
94520740	-21.0
94542128	-23.0
94542716	-20.0
94549608	-21.0
94578804	-19.0
94594320	-20.0
94606072	-23.0
94611484	-20.0
94651664	-21.0
94652068	-18.0
94654732	-19.0
94692436	-23.0
94697464	-19.0
94727056	-18.0
94739980	-19.0
94759096	-21.0
94763236	-18.0
94782592	-20.0
94809836	-19.0
94824404	-19.0
94831736	-19.0
94836064	-18.0
94863804	-21.0
94882420	-18.0
94893328	-22.0
94898984	-19.0
94930860	-19.0
94943108	-18.0
94962608	-20.0
94975496	-19.0
95001692	-19.0
95010020	-19.0
95025248	-21.0
95040024	-19.0
95071500	-18.0
95081716	-20.0
95088176	-19.0
95102904	-20.0
95149484	-19.0
95159968	-18.0
95172596	-17.0
95177960	-18.0
95223388	-19.0
95231696	-17.0
95246792	-18.0
95259332	-19.0
95284784	-17.0
95289964	-18.0
95309588	-18.0
95315624	-20.0
95341552	-20.0
95356404	-24.0
95369180	-19.0
95383672	-21.0
95388192	-20.0
95409412	-20.0
95431792	-22.0
95434140	-21.0
95443992	-20.0
95456260	-20.0
95472928	-22.0
95477708	-22.0
95514052	-16.0
95518488	-19.0
95525408	-20.0
95548828	-16.0
95574148	-19.0
95582336	-20.0
95586808	-20.0
95592636	-21.0
95624884	-18.0
95628896	-21.0
95631448	-19.0
95642060	-19.0
95677456	-17.0
95692484	-16.0
95695404	-21.0
95697160	-19.0
95743632	-20.0
95747204	-20.0
95751932	-21.0
95774696	-17.0
95791968	-21.0
95796684	-20.0
95803988	-20.0
95839080	-20.0
95850304	-18.0
95857244	-19.0
95885012	-21.0
95920248	-16.0
95927760	-20.0
95937116	-18.0
95938692	-18.0
95979712	-21.0
95985752	-17.0
95998260	-20.0
96007244	-18.0
96039784	-18.0
96055308	-20.0
96056224	-18.0
96066532	-21.0
96077096	-23.0
96117708	-17.0
96118752	-17.0
96129764	-20.0
96139336	-18.0
96184552	-21.0
96188044	-17.0
96190820	-21.0
96200240	-16.0
96241276	-21.0
96248340	-20.0
96257640	-17.0
96259696	-19.0
96293620	-21.0
96300028	-20.0
96312960	-19.0
96319080	-19.0
96352628	-17.0
96357472	-21.0
96371628	-19.0
96382040	-20.0
96417156	-16.0
96425984	-19.0
96433564	-17.0
96447240	-19.0
96475680	-21.0
96492460	-17.0
96492596	-18.0
96516904	-15.0
96537712	-16.0
96547516	-19.0
96562100	-18.0
96584744	-18.0
96601152	-17.0
96626796	-14.0
96636324	-17.0
96647096	-19.0
96667440	-18.0
96684604	-18.0
96698200	-22.0
96702036	-17.0
96734032	-18.0
96753996	-18.0
96780584	-17.0
96789076	-18.0
96813104	-17.0
96815884	-17.0
96842520	-17.0
96856308	-17.0
96866368	-18.0
96879324	-17.0
96916016	-19.0
96924436	-18.0
96928536	-17.0
96933260	-20.0
96972264	-21.0
96986192	-15.0
96988484	-17.0
97001596	-18.0
97037336	-16.0
97044220	-22.0
97044804	-18.0
97058848	-14.0
97078776	-19.0
97094812	-20.0
97101108	-17.0
97113536	-18.0
97131528	-19.0
97148692	-17.0
97167964	-17.0
97168272	-18.0
97197064	-16.0
97208020	-19.0
97232140	-17.0
97241424	-16.0
97258180	-21.0
97289144	-21.0
97296652	-15.0
97319268	-19.0
97325984	-19.0
97345708	-19.0
97360360	-13.0
97387508	-18.0
97394608	-13.0
97410364	-20.0
97432600	-16.0
97445028	-18.0
97465152	-14.0
97484072	-21.0
97485612	-17.0
97489636	-19.0
97520096	-17.0
97544060	-17.0
97554848	-22.0
97556292	-16.0
97556728	-15.0
97595228	-18.0
97605680	-19.0
97611416	-17.0
97615252	-18.0
97654108	-14.0
97665656	-18.0
97668608	-14.0
97669556	-15.0
97702892	-19.0
97719624	-19.0
97726112	-19.0
97738820	-13.0
97766924	-16.0
97791616	-14.0
97800900	-18.0
97802968	-17.0
97835036	-15.0
97853520	-14.0
97870020	-17.0
97872728	-18.0
97897196	-19.0
97931328	-15.0
97936500	-14.0
97947592	-21.0
97963708	-19.0
97996384	-17.0
98006100	-17.0
98028220	-15.0
98050936	-17.0
98081392	-18.0
98083972	-15.0
98118248	-16.0
98135276	-15.0
98155184	-16.0
98165380	-17.0
98198072	-18.0
98223312	-15.0
98224076	-15.0
98270436	-16.0
98295724	-15.0
98309176	-15.0
98319568	-15.0
98332900	-17.0
98375320	-16.0
98405324	-17.0
98412260	-14.0
98438496	-13.0
98447672	-19.0
98474972	-17.0
98479252	-18.0
98510120	-17.0
98545504	-15.0
98547756	-19.0
98562644	-16.0
98594680	-15.0
98620980	-13.0
98635852	-17.0
98657104	-12.0
98712116	-18.0
98712616	-18.0
98728476	-19.0
98734576	-19.0
98770164	-17.0
98776764	-18.0
98790488	-16.0
98826688	-15.0
98861692	-15.0
98862676	-20.0
98924096	-17.0
98937320	-18.0
98983564	-19.0
98983748	-17.0
98999024	-16.0
99027416	-19.0
99058692	-17.0
99062364	-17.0
99082608	-14.0
99098040	-18.0
99136252	-18.0
99153460	-17.0
99177352	-17.0
99185216	-16.0
99213532	-17.0
99219524	-17.0
99260704	-18.0
99281272	-17.0
99296852	-16.0
99308588	-16.0
99317072	-16.0
99351960	-16.0
99372060	-17.0
99379284	-16.0
99413072	-14.0
99432732	-16.0
99445144	-14.0
99481700	-19.0
99491392	-16.0
99523560	-16.0
99523932	-16.0
99549028	-17.0
99582448	-17.0
99586472	-18.0
99590124	-21.0
99641780	-16.0
99663320	-15.0
99674604	-13.0
99705328	-16.0
99738164	-19.0
99757760	-19.0
99768616	-15.0
99770012	-16.0
99807732	-15.0
99824912	-16.0
99835132	-17.0
99838696	-17.0
99873140	-16.0
99880800	-14.0
99899580	-15.0
99903656	-17.0
99935828	-19.0
99962520	-15.0
99964960	-16.0
99972732	-17.0
100015236	-15.0
100023776	-14.0
100032312	-19.0
100045644	-15.0
100086388	-15.0
100087904	-16.0
100089592	-14.0
100109132	-16.0
100150520	-14.0
100153472	-15.0
100177492	-12.0
100180364	-15.0
100215496	-14.0
100222448	-18.0
100237940	-18.0
100252588	-15.0
100273592	-18.0
100279968	-18.0
100289844	-15.0
100329308	-13.0
100338800	-15.0
100343640	-16.0
100356932	-19.0
100414592	-17.0
100417532	-15.0
100442936	-13.0
100443876	-15.0
100471344	-17.0
100485020	-17.0
100505764	-18.0
100508904	-17.0
100527568	-18.0
100553628	-12.0
100579620	-22.0
100585432	-16.0
100594768	-16.0
100618220	-18.0
100651908	-17.0
100665800	-19.0
100687120	-15.0
100697532	-14.0
100724340	-15.0
100749176	-20.0
100766512	-14.0
100787492	-16.0
100788556	-11.0
100818248	-17.0
100830736	-15.0
100846020	-16.0
100892264	-12.0
100893100	-13.0
100907760	-15.0
100933108	-14.0
100972844	-14.0
100992136	-14.0
100994432	-16.0
101011636	-18.0
101040140	-17.0
101054848	-17.0
101057848	-17.0
101104356	-15.0
101130204	-15.0
101136176	-20.0
101159384	-15.0
101207844	-14.0
101213884	-16.0
101234568	-16.0
101246048	-17.0
101262756	-18.0
101282188	-16.0
101304480	-17.0
101309864	-18.0
101324132	-16.0
101362524	-14.0
101377488	-14.0
101379512	-16.0
101396676	-15.0
101434700	-14.0
101437432	-17.0
101448144	-16.0
101462212	-16.0
101489132	-14.0
101533344	-19.0
101536600	-14.0
101544148	-15.0
101582332	-14.0
101612176	-15.0
101627736	-11.0
101641892	-16.0
101672108	-19.0
101672624	-14.0
101706932	-15.0
101713256	-14.0
101753632	-13.0
101761100	-16.0
101789620	-15.0
101804920	-15.0
101839420	-16.0
101844208	-16.0
101887064	-13.0
101905332	-13.0
101917440	-17.0
101942012	-14.0
101954152	-14.0
102016608	-13.0
102028772	-13.0
102040332	-13.0
102041960	-16.0
102100468	-16.0
102108128	-11.0
102128780	-17.0
102166904	-13.0
102181316	-12.0
102182832	-15.0
102227628	-14.0
102229400	-14.0
102243296	-16.0
102254564	-16.0
102328136	-14.0
102339424	-15.0
102341012	-13.0
102346860	-16.0
102380888	-18.0
102430560	-13.0
102435580	-18.0
102451092	-17.0
102468616	-16.0
102523168	-17.0
102534956	-13.0
102555716	-15.0
102577128	-15.0
102589776	-15.0
102644044	-13.0
102655528	-15.0
102678084	-15.0
102693296	-13.0
102718796	-15.0
102728760	-12.0
102738388	-15.0
102787356	-18.0
102797440	-12.0
102803016	-13.0
102810084	-15.0
102866688	-14.0
102874472	-16.0
102885116	-12.0
102886276	-15.0
102925936	-14.0
102958364	-17.0
102965608	-16.0
103003540	-16.0
103011680	-14.0
103047068	-17.0
103055064	-14.0
103093040	-18.0
103102916	-17.0
103137464	-16.0
103143580	-14.0
103167332	-14.0
103168304	-14.0
103213720	-14.0
103221580	-14.0
103230548	-15.0
103237600	-17.0
103299544	-14.0
103311360	-17.0
103314284	-11.0
103345316	-16.0
103393768	-14.0
103398528	-14.0
103406972	-12.0
103428340	-14.0
103463228	-15.0
103476080	-13.0
103481272	-16.0
103517828	-15.0
103535484	-14.0
103555392	-16.0
103558200	-18.0
103600340	-11.0
103613432	-19.0
103624812	-13.0
103635216	-14.0
103681300	-15.0
103704216	-8.0
103706188	-13.0
103711024	-13.0
103763612	-15.0
103774404	-15.0
103800232	-13.0
103818080	-12.0
103849500	-13.0
103860452	-17.0
103897896	-10.0
103917440	-13.0
103938756	-10.0
103965644	-15.0
103981888	-16.0
104002132	-18.0
104002280	-19.0
104059184	-15.0
104085012	-16.0
104093544	-20.0
104163780	-15.0
104163824	-9.0
104225544	-10.0
104229184	-14.0
104240036	-11.0
104285628	-13.0
104299304	-14.0
104310644	-10.0
104311584	-13.0
104359100	-14.0
104369000	-14.0
104378672	-11.0
104378676	-16.0
104432332	-12.0
104442616	-11.0
104447828	-11.0
104473248	-12.0
104490124	-15.0
104512068	-19.0
104515880	-14.0
104535008	-15.0
104553612	-13.0
104573720	-18.0
104577796	-15.0
104624128	-12.0
104637432	-17.0
104644580	-13.0
104687536	-13.0
104692252	-6.0
104707540	-16.0
104746856	-10.0
104752000	-13.0
104774716	-11.0
104803220	-13.0
104807768	-16.0
104846924	-13.0
104854368	-13.0
104864068	-11.0
104919592	-9.0
104940080	-14.0
104946308	-16.0
104949308	-8.0
104991352	-14.0
105011468	-17.0
105039844	-13.0
105041280	-15.0
105072696	-12.0
105083564	-10.0
105116448	-14.0
105127048	-12.0
105141156	-10.0
105154956	-9.0
105197640	-17.0
105212624	-13.0
105227588	-12.0
105250620	-11.0
105277832	-12.0
105286112	-16.0
105293460	-16.0
105329452	-9.0
105365316	-9.0
105365904	-15.0
105370216	-13.0
105405356	-15.0
105451000	-10.0
105470336	-11.0
105492300	-14.0
105542592	-13.0
105547192	-12.0
105598764	-13.0
105642304	-10.0
105645400	-11.0
105663756	-14.0
105685300	-11.0
105719996	-15.0
105721424	-11.0
105722184	-11.0
105760036	-8.0
105794716	-13.0
105830448	-13.0
105835172	-11.0
105906820	-10.0
105933032	-1.0
105937840	-10.0
106003460	-10.0
106003516	-12.0
106031928	-10.0
106032560	-8.0
106080500	-12.0
106111256	-11.0
106120732	-9.0
106203164	-11.0
106352544	-12.0
106400484	-14.0
106427408	-12.0
106431240	-14.0
106488452	-12.0
106511392	-11.0
106523148	-10.0
106568612	-7.0
106608108	-12.0
106642516	-13.0
106751224	-9.0
106816924	-8.0
106825952	-7.0
106838152	-8.0
106951024	-7.0
106962500	-13.0
107033280	-11.0
107055316	-10.0
107059784	-15.0
107136908	-14.0
107141156	-16.0
107156144	-10.0
107260048	-9.0
107379768	-13.0
107390380	-15.0
107397120	-10.0
107461140	-9.0
107468184	-13.0
107542548	-10.0
107570536	-8.0
107621632	-12.0
107710364	-19.0
107781368	-8.0
107862532	-11.0
107865000	-8.0
107928004	-12.0
107941616	-11.0
108030348	-11.0
108184984	-7.0
108247988	-8.0
108261600	-6.0
108350332	-3.0
108504968	-9.0
108567972	-12.0
108581584	-7.0
108670316	-5.0
108744988	-11.0
108824952	-6.0
108884924	-8.0
108887956	-15.0
108901568	-2.0
108990304	-13.0
109144936	-7.0
109204908	-7.0
109207940	-6.0
109276476	-11.0
109310288	-5.0
109395776	-8.0
109464920	-3.0
109527924	-12.0
109596460	-12.0
109670696	-4.0
109715760	-7.0
109761944	-12.0
109847908	-4.0
109916444	-3.0
110035744	-4.0
110081928	-9.0
110167892	-6.0
110236428	-12.0
110349580	-9.0
110355728	-5.0
110401912	-5.0
110487876	-3.0
110669564	-4.0
110675712	-12.0
110721896	-9.0
110807860	-2.0
110908900	5.0
110989548	-8.0
110995696	-1.0
111041880	-5.0
111108812	-9.0
111227724	3.0
111228884	-4.0
111315680	-5.0
111361864	-1.0
111547708	-3.0
111548868	-1.0
111635664	-5.0
111681848	-3.0
111867692	-1.0
111868852	1.0
111955648	0.0
112001832	-7.0
112187676	-2.0
112188836	-3.0
112275632	-10.0
112321816	-4.0
112507660	-3.0
112508820	-3.0
112595616	1.0
112641800	0.0
112827644	-9.0
112828804	2.0
112915600	-7.0
112961784	-6.0
113147628	-2.0
113148788	-6.0
113235584	-5.0
113281768	-2.0
113467612	-9.0
113468772	-5.0
113555568	-7.0
113570216	-8.0
113787596	-11.0
113788756	-12.0
113875552	-3.0
113890200	-8.0
114107580	-9.0
114108740	-4.0
114195536	-8.0
114210184	-5.0
114427564	-5.0
114428724	-5.0
114515520	0.0
114530168	-4.0
114747548	-2.0
114748708	-9.0
114835504	0.0
114850152	-5.0
115067532	-2.0
115068692	-6.0
115155488	-4.0
115170136	-10.0
115387516	0.0
115388676	-10.0
115475472	-2.0
115490120	0.0
115707500	-3.0
115708660	2.0
115795456	-1.0
115804764	8.0
115810104	-2.0
116028644	-1.0
116065052	-8.0
116068168	-6.0
116115440	-2.0
116348628	-9.0
116385036	-6.0
116388152	-1.0
116435424	-9.0
116466840	-9.0
116668612	-2.0
116705020	-8.0
116755408	-6.0
116786824	-3.0
116988596	-9.0
117025004	-2.0
117075392	-2.0
117106808	-8.0
117296316	-5.0
117308580	-1.0
117395376	-1.0
117426792	-10.0
117616300	-5.0
117628564	-10.0
117715360	-6.0
117746776	-7.0
117922656	-11.0
117936284	-2.0
117948548	-2.0
118066760	-1.0
118242640	-4.0
118256268	-6.0
118268532	4.0
118386744	-1.0
118494248	-6.0
118562624	-2.0
118576252	3.0
118588516	-1.0
118814232	1.0
118882608	-2.0
118896236	-2.0
118908500	-10.0
118983364	7.0
119100120	-9.0
119202592	-5.0
119216220	-2.0
119303348	-4.0
119399152	10.0
119420104	-2.0
119536204	0.0
119623332	-3.0
119719136	-1.0
119740088	1.0
119856188	-5.0
119943316	-4.0
120039120	-6.0
120060072	-2.0
120176172	-5.0
120263300	-2.0
120359104	-5.0
120380056	-5.0
120496156	-6.0
120583284	-4.0
120679088	-7.0
120700040	-9.0
120816140	-5.0
120903268	-4.0
120999072	-1.0
121020024	-3.0
121125224	6.0
121136124	-1.0
121223252	-2.0
121319056	1.0
121445208	2.0
121456108	-2.0
121543236	5.0
121639040	-4.0
121765192	-9.0
121776092	-4.0
121863220	-4.0
121959024	1.0
122085176	-1.0
122096076	1.0
122183204	-3.0
122279008	-1.0
122405160	2.0
122416060	-2.0
122503188	-2.0
122598992	1.0
122646740	-9.0
122725144	-1.0
122736044	1.0
122796824	-9.0
122918976	-1.0
122966724	3.0
123044052	-10.0
123056028	-4.0
123116808	-4.0
123238960	2.0
123364036	2.0
123376012	-1.0
123436792	-7.0
123510392	-10.0
123558944	-7.0
123684020	1.0
123695996	1.0
123830376	-7.0
123878928	1.0
124004004	-2.0
124015980	4.0
124150360	-3.0
124198912	-2.0
124323988	-5.0
124335964	-1.0
124470344	-4.0
124518896	-8.0
124643972	-2.0
124655948	-6.0
124790328	-6.0
124838880	-2.0
124889208	-3.0
124963956	-9.0
124975932	2.0
125158864	0.0
125209192	-3.0
125283940	-6.0
125295916	-5.0
125478848	5.0
125529176	0.0
125603924	1.0
125615900	-8.0
125798832	-7.0
125849160	-1.0
125923908	-2.0
125935884	2.0
126003196	-12.0
126015136	3.0
126070140	-13.0
126169144	-4.0
126243892	6.0
126335120	2.0
126390124	4.0
126480440	4.0
126563876	-4.0
126655104	5.0
126710108	-3.0
126800424	-3.0
126883860	3.0
126975088	-4.0
127030092	-4.0
127120408	3.0
127135092	7.0
127295072	6.0
127350076	-1.0
127440392	3.0
127455076	1.0
127615056	-1.0
127628776	-10.0
127670060	3.0
127691008	-11.0
127775060	-2.0
127782380	7.0
127948760	-5.0
128010992	-4.0
128095044	-5.0
128102364	4.0
128180104	0.0
128330976	4.0
128415028	4.0
128422348	8.0
128500088	2.0
128650960	13.0
128735012	3.0
128742332	-4.0
128820072	-1.0
128830116	-6.0
128894520	-9.0
128970944	0.0
129062316	0.0
129150100	-1.0
129214504	0.0
129290928	2.0
129382300	-3.0
129470084	-10.0
129534488	2.0
129610912	-6.0
129702284	-6.0
129790068	2.0
129817728	-6.0
129854036	-9.0
129854472	-2.0
129939092	4.0
130022268	4.0
130123036	-6.0
130137712	-4.0
130174456	-6.0
130210940	-12.0
130259076	-6.0
130457696	-5.0
130494440	4.0
130530924	-2.0
130579060	0.0
130777680	-2.0
130814424	-7.0
130850908	-3.0
130899044	-1.0
131097664	1.0
131134408	8.0
131170892	0.0
131219028	-1.0
131397156	-2.0
131417648	0.0
131454392	-3.0
131490876	-4.0
131601392	10.0
131717140	-6.0
131774376	-4.0
131810860	7.0
131846640	-9.0
132037124	1.0
132094360	0.0
132130844	-5.0
132166624	-5.0
132357108	-6.0
132414344	-2.0
132450828	1.0
132486608	1.0
132677092	1.0
132734328	0.0
132770812	0.0
132806592	-2.0
132916100	-4.0
132976036	-12.0
133033108	-13.0
133054312	-9.0
133090796	-4.0
133103460	-11.0
133106104	-15.0
133126576	-1.0
133187324	-8.0
133423444	0.0
133426088	7.0
133446560	5.0
133507308	8.0
133540896	10.0
133743428	-1.0
133746072	-2.0
133827292	-1.0
133860880	5.0
134063412	-6.0
134066056	-5.0
134140644	-10.0
134147276	0.0
134180864	1.0
134359700	-8.0
134386040	-2.0
134467260	6.0
134500848	-3.0
134679684	-1.0
134706024	-2.0
134787244	-2.0
134820832	1.0
134821544	6.0
134999668	-5.0
135102180	10.0
135107228	5.0
135140816	2.0
135141528	-4.0
135422164	3.0
135427212	-5.0
135460800	1.0
135461512	-2.0
135742148	2.0
135747196	-2.0
135780784	2.0
135781496	1.0
136062132	-4.0
136067180	-7.0
136100768	-3.0
136101480	3.0
136382116	-4.0
136387164	1.0
136420752	-1.0
136421464	-1.0
136702100	-5.0
136707148	-9.0
136740736	-2.0
136741448	-6.0
137022084	1.0
137027132	5.0
137060720	-4.0
137061432	0.0
137342068	-4.0
137347116	4.0
137380704	-1.0
137381416	-5.0
137419740	-6.0
137662052	-12.0
137700688	-9.0
137701400	-4.0
137739724	0.0
137982036	3.0
138020672	-2.0
138021384	-4.0
138059708	-7.0
138302020	-1.0
138340656	3.0
138341368	-1.0
138379692	-3.0
138622004	-4.0
138660640	-1.0
138661352	-4.0
138699676	2.0
138729000	4.0
138941988	-3.0
138980624	1.0
139019660	-1.0
139048984	4.0
139261972	5.0
139300608	-4.0
139339644	6.0
139368968	5.0
139581956	4.0
139620592	-2.0
139659628	2.0
139688952	6.0
139901940	4.0
139940576	0.0
139979612	9.0
140008936	10.0
140221924	3.0
140260560	-1.0
140299596	2.0
140328920	-1.0
140541908	3.0
140580544	-1.0
140619580	2.0
140648904	8.0
140861892	1.0
140900528	-1.0
140939564	0.0
140968888	5.0
141072708	-3.0
141078568	6.0
141220512	1.0
141259548	1.0
141392692	-3.0
141398552	-3.0
141540496	-3.0
141579532	0.0
141633604	-4.0
141718536	-3.0
141860480	0.0
141899516	-5.0
141953588	0.0
142038520	2.0
142180464	10.0
142219500	-3.0
142273572	-1.0
142358504	5.0
142500448	-2.0
142539484	-4.0
142593556	3.0
142599168	-3.0
142678488	-5.0
142826500	9.0
142859468	1.0
142916276	-10.0
142919152	2.0
142998472	1.0
143028784	-4.0
143179452	-2.0
143236260	3.0
143315260	-3.0
143318456	4.0
143348768	1.0
143409940	9.0
143635244	-4.0
143638440	-6.0
143668752	9.0
143729924	6.0
143769548	8.0
143958424	3.0
143988736	2.0
144049908	-1.0
144089532	-2.0
144278408	-9.0
144297408	-12.0
144369892	-7.0
144409516	1.0
144598392	-4.0
144617392	-10.0
144689876	-5.0
144729500	5.0
144918376	-6.0
144937376	-1.0
145009860	2.0
145049484	-1.0
145238360	-2.0
145257360	-5.0
145329844	2.0
145369468	9.0
145558344	5.0
145577344	-7.0
145649828	9.0
145681752	-9.0
145689452	1.0
145748072	-10.0
145897328	-7.0
145969812	4.0
146009436	-1.0
146068056	-1.0
146217312	4.0
146289796	4.0
146329420	-4.0
146388040	1.0
146537296	3.0
146609780	6.0
146649404	3.0
146652184	3.0
146695748	-8.0
146857280	8.0
146969388	2.0
146972168	2.0
147015732	1.0
147177264	4.0
147216748	7.0
147292152	6.0
147335716	5.0
147497248	5.0
147536732	1.0
147596108	-10.0
147612136	3.0
147655700	2.0
147762940	-7.0
147817232	2.0
147859308	8.0
147932120	3.0
147975684	-2.0
148137216	5.0
148179292	2.0
148252104	7.0
148295668	-5.0
148418568	-7.0
148457200	-1.0
148499276	-4.0
148615652	11.0
148738552	3.0
148777184	-4.0
148819260	1.0
148899788	7.0
148935636	5.0
149058536	5.0
149097168	-5.0
149169040	7.0
149219772	4.0
149241168	-10.0
149255620	3.0
149378520	-6.0
149539756	5.0
149561152	1.0
149575604	-1.0
149698504	-4.0
149833220	0.0
149859740	6.0
149881136	-3.0
150018488	1.0
150153204	6.0
150167960	-11.0
150173376	11.0
150179724	2.0
150473188	6.0
150487944	2.0
150493360	4.0
150499708	3.0
150793172	-4.0
150807928	3.0
150813344	2.0
150819692	5.0
151113156	1.0
151127912	4.0
151133328	3.0
151139676	0.0
151240352	-8.0
151433140	-3.0
151447896	-7.0
151459660	-3.0
151513892	9.0
151560336	7.0
151767880	-4.0
151779644	10.0
151833876	10.0
151880320	-7.0
152087864	5.0
152099628	-2.0
152153860	1.0
152158920	-10.0
152191260	9.0
152200304	-1.0
152473844	1.0
152478904	7.0
152511244	6.0
152520288	7.0
152553368	-12.0
152584380	-13.0
152589248	-17.0
152652184	-9.0
152664668	-10.0
152793828	0.0
152909232	1.0
152972168	3.0
152984652	4.0
153113812	7.0
153158444	-3.0
153229216	9.0
153292152	-1.0
153433796	-3.0
153478428	-3.0
153498708	-10.0
153549200	5.0
153612136	9.0
153798412	-3.0
153818692	9.0
153869184	5.0
153932120	4.0
153943732	4.0
154118396	7.0
154189168	9.0
154252104	8.0
154263716	8.0
154438380	8.0
154509152	0.0
154572088	0.0
154583700	2.0
154758364	3.0
154829136	-3.0
154847484	7.0
154892072	-1.0
154903684	-4.0
154976372	-4.0
155149120	-6.0
155167468	4.0
155212056	3.0
155296356	0.0
155469104	7.0
155487452	3.0
155532040	1.0
155574524	10.0
155616340	2.0
155677608	7.0
155789088	-7.0
155880112	-7.0
155894508	2.0
155936324	4.0
155997592	5.0
156001856	-10.0
156214492	2.0
156256308	8.0
156317576	12.0
156321840	3.0
156534476	1.0
156576292	-4.0
156637560	6.0
156641824	5.0
156735752	8.0
156854460	-4.0
156896276	2.0
156961808	-5.0
157055736	0.0
157174444	-2.0
157216260	2.0
157281792	-5.0
157375720	-1.0
157494428	0.0
157536244	-3.0
157601776	1.0
157695704	-5.0
157814412	-1.0
157856228	0.0
157921760	-1.0
158015688	0.0
158134396	-8.0
158176212	5.0
158241744	2.0
158335672	1.0
158454380	2.0
158496196	1.0
158561728	1.0
158655656	-1.0
158774364	6.0
158816180	6.0
158881712	5.0
158975640	3.0
159094348	-2.0
159136164	4.0
159201696	9.0
159217708	-6.0
159295624	-2.0
159456148	-2.0
159521680	3.0
159537692	1.0
159615608	9.0
159731024	9.0
159776132	-1.0
159857676	1.0
159935592	6.0
160051008	-3.0
160095180	10.0
160096116	0.0
160255576	4.0
160370992	2.0
160415164	0.0
160416100	1.0
160575560	3.0
160600964	10.0
160690976	-2.0
160735148	5.0
160895544	0.0
160920948	9.0
161010960	4.0
161055132	3.0
161215528	2.0
161240932	1.0
161330944	0.0
161375116	1.0
161535512	5.0
161558324	-3.0
161650928	5.0
161695100	1.0
161855496	1.0
161878308	1.0
161970912	0.0
162015084	2.0
162175480	7.0
162187616	-4.0
162198292	0.0
162296852	8.0
162335068	6.0
162417116	9.0
162495464	9.0
162507600	1.0
162520220	17.0
162616836	4.0
162815448	4.0
162827584	12.0
162840204	0.0
162936820	7.0
163135432	14.0
163147568	3.0
163160188	5.0
163234132	12.0
163455416	4.0
163467552	3.0
163480172	1.0
163534000	-10.0
163554116	2.0
163560744	8.0
163800156	4.0
163853984	-2.0
163874100	-1.0
163880728	8.0
164120140	0.0
164173968	2.0
164194084	-6.0
164200712	3.0
164274872	-5.0
164440124	8.0
164493952	7.0
164514068	3.0
164594856	1.0
164760108	12.0
164813936	-1.0
164834052	1.0
164914840	4.0
165080092	7.0
165133920	9.0
165154036	7.0
165234824	7.0
165340936	9.0
165400076	3.0
165453904	-2.0
165474020	6.0
165660920	-5.0
165720060	5.0
165773888	-1.0
165794004	1.0
165925108	-7.0
165980904	13.0
166029508	-6.0
166040044	14.0
166093872	8.0
166148700	11.0
166300888	-2.0
166349492	6.0
166413856	4.0
166468684	1.0
166620872	-2.0
166669476	6.0
166733840	0.0
166746424	7.0
166788668	6.0
166867960	6.0
166873564	6.0
166893060	8.0
167053824	-3.0
167187944	2.0
167193548	0.0
167213044	-2.0
167282284	-7.0
167373808	9.0
167507928	9.0
167533028	7.0
167547516	-3.0
167638600	9.0
167693792	3.0
167853012	3.0
167867500	6.0
167958584	5.0
168013776	1.0
168021156	-5.0
168146628	-10.0
168187484	11.0
168278568	0.0
168333760	0.0
168466612	4.0
168507468	2.0
168598552	1.0
168653744	2.0
168786596	3.0
168827452	1.0
168902276	8.0
168918536	5.0
168973728	4.0
169065252	8.0
169147436	4.0
169178932	9.0
169238520	6.0
169293712	7.0
169403672	4.0
169467420	10.0
169498916	5.0
169613696	7.0
169654220	7.0
169723656	2.0
169765184	8.0
169818900	2.0
169867928	6.0
169974204	5.0
169995152	7.0
170138884	2.0
170156176	-7.0
170187912	5.0
170294188	3.0
170347424	5.0
170379388	9.0
170458868	5.0
170507896	2.0
170514752	6.0
170541220	7.0
170699372	2.0
170827880	0.0
170834736	5.0
170850956	-2.0
170861204	-6.0
170895672	-9.0
170988288	-6.0
171020284	10.0
171181188	9.0
171215656	4.0
171308272	9.0
171340268	4.0
171377848	7.0
171387680	-13.0
171501172	4.0
171502620	8.0
171512400	7.0
171697832	4.0
171705888	-7.0
171817664	8.0
171821156	8.0
171822604	8.0
171932636	-4.0
172017816	6.0
172137648	5.0
172141140	15.0
172224064	8.0
172252620	5.0
172337800	9.0
172461124	1.0
172544048	-1.0
172572604	3.0
172657784	5.0
172781108	8.0
172864032	2.0
172892588	6.0
172929504	-8.0
172977768	-3.0
173006432	8.0
173101092	5.0
173212572	8.0
173297752	7.0
173326400	14.0
173415976	6.0
173421076	10.0
173498516	8.0
173532556	7.0
173581540	11.0
173646384	4.0
173735960	-4.0
173852540	1.0
173901524	2.0
173966368	3.0
174044320	9.0
174055944	3.0
174137960	6.0
174172524	8.0
174221508	8.0
174265308	6.0
174317076	10.0
174364304	11.0
174392328	9.0
174457392	8.0
174474984	10.0
174585292	2.0
174637060	2.0
174777376	5.0
174794968	6.0
174889856	7.0
174905276	4.0
174913304	10.0
174957044	14.0
175001648	12.0
175085712	7.0
175224872	9.0
175225260	3.0
175277028	8.0
175405696	5.0
175428172	8.0
175483584	10.0
175544856	11.0
175597012	5.0
175620560	11.0
175710112	9.0
175715540	10.0
175748156	4.0
175853860	8.0
175864840	2.0
176030096	10.0
176068140	7.0
176173844	5.0
176184824	2.0
176274056	9.0
176350080	0.0
176368836	8.0
176388124	7.0
176447712	9.0
176516912	6.0
176594040	-2.0
176594928	8.0
176636172	6.0
176688820	4.0
176731752	-9.0
176791260	6.0
176840024	10.0
176914912	7.0
177008804	4.0
177111244	4.0
177160008	4.0
177234896	5.0
177328788	4.0
177431228	0.0
177479992	0.0
177554880	1.0
177648772	1.0
177665000	5.0
177701456	6.0
177751212	3.0
177807012	6.0
177951572	10.0
177984984	1.0
178021440	2.0
178048020	9.0
178071196	2.0
178272648	8.0
178341424	8.0
178368004	2.0
178388440	9.0
178391180	4.0
178474872	10.0
178661408	5.0
178687988	5.0
178711164	4.0
178794856	2.0
178981392	10.0
179007972	5.0
179031148	8.0
179073984	12.0
179082164	5.0
179111148	-9.0
179114840	6.0
179365156	4.0
179380112	-1.0
179431132	1.0
179434824	1.0
179610836	9.0
179663276	-1.0
179664240	-1.0
179711700	-8.0
179754808	-2.0
179825316	9.0
179842840	-6.0
179924756	8.0
179983260	10.0
179984224	3.0
180007876	9.0
180076676	8.0
180162824	2.0
180190788	-6.0
180232168	-6.0
180270580	7.0
180303244	12.0
180304208	13.0
180326504	9.0
180346452	8.0
180397328	11.0
180403544	9.0
180500984	10.0
180566336	12.0
180623228	-4.0
180666436	4.0
180735732	8.0
180820968	11.0
180886320	15.0
180901816	9.0
180943212	15.0
181055716	7.0
181206304	7.0
181220036	9.0
181221800	11.0
181263196	13.0
181281040	-3.0
181299288	10.0
181364800	9.0
181540020	12.0
181583180	3.0
181619272	8.0
181684784	5.0
181860004	9.0
181903164	9.0
181937744	16.0
181939256	12.0
181977612	11.0
182010624	7.0
182015528	10.0
182038524	-5.0
182179988	18.0
182256900	5.0
182330608	2.0
182335512	6.0
182358508	13.0
182370084	7.0
182417640	8.0
182650592	16.0
182678492	12.0
182690068	16.0
182731152	10.0
182737624	12.0
182779388	10.0
182815608	9.0
182833812	12.0
182986436	10.0
182990192	7.0
183062596	-8.0
183099372	5.0
183113764	-9.0
183127384	19.0
183160064	12.0
183185068	8.0
183207908	6.0
183259504	8.0
183447368	12.0
183505052	-3.0
183527892	12.0
183579488	4.0
183670080	-6.0
183767352	7.0
183825036	6.0
183847876	13.0
183906444	10.0
183946852	-3.0
183990064	-1.0
184087336	-6.0
184226428	8.0
184266836	13.0
184288860	-6.0
184310048	0.0
184323316	6.0
184393960	2.0
184394688	5.0
184460728	-4.0
184467968	-8.0
184490888	-21.0
184608844	13.0
184643300	-6.0
184678780	6.0
184787952	6.0
184810872	11.0
184867152	7.0
184879448	5.0
184951344	10.0
184963284	-2.0
184998764	3.0
185028176	8.0
185054916	10.0
185097756	7.0
185132996	9.0
185199432	8.0
185201504	14.0
185260180	9.0
185283608	9.0
185389512	8.0
185403616	9.0
185417740	12.0
185459968	14.0
185463192	10.0
185506204	12.0
185535872	11.0
185556152	6.0
185580164	2.0
185627728	8.0
185657140	5.0
185751584	10.0
185766932	12.0
185826188	3.0
185842136	18.0
185875104	10.0
185944536	7.0
185944844	7.0
185987968	9.0
186003276	5.0
186082416	10.0
186086916	5.0
186177028	5.0
186264520	16.0
186323260	1.0
186350456	11.0
186402400	5.0
186458968	-7.0
186497012	7.0
186514432	-9.0
186601348	5.0
186603424	6.0
186643244	10.0
186720820	7.0
186739308	9.0
186778952	4.0
186923408	9.0
187005136	13.0
187040804	10.0
187059292	4.0
187089044	15.0
187098936	8.0
187182668	7.0
187325120	14.0
187409028	8.0
187412464	11.0
187418920	13.0
187480588	-3.0
187485616	9.0
187542412	9.0
187635260	11.0
187691720	10.0
187717900	9.0
187729012	12.0
187802748	6.0
187805600	10.0
187879824	-5.0
187970608	6.0
188011704	6.0
188038352	8.0
188048996	2.0
188053484	6.0
188139340	6.0
188147080	10.0
188164420	9.0
188244636	4.0
188325164	9.0
188358336	12.0
188389864	11.0
188398460	6.0
188484404	-3.0
188505340	9.0
188559556	7.0
188574184	13.0
188646036	6.0
188678320	16.0
188683128	6.0
188749128	9.0
188825324	11.0
188966020	-1.0
188998304	9.0
189024796	17.0
189061492	13.0
189069112	7.0
189104780	8.0
189129668	12.0
189151192	4.0
189174816	12.0
189202228	7.0
189291368	10.0
189295028	11.0
189383940	9.0
189395208	11.0
189424764	8.0
189472580	13.0
189494800	11.0
189508876	10.0
189602256	7.0
189685872	8.0
189709908	10.0
189715192	6.0
189754544	12.0
189778116	8.0
189797944	15.0
189824464	8.0
189828860	10.0
189867352	14.0
189876548	10.0
189893676	9.0
189946024	10.0
189969284	8.0
189997468	10.0
190011512	9.0
190081308	8.0
190104328	4.0
190144448	11.0
190161204	8.0
190174844	9.0
190197016	15.0
190208784	10.0
190239156	12.0
190245868	10.0
190292096	6.0
190395344	8.0
190472592	10.0
190517000	6.0
190550180	5.0
190565852	8.0
190580536	12.0
190619460	6.0
190650940	10.0
190660800	9.0
190688260	9.0
190779204	10.0
190863268	8.0
190900520	10.0
190937852	14.0
190940852	8.0
190980784	9.0
190997448	9.0
190999932	8.0
191002948	14.0
191056224	9.0
191062796	10.0
191133328	10.0
191141148	13.0
191217660	9.0
191252176	7.0
191300316	10.0
191317432	14.0
191322932	9.0
191397976	12.0
191419636	11.0
191515844	8.0
191531464	9.0
191572160	12.0
191615412	11.0
191620300	7.0
191708232	11.0
191771868	7.0
191775208	8.0
191806356	8.0
191892144	12.0
191894460	9.0
191910920	15.0
191950684	12.0
191977856	9.0
192005592	9.0
192060764	12.0
192126340	11.0
192208900	10.0
192295188	13.0
192297840	10.0
192325576	7.0
192365540	8.0
192380748	0.0
192397624	7.0
192466900	12.0
192594516	8.0
192617824	10.0
192682608	11.0
192700732	11.0
192717608	10.0
192739200	11.0
192802088	14.0
192813120	11.0
192822844	6.0
192862612	16.0
192921136	11.0
192925404	10.0
192939940	9.0
192986492	14.0
192992288	6.0
193000436	12.0
193063188	14.0
193074880	7.0
193122072	13.0
193155588	10.0
193192056	10.0
193212176	9.0
193224068	13.0
193306476	14.0
193321348	7.0
193323168	11.0
193331288	15.0
193386256	11.0
193403084	12.0
193476608	11.0
193516020	11.0
193539680	8.0
193622768	10.0
193622820	13.0
193651272	14.0
193710192	9.0
193723068	13.0
193755812	13.0
193759512	13.0
193815948	12.0
193834420	11.0
193893964	9.0
193967836	7.0
193986100	12.0
194030176	8.0
194079496	15.0
194086324	7.0
194124672	-3.0
194187720	4.0
194232448	-5.0
194232980	-5.0
194287820	-6.0
194294016	-10.0
194306104	-3.0
194352624	9.0
194375432	7.0
194450664	14.0
194514792	12.0
194552964	5.0
194607804	11.0
194638516	9.0
194643496	8.0
194672608	10.0
194681708	8.0
194723272	7.0
194745536	10.0
194753876	9.0
194795612	8.0
194872672	9.0
194926652	10.0
194962672	7.0
195031792	12.0
195043256	10.0
195058940	6.0
195073860	0.0
195110040	10.0
195122592	11.0
195139420	9.0
195161844	5.0
195179992	11.0
195188828	13.0
195199456	9.0
195230724	16.0
195256220	14.0
195263928	10.0
195300464	13.0
195312404	8.0
195336312	11.0
195366252	8.0
195385712	10.0
195394548	9.0
195451260	14.0
195475664	10.0
195483748	9.0
195540656	9.0
195546348	7.0
195635056	11.0
195635452	13.0
195653204	-5.0
195656296	9.0
195721612	11.0
195721908	11.0
195726824	7.0
195782732	11.0
195785416	12.0
195810692	8.0
195850712	13.0
195861788	12.0
195877252	14.0
195919432	15.0
195926012	11.0
195953060	7.0
195955040	7.0
195979992	9.0
196014628	10.0
196025436	16.0
196045096	8.0
196108572	11.0
196113076	13.0
196172824	10.0
196177380	11.0
196180412	10.0
196250916	8.0
196264584	11.0
196275024	11.0
196278140	10.0
196323380	15.0
196361296	13.0
196367480	10.0
196371644	15.0
196380820	13.0
196461760	12.0
196464508	10.0
196496916	9.0
196527448	11.0
196554484	14.0
196599168	14.0
196601976	13.0
196603916	10.0
196683192	11.0
196683628	8.0
196685108	12.0
196726176	12.0
196743240	13.0
196750076	6.0
196779872	14.0
196830408	6.0
196851276	14.0
196884096	9.0
196922744	14.0
196965184	10.0
196980904	12.0
196997436	12.0
197005092	9.0
197024976	14.0
197075196	9.0
197093412	15.0
197093512	15.0
197094752	11.0
197157072	12.0
197166376	9.0
197188292	13.0
197210540	7.0
197244968	15.0
197248692	14.0
197259408	14.0
197271740	14.0
197315768	10.0
197321332	8.0
197347696	15.0
197435376	10.0
197443708	12.0
197443972	16.0
197512576	9.0
197523244	9.0
197545368	14.0
197593324	9.0
197672976	9.0
197674860	7.0
197693768	9.0
197733904	16.0
197759420	8.0
197763956	11.0
197770232	9.0
197826764	14.0
197851668	10.0
197858744	9.0
197902220	11.0
197940872	8.0
197965988	11.0
197975564	12.0
198015800	9.0
198034644	12.0
198053888	9.0
198079724	9.0
198127832	13.0
198141728	7.0
198160300	12.0
198186836	11.0
198226200	10.0
198229168	10.0
198253732	10.0
198310472	9.0
198321488	13.0
198322484	9.0
198376596	14.0
198378168	9.0
198409264	15.0
198421396	15.0
198446472	14.0
198480208	17.0
198480284	10.0
198507412	9.0
198530648	7.0
198566876	9.0
198582148	14.0
198595784	14.0
198645652	13.0
198656092	10.0
198689640	14.0
198720116	12.0
198730604	11.0
198763576	8.0
198796932	10.0
198800192	14.0
198807308	10.0
198862880	14.0
198863960	14.0
198914660	14.0
198922616	12.0
198922812	12.0
198932288	6.0
198968756	11.0
198985708	14.0
198986208	12.0
199024344	11.0
199041076	9.0
199068780	11.0
199078688	8.0
199099576	11.0
199117780	11.0
199155520	7.0
199166188	11.0
199178824	9.0
199210532	10.0
199229752	14.0
199237296	10.0
199242860	7.0
199295200	11.0
199307980	10.0
199311972	6.0
199345560	7.0
199379552	11.0
199382532	13.0
199389356	10.0
199420296	14.0
199446400	12.0
199450268	10.0
199455972	12.0
199505744	11.0
199513124	11.0
199513688	11.0
199525132	13.0
199562596	14.0
199576656	12.0
199596888	10.0
199597404	10.0
199627268	9.0
199648720	12.0
199666220	12.0
199692680	14.0
199711492	12.0
199727308	13.0
199739760	9.0
199758408	8.0
199806160	12.0
199814540	8.0
199885264	9.0
199894460	10.0
199955632	13.0
199997180	11.0
