240000	0.0516041876316187
280000	0.13019984863662393
320000	0.17557246780758723
360000	0.1748912089459598
400000	0.16865127363330684
440000	0.1700027632270474
480000	0.16833979673348368
520000	0.1864477754669264
560000	0.22050813304446637
600000	0.25988519664397464
640000	0.3017893989559263
680000	0.3544573169261217
720000	0.380342416382581
760000	0.39929689383357764
800000	0.4382890571266413
840000	0.3998048250995576
880000	0.39696619775407016
920000	0.4253429631128907
960000	0.4483349727973342
1000000	0.5332461187697947
1040000	0.5672916943959891
1080000	0.6709042471185327
1120000	0.6723506078958511
1160000	0.8180644260726869
1200000	1.020588806785643
1240000	1.039784087125957
1280000	1.238046870790422
1320000	1.123447868078947
1360000	1.1456128723666072
1400000	1.1439668067649007
1440000	1.2318622897401452
1480000	1.306058266414702
1520000	1.4211092830225824
1560000	1.3615671347618103
1600000	1.4062106781959534
1640000	1.3782900181815028
1680000	1.3466633520260454
1720000	1.3676937663823365
1760000	1.356178732252121
1800000	1.3836255066484213
1840000	1.3623423030816018
1880000	1.3866377212718128
1920000	1.426593462574482
1960000	1.2395854141548277
2000000	1.2674380740061402
2040000	1.168937245824933
2080000	1.087538635134697
2120000	1.1624038269773125
2160000	1.1678563507802784
2200000	1.210194824591279
2240000	1.181397242063284
2280000	1.0202366929888724
2320000	0.8989013784572482
2360000	0.912567468392849
2400000	0.8687117514938116
2440000	0.9214725830420851
2480000	0.9311031352236867
2520000	0.8851052977770567
2560000	0.91630707885921
2600000	0.961856386770308
2640000	0.9212824867919087
2680000	0.9636214725881815
2720000	0.9988358438022434
2760000	0.9421836997412145
2800000	0.9529382590554655
2840000	0.9525960386291147
2880000	1.0139892886415125
2920000	1.077777329196036
2960000	1.0787485587403178
3000000	1.0365337155394256
3040000	0.9875730890750885
3080000	0.9979360117956996
3120000	1.0180588821828365
3160000	1.0230829972192645
3200000	0.9809241026245058
3240000	0.9875606583595276
3280000	0.9721836979828775
3320000	0.9026871084824204
3360000	0.8499130457628519
3400000	0.841921159093827
3440000	0.8192128899015486
3480000	0.7408789666160941
3520000	0.7964223223008216
3560000	0.749558629835397
3600000	0.674759151133895
3640000	0.6756720919027924
3680000	0.7201104408398271
3720000	0.6649220429636538
3760000	0.6922274220705033
3800000	0.5855679889783263
3840000	0.6804123161293566
3880000	0.6856618841819465
3920000	0.6657943126700818
3960000	0.6536365962162614
4000000	0.7117600601773709
4040000	0.7043023113541305
4080000	0.660181383034587
4120000	0.7132881281800568
4160000	0.8105497484575958
4200000	0.7829674021761864
4240000	0.8352246895167976
4280000	0.6837900895491242
4320000	0.7071699328601361
4360000	0.6507056172356009
4400000	0.6598366790127009
4440000	0.647056083207205
4480000	0.6524130360014737
4520000	0.644555335733667
4560000	0.6460730430077761
4600000	0.6657923953257501
4640000	0.6504547692038118
4680000	0.6547686352647841
4720000	0.6995309519760311
4760000	0.6956884675335139
4800000	0.7260707504991442
4840000	0.7882730374120176
4880000	0.8048156942997128
4920000	0.7997298768159002
4960000	0.7695445970401168
5000000	0.7964124326571822
5040000	0.7993323600724339
5080000	0.8410445033807308
5120000	0.9120126754250377
5160000	0.884288089107722
5200000	0.8709172370035201
5240000	0.9979584146108478
5280000	0.9822079907415435
5320000	1.0285500124961138
5360000	1.0036759332962335
5400000	0.9460827911647036
5440000	1.006563422244601
5480000	1.0883781625706703
5520000	1.0927874705743044
5560000	1.0760065766762943
5600000	1.0793265562254934
5640000	1.1178395836289972
5680000	1.1153362089119851
5720000	1.3259323375526815
5760000	1.4972787276595831
5800000	1.514012463240698
5840000	1.6264209970079362
5880000	1.6188903944391757
5920000	1.7840560394670815
5960000	1.8957033847067506
6000000	1.8368519578453153
6040000	1.7369129879215732
6080000	1.7447502894142644
6120000	1.5743265425452964
6160000	1.5303160718038678
6200000	1.7496880536478012
6240000	1.723303720607981
6280000	1.7777127443626524
6320000	1.6677175116337837
6360000	1.7111819818194955
6400000	1.6149383233234287
6440000	1.5024824173685163
6480000	1.4911966255381703
6520000	1.6528496096150949
6560000	1.6883805646952241
6600000	1.8053607301119714
6640000	2.032330285339989
6680000	2.0587931691251695
6720000	2.0279290237979963
6760000	1.9287760362565518
6800000	1.7977979151252657
6840000	1.6937617666788398
6880000	1.6954477007962763
6920000	1.8594694165375083
6960000	1.6169120358414948
7000000	1.561552977829054
7040000	1.7867159904304892
7080000	1.912173398828879
7120000	1.9053101787738502
7160000	2.1113492209907623
7200000	2.295940619478002
7240000	2.420379113164544
7280000	2.0870586060091854
7320000	1.7659098182898014
7360000	1.7501224997472018
7400000	2.103064157078415
7440000	2.2670024423249067
7480000	1.9718573154054582
7520000	1.9616733924083412
7560000	1.93286567087546
7600000	1.9859602521143853
7640000	2.0096151941541582
7680000	1.7883780576087533
7720000	1.7298840118981897
7760000	1.594107294818759
7800000	1.5758932548336684
7840000	1.5351133519515394
7880000	1.3664399388931692
7920000	1.219186590064317
7960000	1.1631027420341968
8000000	1.187830198328197
8040000	1.1052425478182732
8080000	0.972054488903284
8120000	0.9135706430174411
8160000	0.9481654602631927
8200000	1.0328861576765775
8240000	0.9433261440508067
8280000	0.9715630093567074
8320000	0.9400452113628387
8360000	0.8688616178914904
8400000	0.9334731653437018
8440000	0.9656886181227863
8480000	0.7799497877724468
8520000	0.6280298037864268
8560000	0.6797587745741009
8600000	0.6817449618071317
8640000	0.6613456916153431
8680000	0.7100447527557612
8720000	0.7626364167310298
8760000	0.8119382205337285
8800000	0.763281513234973
8840000	0.7506363552197814
8880000	0.7216228582002222
8920000	0.7392641297668219
8960000	0.741441181281209
9000000	0.7085484973043203
9040000	0.7949022909730673
9080000	0.7426837844766676
9120000	0.7500790447495878
9160000	0.7583490745469927
9200000	0.7383909977443516
9240000	0.7340096544057131
9280000	0.6982355983190238
9320000	0.6858989447675645
9360000	0.7369463304974139
9400000	0.7226999709375203
9440000	0.7333621491767466
9480000	0.8331168973751366
9520000	0.6917633122555912
9560000	0.7616978725925088
9600000	0.7901942545324564
9640000	0.8531111054837703
9680000	0.8631389960050583
9720000	0.9072746936127544
9760000	0.8588847721971572
9800000	0.9517201563775539
9840000	0.8711596652537584
9880000	0.9006594127565622
9920000	0.9091649447567761
9960000	0.8387556139960886
10000000	0.8554747886776924
10040000	0.861009543106705
10080000	0.9216919385001063
10120000	0.9891654523029924
10160000	0.9496090367659926
10200000	1.0464449826300144
10240000	1.0583786801815034
10280000	1.1549227694138884
10320000	1.104883514277637
10360000	1.1446425856232643
10400000	0.9881412797361613
10440000	1.1385514514379202
10480000	1.1501942510634662
10520000	1.2625164492949843
10560000	1.210791460813582
10600000	1.327128598958254
10640000	1.2224578503020107
10680000	1.0475369213201107
10720000	1.2231656657889485
10760000	1.1474797737166285
10800000	1.221875688521564
10840000	1.1959537963710725
10880000	1.1205762164436281
10920000	1.0901195006623865
10960000	1.214192679360509
11000000	1.0176288624450565
11040000	0.9890155068293214
11080000	1.0109560599580407
11120000	0.9767663040459156
11160000	0.9772541417241096
11200000	0.9794966619640588
11240000	0.9409052390560507
11280000	0.928069045072794
11320000	0.9565498876169324
11360000	0.9173934191346168
11400000	0.9226830641567707
11440000	0.9328886779606342
11480000	0.9397306849658489
11520000	0.94452493853271
11560000	0.9165949775859713
11600000	0.899801811786741
11640000	0.9182801304712892
11680000	0.8952718622326851
11720000	0.9257741317391396
11760000	0.9138876216068864
11800000	0.907756385320425
11840000	0.8908945121452212
11880000	0.9426731860488653
11920000	0.9794110396385193
11960000	0.9280796824991703
12000000	0.8675639116704464
12040000	0.8182067219093442
12080000	0.7972244807735086
12120000	0.8320476720497012
12160000	0.7776734986081719
12200000	0.771167265034467
12240000	0.727482610411942
12280000	0.7211337127767503
12320000	0.7408537155129016
12360000	0.7853464641347527
12400000	0.7491571402944625
12440000	0.7302731993556023
12480000	0.7592787728831172
12520000	0.7616680557221174
12560000	0.7796736836001277
12600000	0.6693456006333232
12640000	0.6978348713472485
12680000	0.7346306827113033
12720000	0.6516178073346615
12760000	0.705221931874752
12800000	0.6430782486855984
12840000	0.677539960051328
12880000	0.6939978272303939
12920000	0.5755609420366585
12960000	0.593225572578609
13000000	0.5588100002899766
13040000	0.5575182232096791
13080000	0.548176486107707
13120000	0.5146430791318417
13160000	0.5069060787729919
13200000	0.5791197206899523
13240000	0.5767965689785779
13280000	0.5817200540617108
13320000	0.5738868148677051
13360000	0.5925382096856833
13400000	0.5169605899490416
13440000	0.5166599804490805
13480000	0.555182009678334
13520000	0.5279948658574373
13560000	0.532253317963332
13600000	0.49859333081096413
13640000	0.4772903968982399
13680000	0.47454221186228096
13720000	0.41642255496419966
13760000	0.46099973308891057
13800000	0.43462926328852775
13840000	0.4611695083126426
13880000	0.4460461900271475
13920000	0.4299457396175712
13960000	0.3565557277385145
14000000	0.450393584895134
14040000	0.3519436450570822
14080000	0.3803403048917651
14120000	0.41828786248601973
14160000	0.43693325878083705
14200000	0.44023954575061797
14240000	0.4097277853436768
14280000	0.37801391906253995
14320000	0.35383417526222766
14360000	0.3243803424715996
14400000	0.33791752830818295
14440000	0.4126373953413218
14480000	0.41077981277778747
14520000	0.3720234060652554
14560000	0.34355670348741113
14600000	0.34375776667185126
14640000	0.3540440575603396
14680000	0.3340637953888625
14720000	0.3123028944589198
14760000	0.2705451525244862
14800000	0.3638052943013608
14840000	0.33436986647322775
14880000	0.278899145790562
14920000	0.3152504408020526
14960000	0.3173279555760324
15000000	0.33205007927045227
15040000	0.3709277309447527
15080000	0.3455240381143987
15120000	0.29478838866092266
15160000	0.3705130000807345
15200000	0.34163437013998627
15240000	0.3274907881308347
15280000	0.41160366558618844
15320000	0.3289827263329178
15360000	0.33714343313723805
15400000	0.34867225674167274
15440000	0.3301456591550261
15480000	0.35295942996945234
15520000	0.3337779853414744
15560000	0.3966171486677602
15600000	0.3501704799897969
15640000	0.3893552649457008
15680000	0.35784037267155944
15720000	0.34917383418567477
15760000	0.308050099356845
15800000	0.35076256554834545
15840000	0.3069130590036511
15880000	0.3360923186112195
15920000	0.3139808703210205
15960000	0.29749866684041915
16000000	0.3049070223286748
16040000	0.3116547232788056
16080000	0.3106939707394689
16120000	0.35249552149921654
16160000	0.33202437344435604
16200000	0.2972102871213108
16240000	0.34158058189507573
16280000	0.3267597865708172
16320000	0.33669695577472447
16360000	0.3747008146062493
16400000	0.3436728646162897
16440000	0.2887200686365366
16480000	0.3702905597783625
16520000	0.39509862902648746
16560000	0.37705842274948953
16600000	0.38336691998261957
16640000	0.4336138144254684
16680000	0.34625278907921164
16720000	0.34049959807507696
16760000	0.36963162259161475
16800000	0.41014610995966944
16840000	0.3621003307312727
16880000	0.3726397589318454
16920000	0.35785327599830924
16960000	0.37918979645334183
17000000	0.3602803100075573
17040000	0.3740994155269116
17080000	0.42316364250760524
17120000	0.4363083497349173
17160000	0.4374224963909015
17200000	0.47186539345234635
17240000	0.4727441093832254
17280000	0.5637030183974654
17320000	0.5871488440847025
17360000	0.5625075416987761
17400000	0.5357785741858184
17440000	0.5820186031982303
17480000	0.49800831827986985
17520000	0.4853515876445919
17560000	0.5530043286850675
17600000	0.5019472472541034
17640000	0.5418360448729247
17680000	0.535549546680972
17720000	0.5470106302859261
17760000	0.580031835558638
17800000	0.5308195953015238
17840000	0.626936716802977
17880000	0.6965126494400203
17920000	0.6241251289948822
17960000	0.6635208658186719
18000000	0.6089186286129057
18040000	0.6465049995571375
18080000	0.5904110532805323
18120000	0.5751712829191238
18160000	0.6084570154147223
18200000	0.6599698354687542
18240000	0.583650004399009
18280000	0.5971074000839144
18320000	0.5659189703114331
18360000	0.5422002189282328
18400000	0.5515869367223233
18440000	0.5597388759329915
18480000	0.5232979899138213
18520000	0.6119799287997186
18560000	0.5526708720199763
18600000	0.6170931354925037
18640000	0.6022558761082589
18680000	0.6579043141555041
18720000	0.6223110970452428
18760000	0.6283147103108465
18800000	0.6062630964588374
18840000	0.6100799824852496
18880000	0.6327917373560369
18920000	0.6214325185269117
18960000	0.63911880097799
19000000	0.6309848015654832
19040000	0.6331925889350474
19080000	0.7064123107001186
19120000	0.6427443393159658
19160000	0.6564906465619802
19200000	0.6341338605735451
19240000	0.7116195203498006
19280000	0.6934778735350817
19320000	0.6951621870327741
19360000	0.6508866034228354
19400000	0.6856516127053648
19440000	0.6919929532144219
19480000	0.6445236526895315
19520000	0.6845287430994212
19560000	0.6183893777944147
19600000	0.6018622143186629
19640000	0.6438380974136293
19680000	0.6800610468767584
19720000	0.6646867595180869
19760000	0.6177381196971983
19800000	0.6443511801924556
19840000	0.6581731450226158
19880000	0.6157941639706492
19920000	0.6462323334980756
19960000	0.6633025979038328
20000000	0.6162164532333613
20040000	0.6569557709261775
20080000	0.6377292853184044
20120000	0.7620619438789785
20160000	0.6841100753694773
20200000	0.7125014163568616
20240000	0.6925705503538251
20280000	0.7497361932061612
20320000	0.7253539102457464
20360000	0.641132091126591
20400000	0.5961022854879499
20440000	0.6106059887811541
20480000	0.592681291975081
20520000	0.597122327946499
20560000	0.6536949975922703
20600000	0.6403024101864546
20640000	0.6476919377543032
20680000	0.5818255830220879
20720000	0.5886739264659584
20760000	0.6271684151723981
20800000	0.5641459135502577
20840000	0.6546079011969268
20880000	0.5910757998082787
20920000	0.6745830108419061
20960000	0.6783209411624819
21000000	0.6273255516052246
21040000	0.6500620713323355
21080000	0.7513307615824044
21120000	0.7670936273410917
21160000	0.7199561902403832
21200000	0.6162982914313674
21240000	0.680349309360981
21280000	0.6430829905696214
21320000	0.6113946973234415
21360000	0.6745197343692183
21400000	0.6416177530851215
21440000	0.6254506585285068
21480000	0.7067251377858221
21520000	0.6179689992174506
21560000	0.5947241098288447
21600000	0.6725895390111953
21640000	0.6012463937975466
21680000	0.609148595559597
21720000	0.65837639712058
21760000	0.6366156613279134
21800000	0.6365390941713005
21840000	0.6370740007121116
21880000	0.6205311645433307
21920000	0.6197514471586794
21960000	0.5929045888867229
22000000	0.6114275061398745
22040000	0.5216675609912723
22080000	0.52419332671538
22120000	0.5802375047974289
22160000	0.5382395591061563
22200000	0.5001649002183228
22240000	0.5814090699084103
22280000	0.5890780443495139
22320000	0.5514177831061184
22360000	0.486546530777961
22400000	0.547331750106439
22440000	0.5206523566771298
22480000	0.4818454847164452
22520000	0.5189623198714107
22560000	0.4584129014566541
22600000	0.49226171723194423
22640000	0.4425745274055749
22680000	0.4354863561086357
22720000	0.41049344169162216
22760000	0.44956611611954866
22800000	0.4727557825919241
22840000	0.48496430510357025
22880000	0.45792417589724066
22920000	0.4209053904317319
22960000	0.45918673205599186
23000000	0.427974263753742
23040000	0.44776920479945836
23080000	0.39548915305808185
23120000	0.3976361261803657
23160000	0.423402547480166
23200000	0.3569799897994846
23240000	0.3458132372237742
23280000	0.33697599612399937
23320000	0.3124568871598691
23360000	0.3452239056199789
23400000	0.3398637086506933
23440000	0.3536870806735009
23480000	0.3420188957033679
23520000	0.37804304228648544
23560000	0.3589721014559269
23600000	0.3640008417043835
23640000	0.35652367523312567
23680000	0.34512726898640395
23720000	0.3364419359192252
23760000	0.39130136664509774
23800000	0.413804491109401
23840000	0.34845257670134305
23880000	0.2918007892932743
23920000	0.33795980879962445
23960000	0.3641499889951199
24000000	0.3191400520719588
24040000	0.3174649813439697
24080000	0.30689850306771693
24120000	0.33115367289893327
24160000	0.27371411832347514
24200000	0.2811134387537837
24240000	0.28424210762232544
24280000	0.28151878778785466
24320000	0.2759694797322154
24360000	0.2860569151673466
24400000	0.28487444612011315
24440000	0.27610254526250066
24480000	0.2650889835594222
24520000	0.2747502123959363
24560000	0.2689079171773046
24600000	0.27562474047224966
24640000	0.2475058433059603
24680000	0.29524475500583647
24720000	0.27426777671519664
24760000	0.2814061031095684
24800000	0.29620475554652514
24840000	0.240691018204391
24880000	0.2763271040242165
24920000	0.29826878263950346
24960000	0.28940562743619086
25000000	0.2639553873013705
25040000	0.31495682101510464
25080000	0.3259802736479789
25120000	0.2771649377146736
25160000	0.28122592159844934
25200000	0.310359900547564
25240000	0.2714713165231049
25280000	0.25552800186071545
25320000	0.27676749929692596
25360000	0.22236135895960032
25400000	0.23027282938156277
25440000	0.272231562653929
25480000	0.2146147917613387
25520000	0.2562991213645786
25560000	0.22329163800422103
25600000	0.24186567981094123
25640000	0.220136191175133
25680000	0.207611665346846
25720000	0.228891833486408
25760000	0.24263472262285649
25800000	0.2289341846946627
25840000	0.2979952112613246
25880000	0.24064912619572132
25920000	0.2626517569700256
25960000	0.27900524958856404
26000000	0.2678447156805545
26040000	0.26946415450908245
26080000	0.25399136020056906
26120000	0.3060720627438277
26160000	0.2795445632770657
26200000	0.27069016723949463
26240000	0.30951416798382997
26280000	0.2808212090138346
26320000	0.2774106705494225
26360000	0.31106461148411035
26400000	0.3370157266119495
26440000	0.3128702752392739
26480000	0.21823225695081055
26520000	0.2851015973780304
26560000	0.3089792058456689
26600000	0.28698327550496905
26640000	0.32361850105673073
26680000	0.3070960007250309
26720000	0.3013007458824664
26760000	0.23245167926829308
26800000	0.29074001191295684
26840000	0.3439019633097574
26880000	0.34101931581012906
26920000	0.3511117806445807
26960000	0.38271854013279083
27000000	0.35699677969235927
27040000	0.33459319623187184
27080000	0.3237626252850518
27120000	0.3247109189940616
27160000	0.32499347608946266
27200000	0.3172789578391239
27240000	0.30543296153601257
27280000	0.32034168049488215
27320000	0.32841320666112006
27360000	0.3204563188275322
27400000	0.2639131967149675
27440000	0.3201647162523121
27480000	0.30754258095491677
27520000	0.3371120139325038
27560000	0.32957697775345296
27600000	0.31114245209190994
27640000	0.3629230931680649
27680000	0.3401461142566055
27720000	0.3521144523318857
27760000	0.33933682517576963
27800000	0.3529434202319011
27840000	0.33466528731286527
27880000	0.35282687529977413
27920000	0.35023869375539946
27960000	0.31764141296278686
28000000	0.3306398746309802
28040000	0.3436372102899477
28080000	0.33293474490232766
28120000	0.32959778864551337
28160000	0.3166795653244481
28200000	0.350370176788792
28240000	0.37437062253132464
28280000	0.30655250404532997
28320000	0.32674868284612896
28360000	0.3391710052883252
28400000	0.28704849083591255
28440000	0.3071250817814842
28480000	0.3420631616787985
28520000	0.358107599972561
28560000	0.3848522255714983
28600000	0.419664829717204
28640000	0.3917192332638428
28680000	0.4896633854594082
28720000	0.4836968202672899
28760000	0.4718787458881736
28800000	0.44946147281918675
28840000	0.40914332642145457
28880000	0.5030826087165624
28920000	0.5556980622418225
28960000	0.5327969374701381
29000000	0.4483365690793842
29040000	0.4539188434366137
29080000	0.5135228428404778
29120000	0.4297511676236987
29160000	0.4840565474808216
29200000	0.4804548551030457
29240000	0.4999608479011804
29280000	0.5057180510994047
29320000	0.4889783896297216
29360000	0.5278899801652879
29400000	0.5004220443125814
29440000	0.5437834498092532
29480000	0.5693564048182219
29520000	0.5131988673996181
29560000	0.5651835295505822
29600000	0.5612466507218778
29640000	0.5702141609426588
29680000	0.5878764854840934
29720000	0.5846504459436983
29760000	0.627393704558909
29800000	0.6628105580154806
29840000	0.67445247704871
29880000	0.6072054932154715
29920000	0.6855762251671403
29960000	0.6100081380920485
30000000	0.65750868611224
30040000	0.6276103858267889
30080000	0.7186115428352728
30120000	0.6663349949028343
30160000	0.6741080782864243
30200000	0.6971903282631189
30240000	0.6344175050031394
30280000	0.6920225874055177
30320000	0.6081945756584406
30360000	0.6002961012747139
30400000	0.6220856319662184
30440000	0.6403432028204202
30480000	0.6490331589242443
30520000	0.6388389832660556
30560000	0.6961479404322803
30600000	0.663500024279952
30640000	0.6079465069402009
30680000	0.6100229236476123
30720000	0.6748470978043973
30760000	0.6474133757926523
30800000	0.6547842242233455
30840000	0.7668265918012709
30880000	0.598489531121403
30920000	0.5893285590145737
30960000	0.5532432714127005
31000000	0.5579858273085206
31040000	0.5792794755674898
31080000	0.5676452183622867
31120000	0.5582295927513391
31160000	0.565687762658298
31200000	0.6021847762618214
31240000	0.5661893270064146
31280000	0.5262181495107711
31320000	0.5961874228715897
31360000	0.6159711217653007
31400000	0.5477700698010624
31440000	0.5751801423598081
31480000	0.5842196903564036
31520000	0.6497432027883828
31560000	0.5861226605992764
31600000	0.6390503247015178
31640000	0.6093241350740194
31680000	0.6459567165944725
31720000	0.6680944267708808
31760000	0.6560050871752202
31800000	0.6301759190395474
31840000	0.7656655259259045
31880000	0.6479276080083102
31920000	0.6969951228678226
31960000	0.7189532447483391
32000000	0.6825107129402459
32040000	0.6820844054736197
32080000	0.6515993203412741
32120000	0.6514158314410597
32160000	0.678660552213341
32200000	0.6106562988743186
32240000	0.6194969630438835
32280000	0.6054939600080251
32320000	0.6326256701190025
32360000	0.6774219621699303
32400000	0.7120947944529354
32440000	0.681631710569188
32480000	0.6835006352238358
32520000	0.6629944082669914
32560000	0.609888928271085
32600000	0.6076207398694009
32640000	0.6570943849693984
32680000	0.6206251528888941
32720000	0.6422256249491125
32760000	0.6368651875846087
32800000	0.6603084829274565
32840000	0.6681402762185782
32880000	0.6301904109507799
32920000	0.6380145518250764
32960000	0.6793450645126402
33000000	0.7990662901990115
33040000	0.7223119915761054
33080000	0.694376695926115
33120000	0.702035799632594
33160000	0.6199805383354425
33200000	0.6122001290287823
33240000	0.6000166155874729
33280000	0.5794279501408338
33320000	0.5582616243857891
33360000	0.6499668209992349
33400000	0.545141299206391
33440000	0.6448850363209844
33480000	0.587537268230319
33520000	0.5999665285859257
33560000	0.6237972285602241
33600000	0.6799535993490368
33640000	0.7037171508714557
33680000	0.6131619174923748
33720000	0.6186063915118575
33760000	0.6166914701260626
33800000	0.6204046773847193
33840000	0.6812603522025049
33880000	0.6243840978808701
33920000	0.640905191103369
33960000	0.6516582038082183
34000000	0.6921877308685332
34040000	0.6040255034305155
34080000	0.5560768295072019
34120000	0.613687945618853
34160000	0.6336322076369078
34200000	0.5958107836291194
34240000	0.6708897863991559
34280000	0.5706355386238545
34320000	0.660108015781641
34360000	0.669172912665084
34400000	0.5999412032913417
34440000	0.6232318612113595
34480000	0.6136989869680256
34520000	0.5703299941968173
34560000	0.6085950689665973
34600000	0.6105187544938177
34640000	0.5087358160633594
34680000	0.5710435539353639
34720000	0.5213085915956647
34760000	0.5253217691585421
34800000	0.5877190592940896
34840000	0.5228558058120311
34880000	0.6200636723965406
34920000	0.5464924496237189
34960000	0.5224196469057352
35000000	0.5203778660207987
35040000	0.5521289509292692
35080000	0.5303020433174446
35120000	0.6158999570891261
35160000	0.5404315709158778
35200000	0.4847670180473477
35240000	0.5025701097730547
35280000	0.46899645465649664
35320000	0.5275322157885879
35360000	0.5449081495989114
35400000	0.506426360039413
35440000	0.47414052152857183
35480000	0.44870991436950863
35520000	0.48896795379966496
35560000	0.48546735739707947
35600000	0.39304468224309386
35640000	0.45941973114460705
35680000	0.4786649584252387
35720000	0.39402622216008604
35760000	0.41403848099522295
35800000	0.474175562393479
35840000	0.46881254078373313
35880000	0.44139879152867945
35920000	0.4250768170099705
35960000	0.48353899815641344
36000000	0.40854691151343286
36040000	0.43885856422632935
36080000	0.4406467202499509
36120000	0.49801988461129365
36160000	0.48365419832319023
36200000	0.4626755733076483
36240000	0.540094503460452
36280000	0.5025233540203422
36320000	0.4460152459960431
36360000	0.40634527206234633
36400000	0.39135073498412964
36440000	0.40261927646137774
36480000	0.37973661070615056
36520000	0.40714242425635455
36560000	0.43645186840891836
36600000	0.4498660812791437
36640000	0.36354405329599976
36680000	0.4262839484423399
36720000	0.3552050974894315
36760000	0.42060647649653254
36800000	0.4253051787856966
36840000	0.4037171452041715
36880000	0.3753075920410454
36920000	0.3788410868022591
36960000	0.3830955994646996
37000000	0.30741260419599714
37040000	0.36547164016328754
37080000	0.37978944289125505
37120000	0.3748237865291536
37160000	0.3926399069029838
37200000	0.3573545125041157
37240000	0.4098254746897146
37280000	0.397331236747466
37320000	0.3853995620584115
37360000	0.3990680629596114
37400000	0.3879902310255915
37440000	0.3708040975820273
37480000	0.3766217388074845
37520000	0.37893344382308425
37560000	0.4076489516053349
37600000	0.40704195144511757
37640000	0.4122338009566069
37680000	0.3850799911424518
37720000	0.38087169965170325
37760000	0.3651509875344113
37800000	0.3706777422700077
37840000	0.46760805351175366
37880000	0.3897272702401504
37920000	0.47231730699948965
37960000	0.4262121259558946
38000000	0.4242287492111325
38040000	0.4754018689762801
38080000	0.3922480724910274
38120000	0.42128988397512585
38160000	0.3905511139910668
38200000	0.394226431745477
38240000	0.41035836083181204
38280000	0.377747080270946
38320000	0.4691729194995016
38360000	0.40426697251517324
38400000	0.4413864037644118
38440000	0.434803114628233
38480000	0.4347018641654402
38520000	0.4201276393942535
38560000	0.44018062178380785
38600000	0.43420006406921896
38640000	0.47633914166949687
38680000	0.4226423756133765
38720000	0.3824286487597972
38760000	0.4624567941421643
38800000	0.4262969687633216
38840000	0.4210331061113626
38880000	0.45165274296831337
38920000	0.44627934454120693
38960000	0.44565771305616947
39000000	0.45984385525826366
39040000	0.4318794515877962
39080000	0.46401256773415955
39120000	0.3984006055917591
39160000	0.40308944608345626
39200000	0.3799605102209374
39240000	0.42159711234290154
39280000	0.4463793469104916
39320000	0.39441391951236876
39360000	0.40409983765780927
39400000	0.39747500876951963
39440000	0.3962989066295326
39480000	0.3752665667012334
39520000	0.4004361783312634
39560000	0.41730506508331744
39600000	0.4385140166928992
39640000	0.4301169933602214
39680000	0.4406671500982717
39720000	0.43332038938384504
39760000	0.35261983587760476
39800000	0.38628693221453575
39840000	0.4163519449638203
39880000	0.4372365436328575
39920000	0.3651435121707618
39960000	0.41634680843111127
40000000	0.45545276305358856
40040000	0.4223256455272436
40080000	0.42512823272962125
40120000	0.4542097642397508
40160000	0.4728528027104214
40200000	0.4218761367779225
40240000	0.46158020971473307
40280000	0.44621250126957895
40320000	0.41156479709371924
40360000	0.47071059300266205
40400000	0.4198959286266938
40440000	0.3962862305656075
40480000	0.3980262837732211
40520000	0.3894395927434787
40560000	0.3912276994617656
40600000	0.4408237662360072
40640000	0.5368233975386247
40680000	0.5336738239247352
40720000	0.48962071508448574
40760000	0.4881664320925251
40800000	0.5392528194112703
40840000	0.449851587110199
40880000	0.45848466383181513
40920000	0.4986249489421025
40960000	0.5210116756396368
41000000	0.4835724076004699
41040000	0.42399763693939896
41080000	0.43328789498135445
41120000	0.4551087860776111
41160000	0.440589956188947
41200000	0.5028275894841179
41240000	0.47409352776836605
41280000	0.5302444543361664
41320000	0.47941070961449295
41360000	0.4708274844618514
41400000	0.48146865405198186
41440000	0.4839127718627453
41480000	0.5311837470853701
41520000	0.4962902807276696
41560000	0.5047857459124178
41600000	0.5101799253674224
41640000	0.479981924675405
41680000	0.4754655817527324
41720000	0.4870411721520126
41760000	0.49002445710953324
41800000	0.4395084473291412
41840000	0.45004522564783694
41880000	0.4012922562679276
41920000	0.42661917238961905
41960000	0.4814166979059577
42000000	0.5087369783049449
42040000	0.5639332811869681
42080000	0.5153891576420516
42120000	0.4608025784494355
42160000	0.5148567904192954
42200000	0.5354751490632073
42240000	0.49274392127338795
42280000	0.5070657011143863
42320000	0.5301635490899905
42360000	0.49099543691575526
42400000	0.4600142850916833
42440000	0.5148357944207266
42480000	0.48872679097875954
42520000	0.4758393470849842
42560000	0.5025582483023405
42600000	0.46927483314462004
42640000	0.4741237491156906
42680000	0.49844192353375255
42720000	0.49697113699279727
42760000	0.479829060325399
42800000	0.5024019623838365
42840000	0.48103057033233343
42880000	0.4856905249144882
42920000	0.4917919761152938
42960000	0.44790680479593575
43000000	0.456082142534852
43040000	0.4579457308910787
43080000	0.4587688828824088
43120000	0.4558339528158307
43160000	0.4826584179578349
43200000	0.4378548157107085
43240000	0.4594718172052875
43280000	0.48860071263546123
43320000	0.4513912578517571
43360000	0.511772394407168
43400000	0.5200841581245884
43440000	0.5177808511132375
43480000	0.5098204777289181
43520000	0.5405182144120335
43560000	0.48751095710434017
43600000	0.4688179910521954
43640000	0.5020501152073964
43680000	0.4975885905437171
43720000	0.4660042136821896
43760000	0.4448118330007419
43800000	0.4490126755718142
43840000	0.5005799824774265
43880000	0.5108475325299426
43920000	0.5632636025760323
43960000	0.6140767987335101
44000000	0.5867503655830398
44040000	0.6246988576250151
44080000	0.5090527333956212
44120000	0.5025231628257781
44160000	0.48548391241133215
44200000	0.5465119780406356
44240000	0.5188486606100574
44280000	0.5342844289561733
44320000	0.5513618310377002
44360000	0.5160683984152973
44400000	0.5256049235355109
44440000	0.5411877994541079
44480000	0.5391870916757733
44520000	0.5944731334634126
44560000	0.5313730829274281
44600000	0.5615843982873484
44640000	0.5699149841461331
44680000	0.5368280427472666
44720000	0.5339749474646523
44760000	0.5150060124803334
44800000	0.5260328811699525
44840000	0.5086019990628585
44880000	0.5757446270542219
44920000	0.553038954891637
44960000	0.4573809905583039
45000000	0.5256647902127355
45040000	0.616754571146518
45080000	0.5860261840127409
45120000	0.5437415003517643
45160000	0.5452715488919988
45200000	0.5052271050591022
45240000	0.4526605290548876
45280000	0.4372489854728803
45320000	0.5050500321445986
45360000	0.4949153427563608
45400000	0.4738570490509272
45440000	0.5015227893132717
45480000	0.4543774010961875
45520000	0.5084800147492439
45560000	0.5395896062556654
45600000	0.4235375313028693
45640000	0.47738740539159624
45680000	0.49820816625729203
45720000	0.4620513553729281
45760000	0.4948047761635855
45800000	0.48240839111730455
45840000	0.4516499553833157
45880000	0.44229431471582503
45920000	0.5220168491510674
45960000	0.5171206640753895
46000000	0.5226931450465694
46040000	0.4930406780814752
46080000	0.5155539309786633
46120000	0.48349585028160363
46160000	0.4915946077268571
46200000	0.4772504836367443
46240000	0.4561803003001958
46280000	0.46939179691709576
46320000	0.48339123489670455
46360000	0.48296751772239804
46400000	0.5069455952335149
46440000	0.5318202013241127
46480000	0.4946352032750845
46520000	0.5061032208256423
46560000	0.5168987416502089
46600000	0.4706816866207868
46640000	0.4811188444249332
46680000	0.4548857690356672
46720000	0.5092335718974471
46760000	0.47019882800988855
46800000	0.4783436316819861
46840000	0.45871639320142565
46880000	0.4839572919789702
46920000	0.5258943836335093
46960000	0.5411225923608989
47000000	0.5126016648489982
47040000	0.49017763434816153
47080000	0.4846534034671262
47120000	0.5284411251876503
47160000	0.4619716688387096
47200000	0.4734604022078216
47240000	0.46849272284321486
47280000	0.4789704217031598
47320000	0.4636768365759403
47360000	0.4838487337967381
47400000	0.4883866845682263
47440000	0.4760388295829296
47480000	0.5034385585717857
47520000	0.46609883569553495
47560000	0.48270601946860553
47600000	0.48766365381460636
47640000	0.5005119880152866
47680000	0.47977667440529914
47720000	0.448651478087157
47760000	0.45712490181587634
47800000	0.4741861852673814
47840000	0.4606037338476628
47880000	0.4576361009191722
47920000	0.49490139619112017
47960000	0.43385476022288205
48000000	0.4784817285511643
48040000	0.5409718842087313
48080000	0.5219559751529247
48120000	0.6102824051693082
48160000	0.5414825051110238
48200000	0.4771532213617116
48240000	0.5131197762610391
48280000	0.48975937402173875
48320000	0.5241101568501443
48360000	0.49722592749670147
48400000	0.5107757207993417
48440000	0.5314069995965809
48480000	0.5271953049216419
48520000	0.44592318592853847
48560000	0.5662311795607209
48600000	0.5100474448211492
48640000	0.5765543437123298
48680000	0.4556879054252058
48720000	0.4867010086633265
48760000	0.491563700818643
48800000	0.5218754113048315
48840000	0.5429531699780374
48880000	0.4780694243043661
48920000	0.5100157993439585
48960000	0.49194378466978667
49000000	0.4329210151601583
49040000	0.43133383976407347
49080000	0.4598064600545913
49120000	0.5232633436586708
49160000	0.4421075294772163
49200000	0.48226008779481055
49240000	0.44787938743419947
49280000	0.4846422786939889
49320000	0.41571234687790276
49360000	0.41101856885235755
49400000	0.42319037848114965
49440000	0.3680207508748397
49480000	0.37926489777937533
49520000	0.34842008584626016
49560000	0.42542401610054076
49600000	0.3702535996839404
49640000	0.3840422001566738
49680000	0.4005151637267321
49720000	0.44096768225803973
49760000	0.43815879136249425
49800000	0.45719412362836304
49840000	0.45921801150105895
49880000	0.4569817244682461
49920000	0.47167520642615857
49960000	0.46298336811028423
50000000	0.4858301513195038
50040000	0.44909932655766605
50080000	0.5014433263607323
50120000	0.43656590974666176
50160000	0.43017649486809967
50200000	0.48244138177484275
50240000	0.44348659186400474
50280000	0.45924452514387665
50320000	0.45611536823995413
50360000	0.45843080664202573
50400000	0.4651836804751307
50440000	0.4828833099044859
50480000	0.534840461583808
50520000	0.4676143284615129
50560000	0.43562764705121515
50600000	0.4720240185659379
50640000	0.4760598056014627
50680000	0.4798373810831457
50720000	0.4758623778097332
50760000	0.4896255977664143
50800000	0.43451796249076724
50840000	0.4807106362208724
50880000	0.44759972350001337
50920000	0.5144469697110355
50960000	0.4405926457345486
51000000	0.43410836064219477
51040000	0.45396678548678754
51080000	0.45447738632299006
51120000	0.47411261958666145
51160000	0.4601776938684285
51200000	0.461449884147197
51240000	0.4598883075095713
51280000	0.4702368964836001
51320000	0.40376175577007234
51360000	0.46781018997654317
51400000	0.4283271973958239
51440000	0.44911661061644553
51480000	0.4584271551731974
51520000	0.4313637186538428
51560000	0.4719727894090116
51600000	0.45932030044943095
51640000	0.48552003644891084
51680000	0.4694501407984644
51720000	0.4699507815487683
51760000	0.43458509717136623
51800000	0.4513109276879579
51840000	0.4648912601277232
51880000	0.4653022772632539
51920000	0.43163636301234365
51960000	0.45742710370123385
52000000	0.4474698089398444
52040000	0.4449677723392844
52080000	0.45336163559406994
52120000	0.43315570062585174
52160000	0.4128708250671625
52200000	0.4223606581557542
52240000	0.4666006937921047
52280000	0.420069744598493
52320000	0.4477178436987102
52360000	0.4317857712395489
52400000	0.3950977721143514
52440000	0.38642701914682986
52480000	0.40180650856904687
52520000	0.4811121592514217
52560000	0.4273817379007116
52600000	0.407085870859772
52640000	0.3991563443619758
52680000	0.3900363823968917
52720000	0.4616332051392645
52760000	0.3794354687124491
52800000	0.4050649242434651
52840000	0.3717411590065807
52880000	0.40968207125812767
52920000	0.4030276536129415
52960000	0.3891180401686579
53000000	0.4529420809816569
53040000	0.40049976504929363
53080000	0.4534953927922994
53120000	0.4023039879288524
53160000	0.41918808846585454
53200000	0.3722373830804601
53240000	0.3931635895758867
53280000	0.40262227125652134
53320000	0.38745572604928163
53360000	0.3730245346430689
53400000	0.3771959284361452
53440000	0.3495328022081405
53480000	0.3570747851474211
53520000	0.3625441359102726
53560000	0.38002862929850817
53600000	0.38922020600792023
53640000	0.36848013717494904
53680000	0.3959280506420881
53720000	0.3867209406156093
53760000	0.36755669761803
53800000	0.41530839640945194
53840000	0.3806896283309907
53880000	0.38379736143387855
53920000	0.40085364706628024
53960000	0.3649337769754231
54000000	0.35203644516486676
54040000	0.31476444544419646
54080000	0.34295811114236713
54120000	0.3378356383804232
54160000	0.40735672649685295
54200000	0.37411905483920127
54240000	0.3474698601648211
54280000	0.40221561317779125
54320000	0.3685276472732425
54360000	0.42918496473561973
54400000	0.3818385597657412
54440000	0.3850087573226541
54480000	0.4112149579145014
54520000	0.395429021345824
54560000	0.3621075671158731
54600000	0.336520456949994
54640000	0.39526836071945726
54680000	0.382786964241229
54720000	0.3841344250507653
54760000	0.40834487057812513
54800000	0.37023337080068885
54840000	0.37756623226013036
54880000	0.3487225363885984
54920000	0.33526217115223406
54960000	0.35034611479137096
55000000	0.36462439121082424
55040000	0.3855568241942674
55080000	0.37286947851367297
55120000	0.419845401205495
55160000	0.4201771331850439
55200000	0.4058099714672193
55240000	0.37043345005046574
55280000	0.40021429759468885
55320000	0.39994987251125275
55360000	0.35373290521278977
55400000	0.35650963521618395
55440000	0.38888591055143623
55480000	0.3675906138610095
55520000	0.3681801222787239
55560000	0.3218899901404977
55600000	0.3205112532047555
55640000	0.34948258562497797
55680000	0.3467856554675847
55720000	0.38096049823341893
55760000	0.343629100511875
55800000	0.3650155726213008
55840000	0.34077441603373737
55880000	0.31077078214623033
55920000	0.3507785860367119
55960000	0.33653579279482365
56000000	0.3204788892896846
56040000	0.33331662610378116
56080000	0.34799883927591146
56120000	0.30277533314395694
56160000	0.2932678025541827
56200000	0.3085710903828964
56240000	0.3236500009205192
56280000	0.319972128518112
56320000	0.2874908230325207
56360000	0.28998368726335466
56400000	0.2934139001265168
56440000	0.2905576828442514
56480000	0.3182526745606214
56520000	0.33656235505770893
56560000	0.37580375582166015
56600000	0.33901614552047105
56640000	0.32622165449094026
56680000	0.2995429397698492
56720000	0.3121291215509176
56760000	0.3428604479821399
56800000	0.3264777024963871
56840000	0.2936133339976892
56880000	0.27845320664625617
56920000	0.3040310223216191
56960000	0.27024642321541903
57000000	0.29913937714733185
57040000	0.30408562647663057
57080000	0.3060533881753683
57120000	0.3466304160280153
57160000	0.34437606657110154
57200000	0.3586613681908697
57240000	0.32205223403591665
57280000	0.3285822314098477
57320000	0.32554752427041533
57360000	0.3661111013252288
57400000	0.3283230581969023
57440000	0.320273090880923
57480000	0.34752530125994235
57520000	0.3435759486259893
57560000	0.34987583103561776
57600000	0.40276113582681866
57640000	0.3521610203128308
57680000	0.3334432029062882
57720000	0.3367309597991407
57760000	0.3282630832603201
57800000	0.36181229784935715
57840000	0.3989678242083639
57880000	0.35939277865123004
57920000	0.36591851007528603
57960000	0.3195060662250966
58000000	0.3891115026546642
58040000	0.3856805550349876
58080000	0.3543119691681117
58120000	0.37717996811904014
58160000	0.37458249268755317
58200000	0.3661156396714971
58240000	0.3578796023661271
58280000	0.3543016790956259
58320000	0.3824127945641056
58360000	0.3276578082382679
58400000	0.28294134062454107
58440000	0.3317289675628766
58480000	0.3490048438331112
58520000	0.2999051258418709
58560000	0.34743671318925917
58600000	0.3652805181164295
58640000	0.33946203741896896
58680000	0.3487325411023572
58720000	0.34688719515912236
58760000	0.36555805749669673
58800000	0.3190872877376154
58840000	0.34073750600600616
58880000	0.29430491470731796
58920000	0.37024465207587925
58960000	0.3203405069399625
59000000	0.344257904291898
59040000	0.34321028369925916
59080000	0.3163191622130573
59120000	0.36099101218860596
59160000	0.369831203998439
59200000	0.3972046649299562
59240000	0.35759991694111376
59280000	0.3617436623096466
59320000	0.3745869301915169
59360000	0.3358566420309246
59400000	0.3680775923717767
59440000	0.3417948547882959
59480000	0.35482055516969413
59520000	0.34344858058523386
59560000	0.35872613200098274
59600000	0.33501050143074246
59640000	0.3395027022285387
59680000	0.35812818513810635
59720000	0.33763302597198636
59760000	0.34146760654244573
59800000	0.3608020225489512
59840000	0.3953063498435542
59880000	0.39071089387033137
59920000	0.3853997034566477
59960000	0.36087462359033523
60000000	0.3202143226800486
60040000	0.33584525849446656
60080000	0.3551938184896484
60120000	0.3109780870100483
60160000	0.3291761590188369
60200000	0.31273491852190344
60240000	0.31858066203631463
60280000	0.3416237893117592
60320000	0.3012173139834777
60360000	0.2914189027192071
60400000	0.3461943929940462
60440000	0.375453960163705
60480000	0.3324491232316941
60520000	0.32923595182485876
60560000	0.3948117312710732
60600000	0.4340166944684461
60640000	0.35022739561740307
60680000	0.41507746646869925
60720000	0.3828264288617298
60760000	0.41599229619577527
60800000	0.407498867348209
60840000	0.43723004992175846
60880000	0.36703749236594885
60920000	0.4193661269906908
60960000	0.396526624776423
61000000	0.454878692920506
61040000	0.45833831939604136
61080000	0.3725791896250099
61120000	0.4460253661328927
61160000	0.4096798395412043
61200000	0.43991519505679605
61240000	0.47156551977898925
61280000	0.4494491060484201
61320000	0.458140798066929
61360000	0.4299013501327485
61400000	0.4691827342458069
61440000	0.4237170821283013
61480000	0.4675686604868621
61520000	0.459542820504494
61560000	0.41151495424844325
61600000	0.5135470450062305
61640000	0.4718576085017994
61680000	0.44660641429964454
61720000	0.41981870167292656
61760000	0.43946598777137696
61800000	0.4247325489450246
61840000	0.42484253394622357
61880000	0.4034432701773942
61920000	0.4448071384180337
61960000	0.417736996454373
62000000	0.43173760043177756
62040000	0.43980884457398206
62080000	0.37646047611739486
62120000	0.39290147630702704
62160000	0.42623713151142
62200000	0.4390613306883723
62240000	0.40417908367663624
62280000	0.39976084470227363
62320000	0.36667914837580173
62360000	0.3933473242864013
62400000	0.4414627302635461
62440000	0.4530288817599416
62480000	0.42874301293753087
62520000	0.4494266179561615
62560000	0.4700456540171057
62600000	0.43093506701830775
62640000	0.49805635780151936
62680000	0.45774941928144547
62720000	0.43738370129968973
62760000	0.4098014624401927
62800000	0.44344290024340155
62840000	0.44985018580518665
62880000	0.42720274202525615
62920000	0.5016250421745703
62960000	0.43546950811482965
63000000	0.4801771944075823
63040000	0.49473507981188597
63080000	0.4822634204780683
63120000	0.49805231960527596
63160000	0.4390826203489676
63200000	0.4995987004460767
63240000	0.45930298239067197
63280000	0.4399245111387223
63320000	0.45409951018039135
63360000	0.5175090865831822
63400000	0.5237728135000914
63440000	0.47765483536347747
63480000	0.4466914370721206
63520000	0.4989000151064247
63560000	0.4363141757177189
63600000	0.5232250993451104
63640000	0.46810122540220617
63680000	0.42692970274500547
63720000	0.515920656341128
63760000	0.47408973740302024
63800000	0.4961343955406919
63840000	0.5251755884068087
63880000	0.5091832767507062
63920000	0.45900858214814216
63960000	0.5283859350893646
64000000	0.504236361304298
64040000	0.5479173333944752
64080000	0.5601123475495726
64120000	0.5433653119230643
64160000	0.5231754168026149
64200000	0.5294145174976438
64240000	0.4424757533699274
64280000	0.4988785961976275
64320000	0.4952833074040711
64360000	0.46778926180619745
64400000	0.4906653622603044
64440000	0.5359323216648773
64480000	0.4785663962773979
64520000	0.4647218844944611
64560000	0.4563055538812652
64600000	0.43854527742378413
64640000	0.43249552036188543
64680000	0.4324160565337166
64720000	0.43805288424063477
64760000	0.39537583260703835
64800000	0.36653465593438594
64840000	0.323682340490818
64880000	0.3750733268911019
64920000	0.4135729172097519
64960000	0.369778669122234
65000000	0.3494441715961322
65040000	0.366289512407966
65080000	0.31787429852690546
65120000	0.33413258091956377
65160000	0.34407161305211487
65200000	0.31545580170974136
65240000	0.3399891037447378
65280000	0.3027239295847714
65320000	0.307997461828962
65360000	0.3256670598920435
65400000	0.3109784090068191
65440000	0.2911955622157082
65480000	0.2774109920408577
65520000	0.3004715443611145
65560000	0.28524820734858514
65600000	0.29115870078969747
65640000	0.34442274962253866
65680000	0.2795816838555038
65720000	0.31919578286260364
65760000	0.323499229750596
65800000	0.3444673467537388
65840000	0.3201385260252282
65880000	0.3017279037657194
65920000	0.34462779840584845
65960000	0.3670457556497306
66000000	0.3065869408637285
66040000	0.3181610639002174
66080000	0.3189021686131135
66120000	0.32017065627537666
66160000	0.2931670301428065
66200000	0.3069259560668841
66240000	0.33984982620012016
66280000	0.33343328865487126
66320000	0.36301133550237863
66360000	0.32330753511600197
66400000	0.3188750790353864
66440000	0.33255460194665937
66480000	0.32357289600484074
66520000	0.31987598416116086
66560000	0.3730444534763694
66600000	0.3343215213453397
66640000	0.3366552547721192
66680000	0.39172478258386256
66720000	0.39158477550465615
66760000	0.38817351536322386
66800000	0.4336114633644
66840000	0.4238299747977406
66880000	0.4558189471904188
66920000	0.3673514563182369
66960000	0.38026968864277005
67000000	0.41267978100832553
67040000	0.34768800487034024
67080000	0.3706335071235895
67120000	0.417955707795918
67160000	0.41648917397093027
67200000	0.34179868636000904
67240000	0.35778459026925263
67280000	0.3732624129448086
67320000	0.344918458641693
67360000	0.35257631681151685
67400000	0.3077200000323355
67440000	0.32559754456840456
67480000	0.30431129357460884
67520000	0.30838587554330005
67560000	0.2699154824204743
67600000	0.2907394609825686
67640000	0.2905028504632413
67680000	0.3298781306076795
67720000	0.3462143782954663
67760000	0.32525754751637576
67800000	0.331480441615358
67840000	0.3063944750485942
67880000	0.34049865647200495
67920000	0.3039254424583167
67960000	0.32215958653073756
68000000	0.2905859027918428
68040000	0.28132613885272295
68080000	0.26522091352418065
68120000	0.27529495456144215
68160000	0.269104495941475
68200000	0.30967570786941795
68240000	0.3059078592034057
68280000	0.27201424567997456
68320000	0.30626014776658267
68360000	0.3468056223552674
68400000	0.32927852409612385
68440000	0.28560455916617067
68480000	0.31169760092049836
68520000	0.27972341334046796
68560000	0.28482222501188514
68600000	0.27256854363624006
68640000	0.3150030880264938
68680000	0.3063961519982666
68720000	0.2981099213724956
68760000	0.32113612767960875
68800000	0.3431779993273318
68840000	0.3224985124643892
68880000	0.36247974556162954
68920000	0.28657357503362
68960000	0.2870697155529633
69000000	0.25486068751849233
69040000	0.29723876382103187
69080000	0.29212011715909464
69120000	0.2732451137329452
69160000	0.2817839074751362
69200000	0.31170916510298846
69240000	0.2937178020088002
69280000	0.29395366218071434
69320000	0.2850435297219083
69360000	0.3118806021744385
69400000	0.2906318877832964
69440000	0.30141971194688233
69480000	0.30902943307328967
69520000	0.32726320721749214
69560000	0.34605252420529725
69600000	0.3335719787476584
69640000	0.2967542571557686
69680000	0.3327079232711345
69720000	0.30419960563331844
69760000	0.34591378066390754
69800000	0.27978783199768514
69840000	0.3567260647507384
69880000	0.3828826588185504
69920000	0.3537492293057032
69960000	0.3923608559845947
70000000	0.40020521863307806
70040000	0.35543630080725996
70080000	0.3857716965386644
70120000	0.40847225131373854
70160000	0.37285150194559247
70200000	0.38139255417156964
70240000	0.4080650179432705
70280000	0.4533017258361913
70320000	0.5065295301151462
70360000	0.5150059210220351
70400000	0.5629054612554609
70440000	0.5152163819586858
70480000	0.4691502263901755
70520000	0.4201127083153464
70560000	0.421653318307735
70600000	0.4119230119338259
70640000	0.41464612085102126
70680000	0.3754068294577301
70720000	0.3673161000141874
70760000	0.36045750844180585
70800000	0.35935985650122165
70840000	0.3738581812825054
70880000	0.3774786340261809
70920000	0.37757000110968947
70960000	0.4430450791735202
71000000	0.3995789862008765
71040000	0.4081238019892946
71080000	0.4515931017011404
71120000	0.41407995551582427
71160000	0.3890353410778567
71200000	0.37605501750940457
71240000	0.36867054944075645
71280000	0.37742033639773725
71320000	0.33051075414344666
71360000	0.34569672152912245
71400000	0.35893411520719526
71440000	0.37499996589114887
71480000	0.36652657205453143
71520000	0.3654732441196218
71560000	0.3413277068631724
71600000	0.3466410352579318
71640000	0.337597392831929
71680000	0.4153175839016214
71720000	0.40760773963192476
71760000	0.38542013285746796
71800000	0.4040802633099258
71840000	0.3590884246572852
71880000	0.3608166826225817
71920000	0.3844116951325908
71960000	0.3633720828095451
72000000	0.3880553993648849
72040000	0.3588804428959265
72080000	0.36087408615499733
72120000	0.3843501588519663
72160000	0.33876381429582836
72200000	0.30970628842934966
72240000	0.3012169145885855
72280000	0.2864396523406729
72320000	0.29468521351311355
72360000	0.3408033056842163
72400000	0.3102922417651862
72440000	0.29557757979109883
72480000	0.28985098713897167
72520000	0.30347763775568454
72560000	0.32387528054481374
72600000	0.34562116930875925
72640000	0.2916366686934605
72680000	0.3180875268127769
72720000	0.31425074578579515
72760000	0.3104374319110066
72800000	0.3370136284271255
72840000	0.3532291249014437
72880000	0.3264144244134426
72920000	0.35591008644737304
72960000	0.31540911543369293
73000000	0.34582862167432904
73040000	0.348493771247007
73080000	0.33196885753385724
73120000	0.33610543303433804
73160000	0.3875062823386863
73200000	0.33233595196502286
73240000	0.369855867289938
73280000	0.3839940874205902
73320000	0.37242810692172496
73360000	0.3699592622762546
73400000	0.36840342176379637
73440000	0.43745247400105
73480000	0.3523090978233144
73520000	0.3068074369058013
73560000	0.38308677975349126
73600000	0.38047448892463
73640000	0.36193076720414685
73680000	0.337550029233098
73720000	0.3482324663454667
73760000	0.34609765009954574
73800000	0.3682665343362838
73840000	0.3791998509116471
73880000	0.3882208379423246
73920000	0.34987834375174715
73960000	0.3523623585948721
74000000	0.370934707791917
74040000	0.3566086196731776
74080000	0.3221207942103967
74120000	0.33256658245986326
74160000	0.3451638675948605
74200000	0.4211218559560366
74240000	0.35103431603405627
74280000	0.41439468324314804
74320000	0.3639117436259985
74360000	0.38888291329070923
74400000	0.36341308828573676
74440000	0.37519646412953733
74480000	0.3277634477639571
74520000	0.38020370819028465
74560000	0.3260049087593332
74600000	0.3274419204182923
74640000	0.3205403064128011
74680000	0.34060710725132376
74720000	0.3408159589434043
74760000	0.3513266299953684
74800000	0.34800714535918087
74840000	0.2717777911256999
74880000	0.32982801046157256
74920000	0.327275081060268
74960000	0.3600984454547055
75000000	0.32309240756984803
75040000	0.3221955601049587
75080000	0.3117297409761697
75120000	0.2813742425646633
75160000	0.29397324974127115
75200000	0.287279611672461
75240000	0.3144763756618835
75280000	0.3099287679515779
75320000	0.2821290604259819
75360000	0.3119075268169865
75400000	0.2893814086692408
75440000	0.30471053262203934
75480000	0.2891474837772548
75520000	0.24416885001864283
75560000	0.28938477508984506
75600000	0.27358074613865463
75640000	0.27344508791454136
75680000	0.2972416281292215
75720000	0.2792023553961888
75760000	0.2863799174157903
75800000	0.28347108576539903
75840000	0.32484473289474847
75880000	0.35726315516550095
75920000	0.2980873852185905
75960000	0.30313161966577173
76000000	0.3145061016392894
76040000	0.2789220429304987
76080000	0.28047705658366906
76120000	0.30182378318021075
76160000	0.24713539699688553
76200000	0.26535935610421
76240000	0.23856851006671786
76280000	0.23027962732817978
76320000	0.2715679103318602
76360000	0.2547542214594781
76400000	0.24304157453365624
76440000	0.2524748126009479
76480000	0.2621276980483904
76520000	0.24526005363203585
76560000	0.23127898331945762
76600000	0.22365874038636685
76640000	0.23872564633507282
76680000	0.22051223766440525
76720000	0.21308447283543647
76760000	0.22481579327322543
76800000	0.2556091051807627
76840000	0.23607197592034937
76880000	0.24213769813198596
76920000	0.22979220329783856
76960000	0.21800800268482418
77000000	0.2468351090511307
77040000	0.22975206742417068
77080000	0.23310230004750193
77120000	0.23272650769539177
77160000	0.24124156677704303
77200000	0.2241534290793352
77240000	0.21243842733921484
77280000	0.2639334804147482
77320000	0.24016750501114875
77360000	0.2538681904831901
77400000	0.24046339166667313
77440000	0.2230609410148114
77480000	0.220202766732499
77520000	0.24764196973051875
77560000	0.2555415041966364
77600000	0.25172390446960924
77640000	0.22473465594127776
77680000	0.21027322095166892
77720000	0.23317427314389497
77760000	0.22753878180868925
77800000	0.22915785220712423
77840000	0.23968952071834357
77880000	0.23500145848374815
77920000	0.19852069175206125
77960000	0.19539003778267652
78000000	0.2506374972660094
78040000	0.2419529137397185
78080000	0.23299062225911765
78120000	0.20274994289260356
78160000	0.23454592078151182
78200000	0.2074088191477582
78240000	0.20348085048310458
78280000	0.24735485160630197
78320000	0.28653258751202376
78360000	0.2808297788195312
78400000	0.30121182389315215
78440000	0.320307914432697
78480000	0.3029217633441091
78520000	0.2726932561548427
78560000	0.33588977019647137
78600000	0.3000043090227991
78640000	0.30508534151036293
78680000	0.31340865868069234
78720000	0.2847410002665594
78760000	0.29495941242277623
78800000	0.2712645691068843
78840000	0.3042171154290438
78880000	0.31767620183899997
78920000	0.30271882249917836
78960000	0.2767928039928898
79000000	0.27435989051889625
79040000	0.2984174634787254
79080000	0.3476603428808972
79120000	0.34623341201003643
79160000	0.2622941315630451
79200000	0.3193197699571028
79240000	0.3088916065307334
79280000	0.36052142900405454
79320000	0.2852316875532269
79360000	0.25482328418139366
79400000	0.2627354014467448
79440000	0.30287995148412883
79480000	0.30311119072511794
79520000	0.2823833216521889
79560000	0.3122110749715008
79600000	0.33112310951203106
79640000	0.3254991354308091
79680000	0.27953512725299223
79720000	0.30806788628436627
79760000	0.30874277300070974
79800000	0.32679046605546025
79840000	0.31991199883408844
79880000	0.29837188166463746
79920000	0.3037742050625384
79960000	0.32261766789592805
80000000	0.33640150565579535
80040000	0.2805218519972637
80080000	0.28707394967805594
80120000	0.2994990922004916
80160000	0.2688694075131789
80200000	0.31526247193962337
80240000	0.27999845850290733
80280000	0.30206509826751426
80320000	0.2624077372154221
80360000	0.2794982394297607
80400000	0.2735021702326834
80440000	0.25919350952599196
80480000	0.2609562933051959
80520000	0.30214704704098405
80560000	0.28753496277481316
80600000	0.257945884523727
80640000	0.3033112831780687
80680000	0.2730431770468131
80720000	0.28583055649269373
80760000	0.29083656636811794
80800000	0.297176556383539
80840000	0.2846092182606459
80880000	0.3043121976929717
80920000	0.2617954028831795
80960000	0.3092079795241356
81000000	0.26075746547067535
81040000	0.2728491319101304
81080000	0.2816237737696618
81120000	0.33569786064103246
81160000	0.29732560348957776
81200000	0.2981170385662466
81240000	0.32639050055053087
81280000	0.3408076731359586
81320000	0.2840608181010932
81360000	0.30389579246137294
81400000	0.28768321778699757
81440000	0.3284636896422133
81480000	0.3106224743138999
81520000	0.3283631320944056
81560000	0.2911210204401985
81600000	0.3202467528053559
81640000	0.3052660923235118
81680000	0.3239379469741136
81720000	0.3455239315094426
81760000	0.2895557707640342
81800000	0.337618730709888
81840000	0.2945480967006646
81880000	0.2972982156870887
81920000	0.31896428342023864
81960000	0.29372210965389384
82000000	0.28881775069488214
82040000	0.25742072647996245
82080000	0.29709186649732294
82120000	0.32196728067491204
82160000	0.3197051651943475
82200000	0.307023210522905
82240000	0.30499513344783336
82280000	0.30766119680721316
82320000	0.28633074320275337
82360000	0.2591615510499105
82400000	0.2965897677003406
82440000	0.25625342105701565
82480000	0.29803183697592467
82520000	0.26769661302175374
82560000	0.21983166733663528
82600000	0.32136931395344437
82640000	0.2908640834658407
82680000	0.3061884657708928
82720000	0.3084781818252057
82760000	0.35256691395845263
82800000	0.29036232763733716
82840000	0.35243480143714695
82880000	0.3298262395814061
82920000	0.30221661855839194
82960000	0.3011071979262866
83000000	0.3333768107004464
83040000	0.3218597877236083
83080000	0.3585692389478907
83120000	0.33246858168719334
83160000	0.2852119024705142
83200000	0.2736796059653163
83240000	0.2579195148743689
83280000	0.27813307878319177
83320000	0.28949495264329017
83360000	0.2778899052452296
83400000	0.25555934190638363
83440000	0.27800113311521707
83480000	0.27859169878233225
83520000	0.2950539891824126
83560000	0.27488586339466275
83600000	0.3133493293784559
83640000	0.2778305659240112
83680000	0.3174551459558308
83720000	0.3093159243442118
83760000	0.32161478185001763
83800000	0.30058090594550596
83840000	0.28496169415190814
83880000	0.2923090407013893
83920000	0.30332733747437596
83960000	0.29096973146442323
84000000	0.24569928381126374
84040000	0.2761882485835813
84080000	0.28198364716675134
84120000	0.2706815218765289
84160000	0.26847509930878877
84200000	0.26312475460097196
84240000	0.28692167426869275
84280000	0.3230214328020811
84320000	0.3296558476338163
84360000	0.2883635940585285
84400000	0.23725699572470038
84440000	0.31856768837831917
84480000	0.2949270495245233
84520000	0.23343226575721054
84560000	0.29886724094301464
84600000	0.28704498409554363
84640000	0.2850338817805052
84680000	0.28242650837171823
84720000	0.3102690849026665
84760000	0.2518139865517616
84800000	0.26837990737315265
84840000	0.28844877154529097
84880000	0.2559907703338191
84920000	0.2964978700518608
84960000	0.28997195758428423
85000000	0.24756359269022943
85040000	0.2578220855159685
85080000	0.29519395589586345
85120000	0.2982494481178001
85160000	0.31949089404568076
85200000	0.2912357353495434
85240000	0.31508330564945936
85280000	0.2635190212868154
85320000	0.27077208569105715
85360000	0.28652998013347386
85400000	0.2794212103409693
85440000	0.2565603819672018
85480000	0.26969343795850875
85520000	0.2653786837298423
85560000	0.26840075987279416
85600000	0.2787282328698784
85640000	0.2862790048338473
85680000	0.3046065261950716
85720000	0.3025583150980994
85760000	0.3211495295602828
85800000	0.285730422212556
85840000	0.28867173068989066
85880000	0.30998114942759275
85920000	0.32680099308472127
85960000	0.33442649414315817
86000000	0.3323201568543911
86040000	0.34597775945160536
86080000	0.33140023725833745
86120000	0.308709930909425
86160000	0.3032295422719792
86200000	0.29007280056364837
86240000	0.3248598916107789
86280000	0.3159949854142964
86320000	0.300525003727898
86360000	0.30983002202808857
86400000	0.3334285498410463
86440000	0.32052888375073674
86480000	0.3065174398958683
86520000	0.32093758100103587
86560000	0.3355347231587395
86600000	0.3505484290810302
86640000	0.3258322970859706
86680000	0.32754838044270873
86720000	0.292883487470448
86760000	0.32680307008586823
86800000	0.33636210972331465
86840000	0.3286186102423817
86880000	0.30926426520403477
86920000	0.2793657370300964
86960000	0.33133165244311097
87000000	0.3153254002131522
87040000	0.2983929025385529
87080000	0.34131388185210526
87120000	0.3516408744223416
87160000	0.31795043017379937
87200000	0.3367793105404824
87240000	0.35206290048621597
87280000	0.34557727979421615
87320000	0.32527309343889355
87360000	0.317745831903629
87400000	0.3412604859886691
87440000	0.3106661923393607
87480000	0.3440167923754081
87520000	0.3280175182554871
87560000	0.3504308814935386
87600000	0.32941860873065887
87640000	0.36550584202706815
87680000	0.3571600096862763
87720000	0.36318849378079177
87760000	0.3858802973587066
87800000	0.34242348637990655
87840000	0.37176717198695985
87880000	0.38969359445646407
87920000	0.4122305228769779
87960000	0.3926373744551092
88000000	0.42142324472814796
88040000	0.4273066603127867
88080000	0.3918905828263611
88120000	0.38696863713208585
88160000	0.4140843911988661
88200000	0.39573767229765655
88240000	0.4048914359452203
88280000	0.39921320397630333
88320000	0.42701271958816794
88360000	0.41480484686233104
88400000	0.4019448302149773
88440000	0.39387248269058767
88480000	0.4167613313473761
88520000	0.38673109889402985
88560000	0.3895678451605141
88600000	0.3895796480502933
88640000	0.36806140305716545
88680000	0.40444683735743164
88720000	0.35663232558481395
88760000	0.3600103355739266
88800000	0.403433130024001
88840000	0.3696033979818225
88880000	0.3733491023879498
88920000	0.3904928526312113
88960000	0.38449731560871003
89000000	0.38684931438826026
89040000	0.35815850534811616
89080000	0.3978774975758046
89120000	0.42046606471687553
89160000	0.43039982347488404
89200000	0.3912613766483963
89240000	0.41423594789989293
89280000	0.41763765019997956
89320000	0.3950480844888836
89360000	0.4322573592185974
89400000	0.41571175512075426
89440000	0.40896565720364453
89480000	0.41680439197197555
89520000	0.40068357262164356
89560000	0.4151090501282364
89600000	0.38987715169601145
89640000	0.4088163375928998
89680000	0.46096712942868473
89720000	0.41103538824617863
89760000	0.39574007328003646
89800000	0.3826282176097855
89840000	0.41369989366270604
89880000	0.44818286183550954
89920000	0.41849104849919677
89960000	0.3755600684672594
90000000	0.36732879824489356
90040000	0.4074752203825861
90080000	0.3975491870153695
90120000	0.38792229252196847
90160000	0.32384545872025194
90200000	0.3571112060196698
90240000	0.3769164767626673
90280000	0.3392727932035923
90320000	0.33132749207019807
90360000	0.32923652587868274
90400000	0.3293373855963349
90440000	0.332482368972525
90480000	0.3436854460153729
90520000	0.3252623692560941
90560000	0.3668767559831962
90600000	0.36192188411690296
90640000	0.34140060715451837
90680000	0.35140956417694685
90720000	0.3565874734725803
90760000	0.36487513399906457
90800000	0.35424536881223323
90840000	0.3537464884147048
90880000	0.3709776908405125
90920000	0.3345379972409457
90960000	0.3703638576343656
91000000	0.39058246725387874
91040000	0.4128423928434029
91080000	0.394086072069779
91120000	0.3940722289979458
91160000	0.40337012209929524
91200000	0.385338735351339
91240000	0.3766178521914408
91280000	0.41235706430859864
91320000	0.38084576144963506
91360000	0.33124631914515046
91400000	0.3506991703864187
91440000	0.3287207787238061
91480000	0.3240270293619484
91520000	0.3349796445608139
91560000	0.32658685794249176
91600000	0.3076345062375069
91640000	0.31419491293076424
91680000	0.2916018037702888
91720000	0.27826593291312457
91760000	0.2782556558471173
91800000	0.2796531503107399
91840000	0.2905762912910432
91880000	0.29496298953816297
91920000	0.2812983018167317
91960000	0.26777308687120677
92000000	0.2889126206573099
92040000	0.2442587032534182
92080000	0.28789620347246525
92120000	0.284817569562234
92160000	0.26865802658610044
92200000	0.30515356344655153
92240000	0.3439636998027563
92280000	0.32474710668809714
92320000	0.3308954434156418
92360000	0.30266099624820053
92400000	0.3670715592097491
92440000	0.3700647130519152
92480000	0.3559241186540574
92520000	0.29690603757724165
92560000	0.34095876718983054
92600000	0.3158859967906028
92640000	0.3386735086625442
92680000	0.29893121825233104
92720000	0.33246289515942334
92760000	0.3230540221452713
92800000	0.2876401929523796
92840000	0.3247209561994299
92880000	0.2904303473293781
92920000	0.2879550963683054
92960000	0.3123395114503801
93000000	0.30649879708141087
93040000	0.30365303876828403
93080000	0.2772686271438375
93120000	0.2920875991810113
93160000	0.322172921962291
93200000	0.336932018218562
93240000	0.31644982723426074
93280000	0.30954720766842364
93320000	0.286703395725973
93360000	0.32761721505299213
93400000	0.2698484052203596
93440000	0.3215567515328526
93480000	0.2629762293752283
93520000	0.2784513394165784
93560000	0.27781117563433944
93600000	0.2941338564179838
93640000	0.27670533650666473
93680000	0.2659486562937498
93720000	0.27538391368985177
93760000	0.27957634989619257
93800000	0.2672559672076255
93840000	0.2794291207561269
93880000	0.2641462629918009
93920000	0.2511807593729347
93960000	0.2712635221764445
94000000	0.2788560982564464
94040000	0.26710747452992945
94080000	0.26825939706861973
94120000	0.26077961258273574
94160000	0.2822990187915042
94200000	0.27428497930113227
94240000	0.2656833215795457
94280000	0.24251554741021245
94320000	0.24691747382245957
94360000	0.2722813613507897
94400000	0.28531922441292557
94440000	0.26667413858566436
94480000	0.2715841721482575
94520000	0.25796940564271065
94560000	0.26402664477992804
94600000	0.25270508509241046
94640000	0.25480337292514743
94680000	0.23543855836093425
94720000	0.2591472364643589
94760000	0.2314120981734246
94800000	0.2629109031200409
94840000	0.2527775348676369
94880000	0.23404565513487904
94920000	0.2543542868806049
94960000	0.232849664927274
95000000	0.23800355033036322
95040000	0.23522201415281743
95080000	0.24452624248806387
95120000	0.2527921540008858
95160000	0.2467842091936618
95200000	0.23707625610213726
95240000	0.21575805454067887
95280000	0.2481278959522024
95320000	0.2504857817552984
95360000	0.2544743208352476
95400000	0.2503519492195919
95440000	0.24926740333829076
95480000	0.2618256594574079
95520000	0.2718636456854641
95560000	0.249560570252873
95600000	0.2579704120377079
95640000	0.31563124789427965
95680000	0.27274789332468063
95720000	0.28101862653177234
95760000	0.30404334809836
95800000	0.3121076260875911
95840000	0.282975203268975
95880000	0.30546962776072323
95920000	0.2988323641905561
95960000	0.2864331372780725
96000000	0.29545538171697405
96040000	0.2853193789038807
96080000	0.30463931972067804
96120000	0.2926471631934866
96160000	0.2964815156970173
96200000	0.29655063986964525
96240000	0.2793245588570833
96280000	0.3121473050337285
96320000	0.27628261397704484
96360000	0.2977908134786412
96400000	0.30661511499732735
96440000	0.286770138676092
96480000	0.30889374042749407
96520000	0.29939589455295357
96560000	0.28549716907637196
96600000	0.31354292061515154
96640000	0.30898145877830685
96680000	0.32505488633411006
96720000	0.29040233569461854
96760000	0.28883943096566944
96800000	0.32056481510270385
96840000	0.30046428156550975
96880000	0.33735081694144753
96920000	0.2980462680570781
96960000	0.3118104205479845
97000000	0.3307954020574689
97040000	0.32429134330404924
97080000	0.3039639846066013
97120000	0.28090269015319647
97160000	0.3241889803217724
97200000	0.3137681686019525
97240000	0.2744967655470595
97280000	0.27261437592636795
97320000	0.3243299952365458
97360000	0.3399353654844686
97400000	0.37979758285377174
97440000	0.3781040564401075
97480000	0.35717596200332047
97520000	0.291632669073157
97560000	0.314611791674234
97600000	0.30486200779210776
97640000	0.31375008400063964
97680000	0.30663429754171523
97720000	0.3337342736022547
97760000	0.2900533141117543
97800000	0.3156356251016259
97840000	0.30942310152407737
97880000	0.342133250763081
97920000	0.3761350598469377
97960000	0.3919150872521102
98000000	0.32406103580035267
98040000	0.3373403997339308
98080000	0.33189657479878515
98120000	0.33710265074390916
98160000	0.3329571904184297
98200000	0.3600900750745088
98240000	0.35784565195869655
98280000	0.3577372800508514
98320000	0.3430297273028642
98360000	0.33185058007575574
98400000	0.33977019064147024
98440000	0.3687555531622842
98480000	0.2901642706550658
98520000	0.2997314560197294
98560000	0.33836145626101644
98600000	0.32817529178708793
98640000	0.3253909260056913
98680000	0.2923363539531827
98720000	0.3138543354323134
98760000	0.25785390842184425
98800000	0.2946478167360648
98840000	0.3206317416096106
98880000	0.2991374851625413
98920000	0.3056136895092204
98960000	0.28825400304999205
99000000	0.2602516892494634
99040000	0.2748901194864884
99080000	0.2970829329427332
99120000	0.31429161611963063
99160000	0.29330128910783676
99200000	0.2867444451900199
99240000	0.30002285487446934
99280000	0.26341301347725093
99320000	0.2943497961908579
99360000	0.2903724809110165
99400000	0.3037670260578394
99440000	0.31673919528964906
99480000	0.2790769099667668
99520000	0.29760809964835644
99560000	0.3158163562476635
99600000	0.29251319631841033
99640000	0.3119458467243239
99680000	0.2640381301764399
99720000	0.279120571259968
99760000	0.310025594638288
99800000	0.2867723089447245
99840000	0.2742361003320664
99880000	0.313191488648206
99920000	0.2641104271011427
99960000	0.29644984070621433
100000000	0.27674596125371753
