240000	0.39158389574885366
280000	24.33029903049916
320000	430.9695083265185
360000	5686.8110850875855
400000	53196.74400578613
440000	152249.67756269532
480000	313088.35239375
520000	405325.51144951175
560000	360107.9245114258
600000	206297.32115
640000	90018.61602946777
680000	30953.729568461607
720000	8138.861850117492
760000	9083.803297868348
800000	9217.09980495262
840000	2551.225533334732
880000	559.3685609931468
920000	118.3658420640707
960000	148.9664533199787
1000000	42.509576604151725
1040000	33.591421906924246
1080000	121.95644930152893
1120000	1447.0793070926666
1160000	25242.129362420656
1200000	396158.6591290039
1240000	2846202.9549703123
1280000	11187738.0100875
1320000	29189612.453575
1360000	81502711.4852
1400000	203735125.277
1440000	375032952.1344
1480000	501477084.1888
1520000	623226426.096
1560000	645122605.1664
1600000	581474720.0896
1640000	589060157.5216
1680000	745373900.58
1720000	1868378354.336
1760000	4082986109.1904
1800000	6380566330.3488
1840000	6860146309.376
1880000	6233602310.2464
1920000	4142668002.2208
1960000	2760072747.5168
2000000	2201704096.3888
2040000	1904333659.0416
2080000	1602898946.3888
2120000	1048640026.9664
2160000	642186103.8168
2200000	476788081.3754
2240000	435143261.844
2280000	409850205.6308
2320000	256098900.1152
2360000	142969997.868
2400000	96456181.5595
2440000	65389574.399025
2480000	45198172.379025
2520000	27307001.4334625
2560000	9970440.388475
2600000	2988675.211990625
2640000	2580024.1400390626
2680000	2066563.8988546876
2720000	2000968.4054703126
2760000	1685593.0981960937
2800000	3787210.4668234377
2840000	2034050.8072671874
2880000	1008236.29473125
2920000	798068.632953125
2960000	443842.5545578125
3000000	224202.44730625
3040000	180239.93101328125
3080000	113184.01266992188
3120000	73120.60253984375
3160000	44086.99835556641
3200000	46547.79485625
3240000	38821.5868625
3280000	29095.397935058594
3320000	24898.74713659668
3360000	24732.10491575928
3400000	22382.84710715332
3440000	18839.07062504883
3480000	28953.22837661133
3520000	36869.00876459961
3560000	25426.954130895996
3600000	8770.53154017334
3640000	8184.017930981446
3680000	6444.9398371643065
3720000	4928.583576654053
3760000	3153.6544951751707
3800000	2326.7498508636477
3840000	2077.1660066192626
3880000	2346.496364752197
3920000	1916.6560386444091
3960000	2266.9706992736815
4000000	3378.050798049927
4040000	6785.385638998413
4080000	2950.7008771369933
4120000	1839.4280798980712
4160000	2066.6277108131408
4200000	1104.4659403671264
4240000	1584.1886362022399
4280000	1555.654465668106
4320000	1581.7236439586638
4360000	1421.7772206842421
4400000	725.3948700021743
4440000	308.88200030155184
4480000	322.364355044651
4520000	263.4808491521835
4560000	190.0477550142288
4600000	143.11718751339913
4640000	115.87037177901269
4680000	103.71181311974526
4720000	164.44080138511657
4760000	76.9085819381237
4800000	55.911706709420685
4840000	63.59508863117695
4880000	28.43643369127512
4920000	16.92902418907881
4960000	16.795412123638393
5000000	10.431320104128122
5040000	9.00770562146306
5080000	7.162390928411484
5120000	7.183737131476402
5160000	8.541959971565008
5200000	8.545991799059511
5240000	3.8820513714820146
5280000	3.216646327340603
5320000	11.438615069457889
5360000	7.052573266175389
5400000	2.807921791654825
5440000	3.5877639376610517
5480000	4.353481897991895
5520000	2.7808880429625513
5560000	3.8789208361297844
5600000	4.08930708515048
5640000	5.474157198444009
5680000	7.680721619614959
5720000	7.956646022641658
5760000	7.8628361311852935
5800000	8.401399349606038
5840000	11.270265115100145
5880000	11.272949844825268
5920000	12.766499921065568
5960000	7.866746549284458
6000000	5.999535640281439
6040000	10.914355915796756
6080000	8.794374656736851
6120000	17.60465378885269
6160000	16.14796740063429
6200000	26.016946789443494
6240000	11.498172532385588
6280000	6.442551769191026
6320000	6.885277248966694
6360000	9.44621461672783
6400000	22.00278055309653
6440000	61.09144036120176
6480000	24.892906340265274
6520000	17.73596106569767
6560000	23.511240195930004
6600000	63.19011826081276
6640000	1464.982653590393
6680000	2313.185531918335
6720000	448.9171760102749
6760000	40.9234103828907
6800000	45.22630439941883
6840000	25.18221974569559
6880000	8.890276514089107
6920000	19.677944355756043
6960000	19.06273819357157
7000000	8.641416162636876
7040000	12.04655083192885
7080000	19.616771214431523
7120000	4.7371476580291985
7160000	10.690935979771615
7200000	12.901292649680377
7240000	7.132117649254202
7280000	7.667390702962876
7320000	23.920026125639676
7360000	62.63668562167883
7400000	23.611727287745477
7440000	17.440223564451934
7480000	13.64667510280609
7520000	6.467807986851037
7560000	7.118491319844127
7600000	4.144203165912629
7640000	4.0908034719765185
7680000	8.75357395234406
7720000	9.464364063489437
7760000	8.41618626446128
7800000	6.7408238426178695
7840000	3.202778320553899
7880000	4.004488320451975
7920000	3.9794883492022755
7960000	3.4774695244938134
8000000	3.589723213905096
8040000	6.022990073749423
8080000	17.059192496198417
8120000	5.357452858245373
8160000	4.242372742971778
8200000	6.481523514774442
8240000	5.288469059178233
8280000	4.12112213152945
8320000	3.966999891152978
8360000	4.335640745630861
8400000	4.051896619561314
8440000	3.2779157958582044
8480000	3.4264758904755115
8520000	4.647774874554575
8560000	3.233318526479602
8600000	3.0357035018533467
8640000	2.2885967936724425
8680000	2.8515400484770534
8720000	3.5195046136304735
8760000	3.95261331743896
8800000	4.280203296765685
8840000	4.015983845666051
8880000	5.12617386906743
8920000	4.0556189227283
8960000	4.095728765571117
9000000	4.2849770629793404
9040000	3.636745920614898
9080000	4.463116548937559
9120000	3.9881164797499777
9160000	3.6154694083601235
9200000	3.916021010491252
9240000	4.054603401762247
9280000	4.404837826196849
9320000	5.146024955999851
9360000	3.48890110527575
9400000	5.059023452314735
9440000	4.625759028303623
9480000	3.911754756900668
9520000	3.981761398664117
9560000	4.785793726852536
9600000	3.967024725571275
9640000	4.134554189094901
9680000	3.9937136634647845
9720000	4.5762861703082915
9760000	4.818592837375403
9800000	4.808545329427719
9840000	4.133581548503042
9880000	3.7917736782968046
9920000	4.071700721110403
9960000	3.951760528278351
10000000	4.061785196921229
10040000	3.8502643788546322
10080000	3.4369130199313163
10120000	4.10441291821599
10160000	4.646798289805651
10200000	3.7346481674604117
10240000	4.323227268242836
10280000	3.8316982163861395
10320000	3.984335051469505
10360000	4.139482727947831
10400000	3.5447111076891424
10440000	3.7631586941957473
10480000	4.929093213637173
10520000	3.8645872673675417
10560000	3.5556372174426913
10600000	3.9525851100385188
10640000	3.3817863349691035
10680000	3.4171836189955473
10720000	3.3403079176813364
10760000	4.098345981383324
10800000	3.734028641808033
10840000	4.234749056798219
10880000	4.063946832701564
10920000	3.5674690074652435
10960000	3.214191674092412
11000000	3.867902736246586
11040000	3.667515110039711
11080000	3.480821440035105
11120000	3.5535981682911517
11160000	3.428915075287223
11200000	3.2131887776121495
11240000	2.9269872860491275
11280000	3.0530344061657786
11320000	3.0162475430175664
11360000	2.8434693743258714
11400000	3.171977739439905
11440000	2.526809342080355
11480000	2.4794744683161376
11520000	2.494729387676716
11560000	2.847681836219132
11600000	3.138705646389723
11640000	2.753287226521969
11680000	2.704795604482293
11720000	2.5211924054846166
11760000	2.231345292010903
11800000	2.5893955056339504
11840000	2.6292373677618803
11880000	2.734243562579155
11920000	2.5467025258049367
11960000	2.7747632153719666
12000000	2.520954159884155
12040000	2.554252753408253
12080000	2.648809814693034
12120000	2.2622955791153014
12160000	2.1670761698648335
12200000	2.1967781499497594
12240000	2.2867611544810234
12280000	2.2699684400707483
12320000	2.160689671189338
12360000	2.2778752717934547
12400000	2.1893011896960437
12440000	2.3660891485795377
12480000	2.029508245060593
12520000	2.129888404840976
12560000	2.4059215246893464
12600000	2.2877643926531075
12640000	2.174776402721554
12680000	1.775459967303276
12720000	1.798487646421045
12760000	1.785585747999698
12800000	1.7686775494515896
12840000	1.6724765984989702
12880000	1.886512026169151
12920000	1.6894365220177918
12960000	1.7530522452153265
13000000	1.744739083506912
13040000	1.7887111965432763
13080000	1.7373050636939704
13120000	1.5140899444662035
13160000	1.7567433834984898
13200000	1.5926692291907967
13240000	1.6674992370076478
13280000	1.8721602476894856
13320000	2.2354075571238994
13360000	2.607454990810901
13400000	3.020220183273405
13440000	3.846289603731781
13480000	4.647519609464705
13520000	4.5396336438521745
13560000	4.760682683689147
13600000	4.9730622156351805
13640000	7.087528304958716
13680000	8.818231018452346
13720000	11.228061329535395
13760000	9.443030553368478
13800000	9.583161068873107
13840000	15.74445116014108
13880000	25.65807364114821
13920000	29.264049066108466
13960000	31.806117924050987
14000000	25.554719381313024
14040000	23.196509927077592
14080000	27.441712422306836
14120000	32.30229560316801
14160000	51.385523971115056
14200000	82.75403044956475
14240000	188.09245924044401
14280000	212.86117385210545
14320000	235.30081365163625
14360000	285.3818790230304
14400000	411.23010558879525
14440000	525.4880836492971
14480000	1225.417326232332
14520000	2978.4282726300657
14560000	7041.139602036703
14600000	15161.8664853045
14640000	20127.141760746097
14680000	34740.331823810484
14720000	61065.15509581938
14760000	42170.007984371754
14800000	18826.48743936043
14840000	12444.34486590054
14880000	25143.195169216753
14920000	36329.24062298522
14960000	20970.59639793458
15000000	13808.268678307402
15040000	13113.757890783238
15080000	19372.696252635382
15120000	23000.905109940864
15160000	32586.31735414052
15200000	47986.46101139316
15240000	46772.973505971626
15280000	82827.78672762118
15320000	100846.83052679787
15360000	136619.22191764173
15400000	187091.88006786595
15440000	266484.5024183491
15480000	315061.4586034622
15520000	395586.7078239162
15560000	444777.1249899864
15600000	424305.44873112487
15640000	474505.9510801868
15680000	313000.67060551565
15720000	265636.3872018814
15760000	235212.66091799812
15800000	225874.06500201378
15840000	251021.50690122452
15880000	239858.16267451784
15920000	259103.2820394417
15960000	257185.00469670715
16000000	264899.86948466644
16040000	353850.32920956955
16080000	516991.82255683595
16120000	622276.1332800355
16160000	673784.5118514404
16200000	744437.2508197632
16240000	811368.673601123
16280000	788915.9034259277
16320000	802490.6502983887
16360000	832285.3863715332
16400000	839793.390314331
16440000	952204.4809263794
16480000	802801.9134788086
16520000	780449.4252536072
16560000	1021623.8598085083
16600000	945534.8704135986
16640000	724192.1444714844
16680000	828113.3586755493
16720000	881519.2123056396
16760000	671120.4221750976
16800000	695220.8249627929
16840000	528570.3608253662
16880000	765314.2609167969
16920000	656352.574230371
16960000	453588.7364269531
17000000	403093.61786323244
17040000	464738.7419584961
17080000	459576.78963691404
17120000	296266.9770443359
17160000	180112.68742204588
17200000	105670.44693493652
17240000	123337.22741253662
17280000	65681.83762706298
17320000	94678.26600110474
17360000	111417.41810583496
17400000	79755.40892286377
17440000	67242.7577381073
17480000	63499.33877359009
17520000	45801.293592259215
17560000	34701.980029040526
17600000	23078.794588095854
17640000	11898.067016692352
17680000	5530.522582968139
17720000	2393.5489738937376
17760000	507.14350391426086
17800000	363.36280110874173
17840000	424.1174192728996
17880000	285.0143560115814
17920000	251.83140272760392
17960000	154.8744960504532
18000000	126.30202690076828
18040000	122.64309036092759
18080000	109.9419109152794
18120000	317.40622266635893
18160000	1094.6683281059265
18200000	547.6986748350143
18240000	160.34762329063415
18280000	119.53226409988403
18320000	33.68649687876702
18360000	12.90862633433342
18400000	10.933052006864548
18440000	7.129566088306904
18480000	6.774699428242445
18520000	7.371293623709678
18560000	8.816885085386037
18600000	11.200984279501439
18640000	4.531291659140587
18680000	5.046245711743832
18720000	4.783762919473648
18760000	4.8007803557872775
18800000	5.684570584368705
18840000	47.53161399053931
18880000	90.80394111585618
18920000	59.60850340719223
18960000	11.550234970605374
19000000	5.775097567516565
19040000	12.265238326013089
19080000	11.239307666301727
19120000	4.010158066761494
19160000	4.4193213792741295
19200000	3.8538122129142285
19240000	27.693296616911887
19280000	25.21444343981147
19320000	49.88250718149245
19360000	55.55605698771477
19400000	51.46118896678984
19440000	21.9236145424217
19480000	17.454347601467372
19520000	28.305033579875527
19560000	10.912439139077067
19600000	14.404243124049902
19640000	18.60210155749619
19680000	26.608991147238015
19720000	14.527270840150118
19760000	17.047211287364362
19800000	26.602561202579736
19840000	15.979482004010677
19880000	6.766825668486953
19920000	7.9426022329300645
19960000	10.367880741357803
20000000	8.268919767200947
20040000	8.411312055835127
20080000	9.065371944600344
20120000	7.65287159588933
20160000	6.844939116412402
20200000	7.700156657668948
20240000	5.92354838989377
20280000	7.112506867200136
20320000	10.568840064698458
20360000	16.070795612895488
20400000	11.414297968578339
20440000	9.564323328435421
20480000	7.08581318307519
20520000	7.385380931299925
20560000	6.668561667576432
20600000	4.657280459219217
20640000	6.073845642921328
20680000	16.30347396104634
20720000	19.669216876870394
20760000	12.328464755821228
20800000	4.616039686644077
20840000	4.735189886301756
20880000	7.744657914841175
20920000	7.380681908649207
20960000	13.416777703851462
21000000	16.118789687493443
21040000	31.12905023238659
21080000	57.45010006760955
21120000	105.99797895227968
21160000	177.8715783801019
21200000	243.82440546000004
21240000	342.90793524148467
21280000	317.70727920493187
21320000	1134.5060347403348
21360000	600.1717110931218
21400000	342.2199396718353
21440000	566.6611112479686
21480000	378.6706349189162
21520000	175.07100667108892
21560000	97.54636741372347
21600000	85.15371554760038
21640000	82.96343947564066
21680000	131.96618892798423
21720000	134.9548062099084
21760000	346.8743341842383
21800000	979.5487652911067
21840000	874.4608661792472
21880000	2557.665252654511
21920000	3864.1046635909915
21960000	2270.7968397727223
22000000	2726.5330065200983
22040000	3027.5344335269274
22080000	1615.1069883992523
22120000	1591.0401065113247
22160000	2070.684596642476
22200000	5245.081610757232
22240000	10609.28222249862
22280000	20673.857789526857
22320000	28403.340163521123
22360000	27803.100477373122
22400000	18312.0240142259
22440000	7158.746577351618
22480000	7648.936513729865
22520000	10289.996565976906
22560000	19014.179392304533
22600000	28476.73895897844
22640000	19781.182909005827
22680000	39778.30606128614
22720000	90917.94774201741
22760000	156498.74254507612
22800000	196499.0336830307
22840000	248150.31628772317
22880000	215537.3774817627
22920000	157551.7773293144
22960000	171513.72074825515
23000000	189913.02360879516
23040000	230786.43194500104
23080000	231807.52377030448
23120000	246238.44354632302
23160000	335713.8154001766
23200000	317477.40379815863
23240000	277681.7705206184
23280000	277545.65550389345
23320000	385149.14795859525
23360000	515049.0953629559
23400000	641061.4710843525
23440000	832432.6735068468
23480000	828214.8388671877
23520000	1067975.0475961936
23560000	1335855.314149958
23600000	1438127.72085448
23640000	1836486.1232350082
23680000	1877649.7898679627
23720000	1853904.9509911956
23760000	2570283.3397323913
23800000	2802847.905766829
23840000	2822395.531675482
23880000	3170520.668736783
23920000	4368258.676833517
23960000	7137878.683149109
24000000	6521271.90234831
24040000	8192337.105747381
24080000	7532611.9244912565
24120000	10140183.681320911
24160000	10789231.090378324
24200000	14775831.690957077
24240000	16515055.204293747
24280000	15906358.929029748
24320000	18763231.06313242
24360000	9904316.228617432
24400000	4785634.088838477
24440000	4071566.964845239
24480000	3748110.163255536
24520000	3788987.5315584657
24560000	2956474.0747078797
24600000	2768073.909231395
24640000	3453056.044000873
24680000	3512121.506077879
24720000	2445572.995403297
24760000	2336661.9280734155
24800000	2683127.0688410047
24840000	2880318.0638659117
24880000	4750691.654868408
24920000	5467985.699942383
24960000	4323503.298312207
25000000	3619235.4940269287
25040000	2896005.032908618
25080000	2860500.439711572
25120000	2246524.96112184
25160000	1978969.7425780776
25200000	2359960.0129883513
25240000	1964434.1721843674
25280000	2363627.79900541
25320000	2701627.3911900558
25360000	2379172.508406856
25400000	2132786.6769779595
25440000	2205108.3015740947
25480000	1817037.6563441376
25520000	2286142.487515497
25560000	2017931.4495739918
25600000	2086632.1516648468
25640000	1811074.118315325
25680000	2296930.950043748
25720000	561940.3295500252
25760000	48.2237332382679
25800000	38.023696004486084
25840000	39.02478432905674
25880000	42.60775531988144
25920000	33.807259082841874
25960000	23.17577403073311
26000000	12.345777600622178
26040000	8.914009148478508
26080000	10.66600774320364
26120000	8.799839102900028
26160000	10.058705825150012
26200000	4.432307696157694
26240000	4.449236693972349
26280000	3.1183725598931313
26320000	2.1593906041026116
26360000	1.7802436795279384
26400000	1.628592359367013
26440000	1.4307806707561017
26480000	3.173350576366484
26520000	2.7511865622490643
26560000	1.048485460153222
26600000	0.9007112618803979
26640000	1.009052723966539
26680000	0.6491615385822952
26720000	0.6250325220003724
26760000	0.45690227721631527
26800000	1015.6059783116572
26840000	57992.42778465576
26880000	85128.87223310547
26920000	13311.839712731933
26960000	1253.474597366333
27000000	392.11276436157226
27040000	170.80684798355102
27080000	95.33715148773193
27120000	86.07992500915528
27160000	47.50790821208954
27200000	40.71406119823456
27240000	35.61621296710968
27280000	30.104483012533187
27320000	12.850231811475753
27360000	9.71331561357975
27400000	6.5042190114498135
27440000	6.883750687265396
27480000	14.887938154578208
27520000	2.7199426017761232
27560000	1.838008993846178
27600000	1.3863592640131712
27640000	1.3576401980936528
27680000	1.385701061975956
27720000	0.7937350073859095
27760000	0.6889842701688409
27800000	0.5221055374875665
27840000	0.5440457312114537
27880000	0.3844343873951584
27920000	0.19874790423214436
27960000	0.2572686405947432
28000000	0.19993357511051
28040000	0.6876090142156929
28080000	0.8382110114455223
28120000	2.1417752293981613
28160000	4.161476970791817
28200000	4.534302966144681
28240000	0.9007549768351019
28280000	0.15257951449491083
28320000	0.21438100852966308
28360000	2.1121726138040424
28400000	26.774561444714667
28440000	41.88981806877852
28480000	5.800308570846915
28520000	1.6593129462212324
28560000	2.9683496949404478
28600000	2.103496684670448
28640000	1.1357367044121027
28680000	2.1868059876799584
28720000	120.66894313910008
28760000	5252.041644323731
28800000	1260740.983903424
28840000	25774410.510557994
28880000	23890939.264951345
28920000	3161382.737558676
28960000	69749.63305602112
29000000	14336.407729026794
29040000	3625.5429786315917
29080000	458.2837018043518
29120000	75.79476477060318
29160000	22.079055402326585
29200000	5.449520422530174
29240000	2.5894913911819457
29280000	2.2103781789034604
29320000	1.1822187881916761
29360000	1.0938423426575958
29400000	0.7440253923811019
29440000	0.6197384002566337
29480000	0.4331714217990637
29520000	0.2654724356260151
29560000	0.26794327705837784
29600000	0.25489942669980226
29640000	0.17718125635813922
29680000	0.25145322003662585
29720000	0.19235268298406155
29760000	0.25789693539533765
29800000	5.543062913996726
29840000	7.148697253712267
29880000	2.2348908777572216
29920000	1.0757820918403567
29960000	1.0516328966349364
30000000	0.9313260876089334
30040000	3.109369481186569
30080000	8.468003581434488
30120000	4.2178650932133195
30160000	3.367302546669543
30200000	2.1252497617825865
30240000	2.1277746559873223
30280000	2.7348664636045696
30320000	4.771900781282783
30360000	4.046422544959188
30400000	1.628633380061388
30440000	2.355014015224576
30480000	3.5220740063667297
30520000	2.7578155808016658
30560000	1.8530119350478054
30600000	0.8618937931217253
30640000	1.8646860107272862
30680000	3.427229496666789
30720000	3.8654003476172685
30760000	3.8327688416287304
30800000	2.613445176114142
30840000	4.465886923754216
30880000	4.264369017934799
30920000	2.449609570068121
30960000	13.585395431423187
31000000	9.359934531879425
31040000	3.469961694163084
31080000	2.319431794375181
31120000	1.3695665108188986
31160000	1.2936773694083095
31200000	3.1462403149336575
31240000	2.094157094243914
31280000	2.1490193271920086
31320000	1.3576332202747463
31360000	0.9900418226733804
31400000	1.2857507235422732
31440000	1.1160968048155309
31480000	6.351321618825197
31520000	4.124295218092203
31560000	5.205644210410118
31600000	4.445927670550346
31640000	12.70269005574584
31680000	9.195884505745768
31720000	2.194627927686274
31760000	1.9698542697981
31800000	1.7668218444675208
31840000	1.9962774936199188
31880000	1.2774855384141206
31920000	2.006597485597432
31960000	6.754699358588457
32000000	8.478782773303985
32040000	9.268425531947614
32080000	12.578094918125867
32120000	9.486786176410318
32160000	4.639782576584816
32200000	6.140155502110719
32240000	3.0481490205407145
32280000	4.498227550628782
32320000	3.64417774528563
32360000	2.6225776699364185
32400000	2.172503925575316
32440000	2.1915329800218344
32480000	3.7764718878850343
32520000	4.17909788312167
32560000	2.2489347812086344
32600000	1.8771349737167358
32640000	4.235850697657466
32680000	2.4848718761205673
32720000	2.4243845728471873
32760000	2.0892489346578715
32800000	1.9988775680959225
32840000	2.3210760160043837
32880000	2.6081126570791007
32920000	1.9062258965410293
32960000	2.701127281101048
33000000	2.4487946205168964
33040000	2.497354769693315
33080000	2.0605731356561185
33120000	1.3745233738735319
33160000	4.163033718821406
33200000	3.0723920287281277
33240000	3.537129470741749
33280000	2.914617375099659
33320000	2.348768262279034
33360000	2.397764254897833
33400000	2.785859387271106
33440000	2.6145524968296288
33480000	2.8399442642629147
33520000	3.755229525950551
33560000	4.295058473610878
33600000	2.6925440498262643
33640000	2.2098100370138885
33680000	2.142646807295084
33720000	1.823578437203169
33760000	2.018250213459134
33800000	2.172919969724864
33840000	2.5231258262991907
33880000	2.881474474455416
33920000	2.3239640160232784
33960000	2.355370080640912
34000000	2.3458931208789346
34040000	2.108442778238654
34080000	1.971373909676075
34120000	1.738994519636035
34160000	3.014088958117366
34200000	1.697731435546279
34240000	2.2811999374568463
34280000	2.2330318306431174
34320000	8808.159174859697
34360000	9015.867896561664
34400000	1584.7858721774728
34440000	186.24240576530397
34480000	53.04340576351285
34520000	400.36011902173163
34560000	459.95306631356476
34600000	1991.5195487746118
34640000	8693.880803243046
34680000	10354.83556612081
34720000	24725.51610070811
34760000	48959.78368297262
34800000	107126.6762316599
34840000	247787.43335904228
34880000	683368.0815722893
34920000	1279486.0926694586
34960000	2851680.6397367893
35000000	6249774.053157907
35040000	9167090.690020518
35080000	11351708.773297114
35120000	16541986.463348165
35160000	30079145.636427082
35200000	37235536.78014895
35240000	44405626.21035658
35280000	56475098.37728662
35320000	63086033.25343493
35360000	68515588.79245152
35400000	87245904.5293703
35440000	110017699.64155349
35480000	107679769.59364608
35520000	91775543.12908754
35560000	89425623.85240039
35600000	95594983.21524072
35640000	133038011.60044472
35680000	160598939.1725232
35720000	187162642.88727975
35760000	181469393.0617297
35800000	199753644.43070018
35840000	202826289.99827853
35880000	180687803.05702832
35920000	222193563.01790068
35960000	246183545.76111752
36000000	360825869.382636
36040000	385884303.32873905
36080000	465221376.60995233
36120000	488267456.2678414
36160000	428633780.6496535
36200000	391499550.2714148
36240000	433297600.8232746
36280000	392366646.63561565
36320000	387178423.4208207
36360000	445942690.5821969
36400000	550268875.5697141
36440000	518435299.2485758
36480000	522454079.62635
36520000	608615924.6622031
36560000	553347773.2612782
36600000	570321187.3978555
36640000	524822896.8469344
36680000	585284940.7307875
36720000	657887492.6067718
36760000	610083248.4548594
36800000	526756435.0349125
36840000	486659909.42155313
36880000	480108759.9476906
36920000	608430875.8446085
36960000	676033407.4699407
37000000	649784857.1040765
37040000	789224219.4760226
37080000	831948094.4176297
37120000	954452054.4635407
37160000	735780219.7840687
37200000	725129606.578525
37240000	563990767.6502312
37280000	752669685.8937875
37320000	772294641.922725
37360000	674809109.6131124
37400000	831327183.6740187
37440000	589337114.6611531
37480000	693639505.9466156
37520000	659185485.39565
37560000	765945570.4223344
37600000	659812508.4699656
37640000	845305677.5102844
37680000	878607150.8309258
37720000	1028345547.4285594
37760000	1155266237.6717453
37800000	1005050424.6201203
37840000	1049439969.7555648
37880000	993933571.517189
37920000	1026991187.9970672
37960000	1377386446.6908016
38000000	1337686946.7127626
38040000	1058247671.0249125
38080000	932620121.9805312
38120000	990199937.7937187
38160000	1150519040.4756124
38200000	1396117256.4407437
38240000	1234168903.6945374
38280000	1283723743.9111156
38320000	881889096.1092312
38360000	631095022.2144454
38400000	795796499.6589414
38440000	505972053.95208675
38480000	64828974.31526875
38520000	58701019.544868946
38560000	44547222.39869463
38600000	21464806.274113085
38640000	11173493.815747876
38680000	7591950.896480615
38720000	7897382.960691015
38760000	7025942.644682886
38800000	9963702.920764733
38840000	919281.7661531494
38880000	58632.56109025879
38920000	11674.48258857422
38960000	7813.947919564819
39000000	7335.896933285522
39040000	6046.503800869751
39080000	6797.342711416626
39120000	6523.721623269654
39160000	5204.027161186218
39200000	7678.36461431427
39240000	6714.297461265564
39280000	4725.600435337829
39320000	7017.587667124939
39360000	7864.040543449401
39400000	7121.50116272583
39440000	6022.5776133667
39480000	5328.000353962708
39520000	4716.877240579986
39560000	3514.3020556137085
39600000	3898.7014587280273
39640000	12469.61855782013
39680000	46126.68072046814
39720000	15511.711175219727
39760000	3363.474839755249
39800000	3340.447524748993
39840000	3399.958177772522
39880000	2606.0045415115355
39920000	1877.67766241951
39960000	1116.1100302154541
40000000	731.0521674163818
40040000	289.38719853897095
40080000	343.4713297588348
40120000	281.55148193626405
40160000	278.79102796173095
40200000	407.3890268146515
40240000	234.11791879386902
40280000	243.83558489608765
40320000	193.5570639854431
40360000	170.86492156047822
40400000	177.3912967010498
40440000	186.76064700698853
40480000	150.03972737312316
40520000	145.76788892974852
40560000	133.28503371505738
40600000	117.79598108711242
40640000	37490.47110575561
40680000	82385.87871308594
40720000	10578.945730328369
40760000	1756344.2981835739
40800000	1398364.8503273192
40840000	413457.45184928586
40880000	47517.30665739746
40920000	21361.880032528687
40960000	7676.133226325989
41000000	7312.957103954315
41040000	7858.297156918335
41080000	8664.86429245758
41120000	10513.255848273277
41160000	8912.530181297303
41200000	5625.25969603653
41240000	5444.079092243004
41280000	4378.182822134208
41320000	3141.5989794502257
41360000	2892.964660913372
41400000	2673.5793486186026
41440000	3569.2884029577253
41480000	4962.76474647069
41520000	4448.532055919456
41560000	4708.2928464877605
41600000	4733.174562470007
41640000	4869.250081762695
41680000	4964.654570279884
41720000	6957.667600322295
41760000	8298.785376635933
41800000	5325.154494711924
41840000	4397.546541251421
41880000	4180.689260316801
41920000	2930.200684306145
41960000	2712.839399935484
42000000	2577.6793933944227
42040000	3172.124630714226
42080000	4323.264600125837
42120000	3111.353528993535
42160000	3092.9880205539703
42200000	2870.974415914607
42240000	2412.6784929124833
42280000	2230.009320453274
42320000	2715.2104094953297
42360000	2532.2453508406757
42400000	3223.2545057911398
42440000	2250.6470653898477
42480000	2022.2397001407146
42520000	2359.0185639474394
42560000	2699.5972361732242
42600000	7919.467149202728
42640000	4821.226083340931
42680000	1654.3911343474865
42720000	1557.0323434317588
42760000	1817.0931792960644
42800000	1625.4959161607503
42840000	972.489169964242
42880000	935.4674996039153
42920000	1121.5611134564758
42960000	828.0252170080901
43000000	495.7793535613537
43040000	679.4394619871557
43080000	687.0210922022462
43120000	820.915761391306
43160000	831.4279650420069
43200000	466.7401258770406
43240000	451.8726154883921
43280000	621.5700467865705
43320000	747.7060115340948
43360000	904.0534805514932
43400000	416.8635988735199
43440000	202.52033010656834
43480000	1941.893846365738
43520000	6459.974797399902
43560000	5961.148776330567
43600000	4150.282905389405
43640000	1749.0854351776122
43680000	927.7034649459839
43720000	370.25039216194153
43760000	1214.3804447593689
43800000	2716.3042868522643
43840000	336.1587205284119
43880000	143.04691342287063
43920000	292.98867179489133
43960000	621.2582959855556
44000000	549.9304845067501
44040000	861.7611186580658
44080000	803.7421736152648
44120000	341.7905656167984
44160000	217.77414156532288
44200000	157.3773151629925
44240000	46.958182623648646
44280000	73.25682152631283
44320000	342.3265275496483
44360000	1004.9563070184707
44400000	5949.089051881742
44440000	7773.830116125465
44480000	3064.3295825194
44520000	989.5859340403676
44560000	399.04448346844316
44600000	418.9368090456486
44640000	1675.5177676983953
44680000	1546.5895162795364
44720000	1626.504805642891
44760000	2606.291704740512
44800000	436.64836446256044
44840000	117.85270312150716
44880000	24.65214522457421
44920000	8.303054845827818
44960000	4.396924309450388
45000000	4.774855947452783
45040000	5.027965863066911
45080000	3.8955252906262876
45120000	2.4453249158233406
45160000	2.3515559397637844
45200000	2.2272582600936293
45240000	2.282009643450379
45280000	1.9911209403440355
45320000	1.8532947164461018
45360000	1.8458532811000943
45400000	1.7762905681051313
45440000	2.6239114053830503
45480000	2.983640540084243
45520000	2.897247679360211
45560000	2.906606383818388
45600000	3.270510633596778
45640000	2.5928701392501594
45680000	2.241372057505697
45720000	6.372506327596307
45760000	2.008265272759646
45800000	6.923465507464111
45840000	4.037551415425539
45880000	2.4723701241314413
45920000	3.458151391603798
45960000	4.75914497205317
46000000	2.1529505770415067
46040000	1.7106489115819334
46080000	2.7055150232285263
46120000	2.808685415582359
46160000	3.4295923336550596
46200000	3.3036190960615874
46240000	3.1721133195459843
46280000	4.094824582952261
46320000	4.0873604228019715
46360000	6.308128184014559
46400000	22.45459408240467
46440000	10.319912786975504
46480000	7.9849946990400555
46520000	4.826289344970882
46560000	2.0690464078098536
46600000	2.263643803717196
46640000	1.8275102395772933
46680000	4.703194086159765
46720000	2.262784081996977
46760000	2.671982486449182
46800000	1.2038632307082415
46840000	0.9581086935847998
46880000	1.2983585475318133
46920000	0.7827442257136107
46960000	0.7878808726169169
47000000	0.7261246794171632
47040000	0.9083112968020142
47080000	0.6831955102577806
47120000	0.6831442232038826
47160000	0.882854455826059
47200000	0.7502065868631005
47240000	0.6841163281686604
47280000	0.7430808003626764
47320000	0.6670042362894862
47360000	0.8144923366494476
47400000	0.8503509082805365
47440000	0.7656938564542681
47480000	0.8021953076709062
47520000	1.0172404401477426
47560000	1.0083560010425747
47600000	0.7016024952594191
47640000	0.8702871251776815
47680000	1.1912455248109997
47720000	1.589832994928211
47760000	3.7727171053253112
47800000	5.234421860954165
47840000	1.6910389815151692
47880000	0.8983187255695462
47920000	1.633489504827559
47960000	2.0388893009737132
48000000	1.6274236658498644
48040000	2.002351280094683
48080000	1.417727481339872
48120000	1.8986049449443818
48160000	8.437014901524782
48200000	3.1354230035334827
48240000	9.82995820145607
48280000	17.905747162532805
48320000	9.612726149499416
48360000	5.066824285918474
48400000	3.026784610596299
48440000	2.252582895863056
48480000	1.9142390730679035
48520000	1.7012699989259243
48560000	2.1494507470160724
48600000	2.6603237416356804
48640000	2.8400069614082577
48680000	8.887890768539906
48720000	4.9704934678941965
48760000	4.020434565982223
48800000	2.651058610227704
48840000	1.05505548093915
48880000	0.9433360405817628
48920000	1.9917180771887302
48960000	2.961839111801982
49000000	1.559960687059164
49040000	0.905394613841176
49080000	0.6999949628710747
49120000	1.497948275628686
49160000	2.968578220295906
49200000	4.149890336933732
49240000	2.2191258675813677
49280000	1.282268887808919
49320000	2.781026396140456
49360000	2.231149048024416
49400000	1.7900626106113195
49440000	1.620907268743217
49480000	2.0083361563324926
49520000	1.6527732223674656
49560000	2.2707107607424257
49600000	8.554909408146143
49640000	5.937999888503551
49680000	4.269630809855461
49720000	1.602782821214199
49760000	2.1740150332421067
49800000	0.8843252734094859
49840000	0.8770265819609165
49880000	0.8859229480981827
49920000	1.0372946039661766
49960000	1.0299252499088645
50000000	1.2190519620463252
50040000	1.2986175012223422
50080000	1.320226924136281
50120000	1.5024991012126208
50160000	3.6437011438161133
50200000	4.597057634025812
50240000	2.430491220587492
50280000	1.5238491433739663
50320000	1.797055974380672
50360000	1.9228210237532855
50400000	1.8525744479849935
50440000	2.3023766812488438
50480000	2.5475470454260707
50520000	2.8558280492037533
50560000	3.6439287578612567
50600000	2.3983211805060507
50640000	5.481091800099612
50680000	46.30296578018665
50720000	164.05750715122224
50760000	40.84029453125
50800000	6.834158156192303
50840000	2.343469763442874
50880000	3.9179101787090302
50920000	3.567555770760775
50960000	35.57398625154495
51000000	82.85395508818627
51040000	101.1513075214386
51080000	34.685472855043415
51120000	13.049941878211499
51160000	3.522125191056728
51200000	1.6845905984163285
51240000	1.9013581683844327
51280000	26.680047334206105
51320000	123.67872004423141
51360000	148.54580785694122
51400000	199.57133860473633
51440000	124.85138923578262
51480000	96.35988124613762
51520000	42.16034761185646
51560000	48.14347419848442
51600000	38.396457573056225
51640000	13.768420310163497
51680000	17.905047647190095
51720000	12.012267841172218
51760000	19.326264943110942
51800000	8.314607959902286
51840000	4.945683299577236
51880000	3.4091506548255683
51920000	2.872952625605464
51960000	2.6184744159400464
52000000	2.568617987450957
52040000	20.451939372849463
52080000	134.38506109800338
52120000	104.11239113774299
52160000	43.487351273775104
52200000	22.06430662560463
52240000	14.783913760966062
52280000	4.937495158809424
52320000	5.243576996052266
52360000	9.747410768449306
52400000	4.4969385260522365
52440000	2.13161682716012
52480000	1.4942703555881978
52520000	2.7742745491057637
52560000	3.1981713108927012
52600000	10.651993796670437
52640000	3.80720378433466
52680000	2.5293292046278717
52720000	4.0631315880596635
52760000	2.5273212423712015
52800000	4.607155565732717
52840000	4.580071179383993
52880000	4.907319560450316
52920000	3.3543170187234876
52960000	5.347722991970182
53000000	7.325729411643744
53040000	6.649558217245341
53080000	4.804870993089676
53120000	6.111424028038979
53160000	2.1559380635350944
53200000	1.7289377155721188
53240000	2.194734205067158
53280000	1.3747591385811568
53320000	3.9801926527261733
53360000	4.554216840085387
53400000	2.735196694818139
53440000	2.2887300302520392
53480000	2.1392285279750825
53520000	3.470351502549648
53560000	3.77247796394825
53600000	4.751421364822984
53640000	2.360381995856762
53680000	3.214627785477042
53720000	3.3752523401498795
53760000	3.505478172174096
53800000	1.634280764566362
53840000	3.2446738188296558
53880000	4.354952641630173
53920000	2.2421124478906393
53960000	8.006268279516696
54000000	2.900293811529875
54040000	1.8795400594264269
54080000	25.10916998770237
54120000	18.982634755182268
54160000	21.74462186639309
54200000	8.896132568401098
54240000	10.948660654449462
54280000	6.4714411567091945
54320000	3.901127835059166
54360000	1.6968144097477198
54400000	2.313849658660591
54440000	38.328241424655914
54480000	32.34474164912701
54520000	10.233853640425206
54560000	2.3556508495658637
54600000	4.710450965690613
54640000	2.332538199943304
54680000	1.5053681355968118
54720000	2.5387165813982486
54760000	1.7436350186288356
54800000	10.313431996583938
54840000	6.941539734560251
54880000	4.709751232790947
54920000	3.401309737664461
54960000	0.9949169835671783
55000000	1.0292104767546058
55040000	112.33898721597194
55080000	64.8991629379034
55120000	5.273070414984226
55160000	2.4893229394733907
55200000	1.7912482576221227
55240000	10.196835525113345
55280000	1168.7543489925386
55320000	2653.6698426265716
55360000	736.5819888216018
55400000	118.70371795363427
55440000	95.09050906219483
55480000	137.59180433650016
55520000	29.77432313296795
55560000	8.130185739147663
55600000	425.5301918611527
55640000	1185.2110441804887
55680000	320.43466298308374
55720000	45.25608761816025
55760000	19.464360930848123
55800000	26.32867643675804
55840000	20.370598409342765
55880000	70.78034179811478
55920000	31.432810334432126
55960000	125.68088480377197
56000000	308.4108736923218
56040000	42.73209786973
56080000	10.13250770163536
56120000	4.9190539601266385
56160000	3.3657497472763063
56200000	2.4555314511805775
56240000	1.4246080285310745
56280000	4.434155975848436
56320000	3.4337424705058335
56360000	2.9541490607336165
56400000	1.6961579678922891
56440000	19.12656493079364
56480000	18.145498972535133
56520000	6.031004758220911
56560000	6.35075807428062
56600000	17.037500447016953
56640000	2.7462339190244673
56680000	0.9937823286235332
56720000	1.4426868192076683
56760000	5.882990007039904
56800000	75.03648254079819
56840000	76.56362335164548
56880000	23.89731726076603
56920000	10.343492123097182
56960000	3.724711416062713
57000000	11.050629918885232
57040000	14.739516997104884
57080000	14.682280810391903
57120000	11.858273661768436
57160000	7.537169544541836
57200000	4.157499901613593
57240000	3.8843938198208807
57280000	1.858594569954276
57320000	1.1514778454199432
57360000	1.0875170216962695
57400000	1.1505851984284818
57440000	19.355882228218018
57480000	197.40238693389892
57520000	102.10043553512097
57560000	29.302497123515607
57600000	13.355720076847076
57640000	37.40703914308548
57680000	84.92862049064637
57720000	46.57193402013779
57760000	27.247554596185683
57800000	11.631908848559856
57840000	4.61426055124104
57880000	2.8745651277750732
57920000	13.596528064763547
57960000	9.379131314378977
58000000	7.601303676128388
58040000	23.055670133268833
58080000	9.038745460435749
58120000	2.881071713614464
58160000	1.881294689577818
58200000	4.121158415210247
58240000	2.5775497464030983
58280000	2.455067207241058
58320000	2.36356548833549
58360000	4.911010498553514
58400000	5.671045847991109
58440000	12.576865709829331
58480000	23.616107902979852
58520000	13.775936624979973
58560000	7.855263965040446
58600000	2.6985861242070794
58640000	8.587145161488651
58680000	59.8239534122467
58720000	25.761923203480244
58760000	17.21863308634758
58800000	27.03787432835102
58840000	37.3274836194098
58880000	12.631389185962082
58920000	562.5466457150549
58960000	1594.0965706200332
59000000	1959.1676111759111
59040000	409.698773954162
59080000	68.40250390438587
59120000	34.01784682790637
59160000	811.6053806402102
59200000	3713.1769457102478
59240000	2697.7417027716697
59280000	636.1364427924335
59320000	195.12561314475238
59360000	117.51004707414657
59400000	96.6399887075916
59440000	55.20515933027715
59480000	28.397996524603666
59520000	23.95971715682447
59560000	23.37279707633257
59600000	25.036855565539003
59640000	22.644136250953377
59680000	16.886619953531028
59720000	7.225889561590552
59760000	9.12611208050847
59800000	6.993872323700786
59840000	7.472109685730934
59880000	9.450330526271463
59920000	6.941736692115665
59960000	4.179535720784217
60000000	6.449994644403458
60040000	6.1834159569382665
60080000	28.55220977490917
60120000	290.8932513994217
60160000	129.2522470240593
60200000	35.96532203104496
60240000	34.62043349540234
60280000	22.858335482311247
60320000	33096.048079323366
60360000	505757.9074175562
60400000	156941.23673370064
60440000	36306.985359090046
60480000	48690.19424089241
60520000	42810.16275708656
60560000	23402.866904827402
60600000	14644.752299067164
60640000	11807.87019977101
60680000	6995.481569459009
60720000	5792.646571185732
60760000	4899.396050358474
60800000	3360.0849017299174
60840000	2322.732361412817
60880000	1372.5031311077237
60920000	1015.1452294271469
60960000	224.36115607973338
61000000	63.75383038975596
61040000	28.811734729939698
61080000	8.5987972597301
61120000	1.5848978654801846
61160000	0.9012950184717774
61200000	5.732233660781383
61240000	2.9311929145261644
61280000	1.081299380634725
61320000	2.1540105549439788
61360000	1.9826948953300714
61400000	3.838393310263753
61440000	1.8612935874700547
61480000	2.75503525134325
61520000	3.341945934909582
61560000	4.584709644968807
61600000	2.9505648903220894
61640000	1.4106773120835423
61680000	1.5387313308134676
61720000	3.1477174849286675
61760000	7.438404964548349
61800000	20.599407584244013
61840000	31.86140001308322
61880000	14.762098003268243
61920000	8.164410418644547
61960000	46.18399060924053
62000000	18.543811652576924
62040000	7.839925313916803
62080000	2.8122682676866653
62120000	3.8154392341911794
62160000	1.855591789330542
62200000	2.7123514462143183
62240000	2.065214776831865
62280000	6.928277102679014
62320000	11.910110585898162
62360000	7.162972709619999
62400000	3.709607122668624
62440000	2.6689789216279984
62480000	1.1815483012631536
62520000	20.044281292095782
62560000	33.04175722109079
62600000	23.309350991284848
62640000	22.445986971628667
62680000	7.113892797350884
62720000	2.977674055469036
62760000	2.447775975301862
62800000	4.17537179197073
62840000	5.751523811753094
62880000	8.952120926897228
62920000	116.98387385468483
62960000	13527.489265613556
63000000	140670.70931103517
63040000	394162.1351239258
63080000	852666.1508542969
63120000	420568.3948897827
63160000	41334.15707945252
63200000	15685.640521403504
63240000	21067.407267474366
63280000	17416.73465083008
63320000	14098.712809130859
63360000	17749.542597994994
63400000	16656.497266144943
63440000	17873.76424638138
63480000	25174.652414006043
63520000	31876.189630711364
63560000	28518.601978962706
63600000	29914.073937666322
63640000	39908.906664232636
63680000	40914.92681019287
63720000	49549.197038708495
63760000	111840.72932537232
63800000	76826.49429517823
63840000	45582.09978955078
63880000	94538.25967805176
63920000	159465.5146909912
63960000	163641.18870507812
64000000	213729.43959472657
64040000	298364.07278212893
64080000	369333.8679864746
64120000	645204.1338984375
64160000	859273.576777832
64200000	703938.821731836
64240000	422014.9446581055
64280000	291262.5950043457
64320000	297202.8424078491
64360000	122909.70739747315
64400000	183756.8401763672
64440000	231162.12380686036
64480000	230383.88489836425
64520000	240152.77163413086
64560000	327947.4403804932
64600000	565905.2148526856
64640000	590812.2310762207
64680000	536465.9871857422
64720000	506865.4371097168
64760000	488474.0749420654
64800000	867792.6200808594
64840000	1073740.0052766602
64880000	1189346.8919884765
64920000	1082605.4007287598
64960000	915168.1172970214
65000000	1467450.1522974365
65040000	1000761.7605097413
65080000	865487.3333855957
65120000	1025786.6616615967
65160000	835366.3530534668
65200000	967767.2404383179
65240000	692507.288199817
65280000	606229.6450141602
65320000	891977.6154418213
65360000	527132.3525426391
65400000	431919.92048736574
65440000	586709.4196432984
65480000	362633.96309248655
65520000	205249.0224519043
65560000	185462.67175219726
65600000	243942.51713724365
65640000	201545.38850849305
65680000	188929.5473524231
65720000	150558.57981359863
65760000	81993.88870909881
65800000	57967.765581581116
65840000	42398.48955188751
65880000	25159.90914337158
65920000	24238.435214152527
65960000	11533.507090509032
66000000	5441.640814342118
66040000	1122.879084663391
66080000	455.623871420002
66120000	274.60681832962035
66160000	699.6590766562462
66200000	2112.417097314906
66240000	1847.6660724466801
66280000	2667.9485217235087
66320000	4955.9845435359
66360000	12584.880704169536
66400000	12133.387082130814
66440000	9145.484352707004
66480000	3398.24497905035
66520000	881.4737718108178
66560000	166.79433133784534
66600000	221.6806719938159
66640000	260.06991453255415
66680000	2689.51770321244
66720000	8555.210817938232
66760000	4884.512786499024
66800000	9017.044243554688
66840000	19424.04390028076
66880000	16524.222477319337
66920000	7748.854656311035
66960000	4283.656222686767
67000000	2257.363470526123
67040000	1616.8063377044678
67080000	1092.9696092529298
67120000	1318.4258169174195
67160000	1013.5742025444031
67200000	842.1414109306336
67240000	21186.953500442505
67280000	15043.843525085449
67320000	1788.366987778473
67360000	1093.6679238197328
67400000	760.2129865596771
67440000	505.8652787654877
67480000	747.3094355054856
67520000	433.44540944213867
67560000	251.40022965011596
67600000	184.66942711057663
67640000	1099.5896316669464
67680000	3936.2062556713104
67720000	1866.509597872162
67760000	1841.172006538391
67800000	1805.7286725955962
67840000	736.492828781128
67880000	153.10942335643767
67920000	40.31258871879577
67960000	13.502488559818268
68000000	7.834680301380158
68040000	5.3391248210906985
68080000	4.066482947611809
68120000	3.5247800197720527
68160000	3.033703277230263
68200000	4.530699839246273
68240000	4.95018472084403
68280000	2.1351546673715114
68320000	1.9884746474146844
68360000	1.7512249890372158
68400000	1.3497796710461378
68440000	1.449090866920352
68480000	16.56130228321552
68520000	34.50928922996521
68560000	18.80959525655508
68600000	7.655401226752996
68640000	3.259382925850153
68680000	2.653268281254172
68720000	5.416147724682093
68760000	5.055533619529009
68800000	3.5189355548799037
68840000	12.250718734574319
68880000	7.865305881243944
68920000	5.207955700719356
68960000	6.300557442438603
69000000	7.535800657224655
69040000	10.532911896246672
69080000	129.23328398946822
69120000	91.8467667244196
69160000	68.86217436953187
69200000	76.16678294628262
69240000	67.21880459832549
69280000	18.988483889502287
69320000	10.35650692959726
69360000	3.33581167448163
69400000	2.3381536746174096
69440000	1.4722759485930204
69480000	1.2497554889023303
69520000	1.013338253325969
69560000	0.80300898873806
69600000	1.8567527875721455
69640000	2.908232994107902
69680000	4.940537674832344
69720000	6.254040406542272
69760000	11.159804403620214
69800000	24.16424941980168
69840000	32.21879294744134
69880000	45.056489214403925
69920000	55.33006214313209
69960000	65.07686313374937
70000000	85.14904545231313
70040000	93.07702166052162
70080000	87.87242896071375
70120000	82.34666788439006
70160000	99.91684785870463
70200000	82.07360325167105
70240000	83.17670143546611
70280000	86.75882860968709
70320000	81.24036702384353
70360000	62.74045768578649
70400000	52.68521992788464
70440000	31.6177733928591
70480000	27.874146506986023
70520000	28.434012303240596
70560000	36.78120592507422
70600000	34.38496728718877
70640000	36.87508198636472
70680000	52.49460625702888
70720000	39.923288159558176
70760000	45.35455579167157
70800000	41.16317956508547
70840000	53.647375988599656
70880000	56.365550365148486
70920000	68.32363703170121
70960000	63.966506669588384
71000000	64.90588138023912
71040000	95.59214487043917
71080000	111.43290350150168
71120000	129.33968773804605
71160000	155.7999409094855
71200000	160.5717954376906
71240000	229.6873485746622
71280000	329.12719641420244
71320000	352.2187517454922
71360000	433.0821906000078
71400000	449.12104152995346
71440000	459.2051406001747
71480000	416.82732068674267
71520000	513.3752176621973
71560000	672.8005515848637
71600000	843.945932338202
71640000	998.1573673188806
71680000	1471.0068843797208
71720000	1896.7606913529396
71760000	2690.3649215745927
71800000	4700.762647879219
71840000	10499.41208734932
71880000	15435.273574297333
71920000	14046.533096389008
71960000	43147.93358938041
72000000	46602.974099951934
72040000	3231.1211776189803
72080000	1701.9417035022736
72120000	2396.5705366381644
72160000	2559.683787523079
72200000	2512.125919408226
72240000	2328.428826691246
72280000	1841.7562495593547
72320000	1955.3196591399192
72360000	1617.3021578685762
72400000	1432.0524433057547
72440000	1538.3854337284208
72480000	1534.9676059458732
72520000	1660.4666552097083
72560000	1643.6729891902207
72600000	1882.0806849063636
72640000	1828.7643923778057
72680000	1553.0644456468583
72720000	1628.9321946821808
72760000	1600.4486297453166
72800000	1641.122709945464
72840000	1654.8321022106052
72880000	1696.8147829494237
72920000	1452.4890491058827
72960000	1179.201127816403
73000000	728.1505600697279
73040000	879.0251063263893
73080000	808.4628370864868
73120000	762.1812594216346
73160000	1066.681119583416
73200000	1922.5337575008393
73240000	2003.9002967777253
73280000	1926.773701211357
73320000	1592.8497246730567
73360000	1463.3383216071607
73400000	867.9286177559734
73440000	870.5335797426641
73480000	1238.3142310992241
73520000	1478.2603152641295
73560000	1833.2127790423394
73600000	1580.4284443653107
73640000	799.9604760993958
73680000	398.5484739020705
73720000	388.29506935681104
73760000	272.2474642674923
73800000	291.3891847121865
73840000	305.11187721790077
73880000	325.72369806120844
73920000	364.4296623828858
73960000	378.81327689681945
74000000	514.6183384017021
74040000	315.27017299206256
74080000	120.11814011807144
74120000	109.466898870169
74160000	75.48709015200139
74200000	81.69861018564887
74240000	46.13027114845943
74280000	52.08327606881112
74320000	35.40333445513286
74360000	47.10125379983876
74400000	30.10157001596205
74440000	58.87790883650771
74480000	79.10604588070046
74520000	41.78863096304592
74560000	75.35240583812725
74600000	37.7179071689846
74640000	41.70059029553477
74680000	60.90082005744427
74720000	74.50640051782541
74760000	57.77911568750991
74800000	32.73403111983035
74840000	48.37131172828935
74880000	39.80890498529244
74920000	21.572702892208657
74960000	42.410503927188365
75000000	28.88648402331583
75040000	28.643609137001633
75080000	15.2585381352894
75120000	6.677883407060057
75160000	3.8515716076433657
75200000	4.151491972308606
75240000	1.4973689347947017
75280000	0.5987131056002342
75320000	0.46562264871988446
75360000	0.5284078617927618
75400000	0.5467693073301111
75440000	1.4852540354251862
75480000	3.333921245172806
75520000	3.2850136419177054
75560000	8.801276711632312
75600000	21.701219361259042
75640000	17.074585090136157
75680000	12.235594935067184
75720000	12.689130684555694
75760000	7.575463703502715
75800000	4.7087291293504645
75840000	2.119698500726372
75880000	1.8136712476385757
75920000	1.4337837100792676
75960000	2.217012447574921
76000000	2.6986947064629754
76040000	1.4893315609343816
76080000	0.7775104876420926
76120000	0.6773331065484323
76160000	3.8591152774089945
76200000	8.524333692842815
76240000	1.8048793544776738
76280000	1.5075534595112317
76320000	0.566771345258737
76360000	0.6366778440162191
76400000	0.7039615405634977
76440000	0.4415265911868773
76480000	0.665449473924376
76520000	1.2150601760020014
76560000	0.7170171376798302
76600000	0.5459385753310984
76640000	0.6325384321486112
76680000	0.9859066231448669
76720000	0.7729879404253792
76760000	0.7427689281360246
76800000	0.8367804516335484
76840000	0.3541025267968886
76880000	0.45860254699829966
76920000	1.7304156824660488
76960000	8.273247532923799
77000000	6.395597463067993
77040000	6.6438567408801985
77080000	4.007205858663562
77120000	3.016278148075566
77160000	2.2543816153358667
77200000	2.727045523803169
77240000	2.594385656174272
77280000	2.7425426504940726
77320000	2.117330938385613
77360000	2.166941379683884
77400000	1.61353587256046
77440000	1.8770228641476714
77480000	1.4511978245341686
77520000	1.9163862583479845
77560000	2.0332487792076077
77600000	1.767798323021643
77640000	1.8640500354455785
77680000	1.7215548256142066
77720000	1.1992344870419707
77760000	1.7731006693934557
77800000	2.00509177428633
77840000	1.247499807566288
77880000	2.3665218670359813
77920000	2.4304347593265585
77960000	1.9335851559847594
78000000	3.4962383694953285
78040000	1.6858730590226594
78080000	1.4131044730756432
78120000	1.5015326430105604
78160000	1.3983428565890528
78200000	0.9965023288175464
78240000	0.7420455060576089
78280000	0.8062458159420174
78320000	0.8453095549677498
78360000	0.6921431093846914
78400000	0.6256465661626309
78440000	0.5421818922950886
78480000	0.4837877765584039
78520000	0.6072405392089626
78560000	0.5205826098908903
78600000	0.6597354204410687
78640000	0.49231294866157693
78680000	0.3647579586761538
78720000	0.3425568766321987
78760000	0.29161924391086214
78800000	0.4261712078903336
78840000	0.3632792666252237
78880000	0.31678925858163276
78920000	0.34045077130640855
78960000	0.3784978046053089
79000000	0.38066214591171593
79040000	0.3708209453076124
79080000	0.35476796128805727
79120000	0.4130630389370024
79160000	0.3911704696983099
79200000	0.5335484174370766
79240000	1.351319784963876
79280000	3.3936071890182795
79320000	8.096673826144636
79360000	4.391303507699445
79400000	2.801097258757055
79440000	1.7063188399612903
79480000	1.5874866794820874
79520000	0.8808784681551158
79560000	1.3043396336786448
79600000	1.2910566803708672
79640000	0.9106518178619445
79680000	0.6777215002652258
79720000	0.5620044909352436
79760000	0.7124582908473909
79800000	1.3483978833708912
79840000	1.187393258191645
79880000	2.0880603109553455
79920000	1.4642055154554545
79960000	0.6182681847218424
80000000	1.92833241269961
80040000	2.2775477615334094
80080000	1.5584626476477832
80120000	0.820149381288141
80160000	2.4021759738102557
80200000	1.0682165253669023
80240000	1.5341827338837086
80280000	0.9550450537458062
80320000	1.8867707808673382
80360000	0.976526095341146
80400000	3.264003008288145
80440000	1.5437486991580576
80480000	1.163849012029171
80520000	1.6672615758426488
80560000	2.2200616678938268
80600000	1.4216735618241132
80640000	1.750614590908587
80680000	3.7501011872529983
80720000	2.4685372527182103
80760000	2.652975990319252
80800000	1.7203142233788966
80840000	1.731624547391385
80880000	1.455069079338014
80920000	87.38428864751533
80960000	671.6380643510461
81000000	414.6918458304286
81040000	75.38475318918825
81080000	7.63318860014379
81120000	2.6618029565781356
81160000	1.6956196970626711
81200000	1.5061139507740735
81240000	1.514802525882423
81280000	1.9007433318041265
81320000	1.4876594622187316
81360000	1.6648145472042262
81400000	2.5455545421376824
81440000	1.3427378389030695
81480000	1.8775781785741448
81520000	1.3629414266981184
81560000	2.063653890413046
81600000	1.3267297990616411
81640000	1.863346125523746
81680000	1.6239774248227477
81720000	2.7397953184977175
81760000	1.9005146258607506
81800000	1.955708774533868
81840000	2.1531671580523253
81880000	2.5729163204550742
81920000	1.7269085259303452
81960000	2.224316382805258
82000000	1.6952680392488837
82040000	1.9063509370446206
82080000	1.4882485757619142
82120000	2.8648453996419905
82160000	1.3856258900895715
82200000	2.3923795198470352
82240000	1.8686679005488753
82280000	2.37578989957422
82320000	2.4005962433427572
82360000	2.240068975970149
82400000	2.1745478776946663
82440000	2.5890036641329526
82480000	1.8853980863392352
82520000	1.5610478531375527
82560000	1.8180140421658755
82600000	2.068237955673039
82640000	1.6824811120256782
82680000	2.2393631440490482
82720000	2.328571962633729
82760000	2.5162716511726377
82800000	3.197631718660891
82840000	2.1101475416392086
82880000	3.531759723418951
82920000	2.1201017350792886
82960000	2.708234658822417
83000000	2.5356537066593767
83040000	2.141881854492426
83080000	2.2004813608795404
83120000	3.5475603782236576
83160000	2.4303102310866116
83200000	1.998222968107462
83240000	2.394735778684914
83280000	2.437179930770397
83320000	2.273230035492778
83360000	2.8452800578951836
83400000	3.0556797822460533
83440000	1.9022268309220671
83480000	2.416224256940186
83520000	2.4175557814329864
83560000	2.074003723354638
83600000	1.8568819880783558
83640000	1.7477779662176967
83680000	2.0233278567820787
83720000	2.131081459993124
83760000	1.7269070293329656
83800000	1.9892559868857265
83840000	1.3754031503021718
83880000	1.524991942127049
83920000	1.583899448803067
83960000	1.6601873437777162
84000000	2.6511838642120362
84040000	1.736096078798175
84080000	3.9217714328587054
84120000	1.7523484327971934
84160000	10.456268295383452
84200000	42.20940565724373
84240000	59.94699993438721
84280000	69.31217546215058
84320000	83.62415634231567
84360000	137.26378478870393
84400000	80.91640254497528
84440000	701.1705760292053
84480000	1008.923078150177
84520000	1054.4395135658265
84560000	1181.9980869514466
84600000	409.4865941673279
84640000	534.1811321968079
84680000	513.9784753875732
84720000	455.3958782333374
84760000	449.34137858428954
84800000	282.97410264797213
84840000	239.7181999814987
84880000	166.98892460498809
84920000	97.53041711826324
84960000	40.65439829301834
85000000	28.320632663965224
85040000	16.123907625246048
85080000	11.845422415840625
85120000	7.227034775474667
85160000	4.031953055399656
85200000	2.5977647944271562
85240000	3.725627611553669
85280000	5.466354252582788
85320000	6.097214592343569
85360000	7.800155929034949
85400000	9.466920338177681
85440000	6.317367735266686
85480000	6.967685417824984
85520000	15.573191361045838
85560000	28.572975927639007
85600000	33.860022956705095
85640000	41.67639497451782
85680000	41.90232703433037
85720000	27.482624027240277
85760000	11.111687325286866
85800000	5.257522002613545
85840000	2.3806476623237134
85880000	4.86452131998539
85920000	51.58171546626091
85960000	35.99702966017723
86000000	19.57260373811722
86040000	13.96167244297266
86080000	4.396780426990986
86120000	1.7217007984787225
86160000	1.7071577153295279
86200000	2.662044873467088
86240000	3.3798730790287257
86280000	1.9984394821852445
86320000	1.206455378741026
86360000	0.9694666372209787
86400000	1.2633929007038474
86440000	1.0195240759886801
86480000	1.3365122337020934
86520000	1.3246003622725606
86560000	1.650427720616758
86600000	1.123510092139244
86640000	2.651793834942579
86680000	1.987890939810127
86720000	0.8664656861513853
86760000	1.0646397429659962
86800000	2.956038413237035
86840000	18.12333661019802
86880000	9.025057663735748
86920000	2.2181238560259344
86960000	1.2877197612136602
87000000	1.568893294940889
87040000	2.110312641021609
87080000	0.8160995083559305
87120000	1.1236407671928406
87160000	1.3503871819876134
87200000	2.2086088738158347
87240000	3.805945774808526
87280000	2.6709534684345124
87320000	2.0698620544224977
87360000	2.612498388890922
87400000	1.0887730100266635
87440000	2.9788549504324795
87480000	1.2847236039675771
87520000	1.270842250174284
87560000	1.0523583493337034
87600000	0.8942722306549549
87640000	1.6249181807890534
87680000	1.1660618194460868
87720000	9.611615491276979
87760000	11.345258739662171
87800000	2.7226796417698265
87840000	1.0507566162735225
87880000	1.3311241364769637
87920000	0.959299412432313
87960000	2.8774342184379695
88000000	4.976632330346107
88040000	1.2235239191956817
88080000	0.7764508118342608
88120000	0.5852445118043572
88160000	4.234617733190209
88200000	21.520946220755576
88240000	9.355584306541084
88280000	6.159941559523344
88320000	3.4661243497371674
88360000	1.2605205541834235
88400000	1.930135557423532
88440000	1.733500260706246
88480000	1.8610382839672268
88520000	10.775276278248429
88560000	9.441422626000643
88600000	4.307108065150678
88640000	3.0279156647905707
88680000	5.07727268680036
88720000	6.976500199277699
88760000	4.76618849080354
88800000	2.5119313750624657
88840000	9.308072343093157
88880000	41.86696949281693
88920000	14.551381747385859
88960000	7.474597169682384
89000000	3.2451681470498444
89040000	0.9756004818283022
89080000	0.6199833619788289
89120000	0.47651289924047885
89160000	0.41112496096324175
89200000	0.36792656820770353
89240000	0.32819638944119217
89280000	0.36586766740977766
89320000	0.37882883177259935
89360000	0.39977376553397626
89400000	0.5954758885545656
89440000	0.5313507839240134
89480000	1.2389068757982924
89520000	9.05384521740675
89560000	13.627938257706166
89600000	8.6227302178666
89640000	2.4791327580444515
89680000	1.0615107338596135
89720000	0.601453184582293
89760000	0.5553688982900232
89800000	0.8023733450561762
89840000	0.4164893375713378
89880000	0.41099803985618055
89920000	0.4008175052971579
89960000	0.38799387439135463
90000000	0.3911737477600574
90040000	0.5267257032287307
90080000	0.42465796291688457
90120000	0.41169605809301135
90160000	0.5432943833522499
90200000	0.4322840615591966
90240000	0.45608978612460194
90280000	0.38358362159729004
90320000	0.35217499849880113
90360000	0.34556908440710976
90400000	0.4258717923543416
90440000	0.2915765480240807
90480000	0.28638976956708356
90520000	0.4764894898675382
90560000	0.9862838981568813
90600000	78.66233816565276
90640000	591.2470136016846
90680000	663.0181981510162
90720000	171.7135501268387
90760000	74.77979984378814
90800000	52.59614577498436
90840000	55.1972781208992
90880000	164.9258877161026
90920000	533.3936055805207
90960000	175.30932114868165
91000000	96.38494334917068
91040000	1304.3675718641282
91080000	1106.1536870536804
91120000	352.7773025215149
91160000	1827.0515963256837
91200000	26547.022300439454
91240000	160354.63818671874
91280000	497622.36263125
91320000	789115.73731875
91360000	1053851.26376875
91400000	1238154.61245625
91440000	981028.87685
91480000	385279.3491140625
91520000	125457.25261503906
91560000	36966.65187846679
91600000	4312.3025808471675
91640000	1413.9581929595947
91680000	824.9370799957276
91720000	478.0786296295166
91760000	362.24541606063843
91800000	254.46907618560792
91840000	183.18866059265136
91880000	134.07858446922302
91920000	105.87823638534546
91960000	97.11749003982544
92000000	79.43369302902222
92040000	66.23800618038177
92080000	58.494104404449466
92120000	51.44404454727173
92160000	48.004215089607236
92200000	46.11687549915314
92240000	43.66536155490875
92280000	39.6216051361084
92320000	33.35539767513275
92360000	31.490339640522002
92400000	27.958449747848512
92440000	25.509157296848297
92480000	23.44095152282715
92520000	21.830574196481706
92560000	21.526143252277375
92600000	18.583612285518647
92640000	19.155363893699647
92680000	15.631609398078918
92720000	15.34931458773613
92760000	12.670063098192214
92800000	13.414270663285256
92840000	11.935503226661682
92880000	11.848753594398499
92920000	9.976171706390382
92960000	8.833599374699592
93000000	10.410814420115948
93040000	8.505395007514954
93080000	7.758315057444572
93120000	7.476649476468563
93160000	7.478392061400413
93200000	7.011895774531364
93240000	6.685684712338448
93280000	6.116192072147131
93320000	5.647154604196548
93360000	5.700815774071216
93400000	5.625487496876716
93440000	4.821841758179665
93480000	5.3114789586901665
93520000	5.131049035835266
93560000	4.169400983381271
93600000	3.933277115035057
93640000	4.0388316607236865
93680000	3.623303950589895
93720000	3.663500976955891
93760000	3.590804159295559
93800000	2.9711433848500253
93840000	2.6214256039559842
93880000	2.955542924106121
93920000	2.3373730327010156
93960000	2.458019110646844
94000000	2.4268772073626517
94040000	2.3002479941532017
94080000	2.4083234579265116
94120000	1.8159766224712133
94160000	1.8986980892121792
94200000	1.9353322129517794
94240000	2.0309303082764147
94280000	1.9384392947763205
94320000	1.5629304952263832
94360000	1.2039914882153273
94400000	1.0392722503140568
94440000	0.9232140779286623
94480000	0.9075658947080374
94520000	0.8200330334872007
94560000	0.8641587548226118
94600000	0.7486806700512767
94640000	0.7294712393663824
94680000	0.6399760823115707
94720000	0.6655516827389598
94760000	0.6016374371938408
94800000	0.527895667399466
94840000	0.4675471547737718
94880000	0.479126881223917
94920000	0.45844944610223176
94960000	0.4164474814042449
95000000	0.4167633489333093
95040000	0.44398508874550463
95080000	0.3970324506759644
95120000	0.43181407334655525
95160000	0.404943710969761
95200000	0.35278791386038066
95240000	0.33898175402153286
95280000	0.40410034893453123
95320000	0.32713808990083637
95360000	0.37773630212061104
95400000	0.39007569647990165
95440000	0.3301002079434693
95480000	0.3065933489240706
95520000	0.2988841252243146
95560000	0.40861789548583327
95600000	0.3516986980803311
95640000	0.3095955098953098
95680000	0.3808043585881591
95720000	0.30350543847829103
95760000	0.351781610958837
95800000	0.22332089448422193
95840000	0.27881114573907106
95880000	0.247343807836622
95920000	0.2563653342809528
95960000	0.25744305244479326
96000000	0.25073428839761763
96040000	0.2251237860608846
96080000	0.24721452123299242
96120000	0.2177692786300555
96160000	0.2126130682580173
96200000	0.2029617890876718
96240000	0.18947433871943503
96280000	0.21845100653534755
96320000	0.2877634626308456
96360000	0.25528584914421665
96400000	0.26580144795468075
96440000	0.2647935469173826
96480000	0.19249622053299098
96520000	0.23520297505529597
96560000	0.17383217292027547
96600000	0.15694106630804017
96640000	0.14735714091341942
96680000	0.17542767606182025
96720000	0.13447678412124514
96760000	0.12002563005168922
96800000	0.09922341567268596
96840000	0.10435927246399224
96880000	0.09979583429349587
96920000	0.09563896928504109
96960000	0.09306881509497762
97000000	0.07910904681226238
97040000	0.08398109780959785
97080000	0.07053835638607853
97120000	0.060515134244738145
97160000	0.06109663845500909
97200000	0.06198673270847648
97240000	0.05305545082073659
97280000	0.05958944723433815
97320000	0.07061886921701953
97360000	0.06378232657392509
97400000	0.058364799641189166
97440000	0.06338396789645775
97480000	0.057940346015663814
97520000	0.05677861286727712
97560000	0.052986547238519414
97600000	0.04897120447298512
97640000	0.053039602021686734
97680000	0.059644700872013345
97720000	0.10737335084462539
97760000	0.20966802251618355
97800000	0.31748598190490157
97840000	0.2599005690990016
97880000	0.1628138406727463
97920000	0.13953295414615421
97960000	0.13186303165545687
98000000	1.172248849847354
98040000	85.99293809275628
98080000	539.0579752847672
98120000	2044.5103760986328
98160000	3678.02872633667
98200000	1570.7881495010377
98240000	321.52673898429873
98280000	48.95072779364586
98320000	8.27278947505951
98360000	3.6438661975502966
98400000	2.5893539810836317
98440000	2.7795915636360644
98480000	2.842884953767061
98520000	2.490754354956746
98560000	2.5142376872509717
98600000	1.9225831793323158
98640000	1.5418168572098017
98680000	1.8105622575938702
98720000	1.3749192504048346
98760000	1.160990207608044
98800000	0.8748710453644395
98840000	1.045973225581646
98880000	0.9409440557807683
98920000	0.7351604289621114
98960000	0.6449515541769564
99000000	0.6487628856219352
99040000	0.6370258507043123
99080000	0.4455496685132384
99120000	0.3597342468455434
99160000	0.3855786215197295
99200000	0.37489785565063355
99240000	0.437900207105279
99280000	0.3208910160854459
99320000	0.2901983414258808
99360000	0.3576558588322252
99400000	0.36659282687306405
99440000	0.3092225339345634
99480000	0.3099586444862187
99520000	0.36103922326937316
99560000	0.317898278365843
99600000	0.2990690873710439
99640000	0.2907596773536876
99680000	0.35599035727456213
99720000	0.32253290522377936
99760000	0.33957405846379696
99800000	0.2953020691692829
99840000	0.3352721552291885
99880000	0.26873328266330065
99920000	0.29613621425572784
99960000	0.33946089296806603
100000000	0.39721811086274683
