240000	0.07020282010450028
280000	0.5565922421051189
320000	1.180840824137628
360000	6.841189396458864
400000	50.11800125293732
440000	209.7953339164734
480000	328.63759605903624
520000	460.3279212724686
560000	578.2317071165085
600000	548.8813299552918
640000	576.978138136673
680000	626.8996043540955
720000	682.4411118637084
760000	765.1759956813812
800000	844.2196135231018
840000	1027.3122436962128
880000	1188.7971009628295
920000	1197.5039924312591
960000	1126.4907997940063
1000000	1185.1999412757873
1040000	1295.1046713676453
1080000	1442.7647331733704
1120000	1501.014301939392
1160000	1277.1622721038818
1200000	1150.2192701286315
1240000	1114.9638285324097
1280000	921.048662889862
1320000	814.5653694000245
1360000	696.8945122451782
1400000	647.8422618591309
1440000	526.8286293118476
1480000	429.07271358089446
1520000	358.35469516415594
1560000	317.76336485118867
1600000	288.1916595977783
1640000	226.2362334895134
1680000	184.99544022192956
1720000	149.86631996803283
1760000	137.34382944111823
1800000	128.69310344791413
1840000	119.42793612926006
1880000	103.68205972883702
1920000	88.3774027379632
1960000	81.02074148273468
2000000	70.04730964355468
2040000	59.2670784440875
2080000	47.5446364959836
2120000	42.711166738718745
2160000	39.09172908320427
2200000	32.122177249825
2240000	27.00481660760045
2280000	22.085339768618347
2320000	17.82081250525117
2360000	14.487799164026976
2400000	11.743792340821027
2440000	9.514485934877396
2480000	10.10445531606078
2520000	9.55259078668952
2560000	9.828885158848763
2600000	9.195919322651624
2640000	9.322180103355645
2680000	9.202237377786636
2720000	9.10341526825428
2760000	8.497123945951461
2800000	8.975639335095883
2840000	9.708776926016808
2880000	10.12968087658286
2920000	9.39943576168418
2960000	9.543449890244007
3000000	11.089333462536334
3040000	11.07032873764038
3080000	12.064770012533664
3120000	11.396285280841589
3160000	9.99611829032302
3200000	9.046325022876262
3240000	6.9600096834719185
3280000	5.923712910825014
3320000	5.4735756276011465
3360000	5.084926679915189
3400000	6.029675258809328
3440000	6.393586443865299
3480000	5.717871232521534
3520000	6.1830269507050515
3560000	6.852019106251001
3600000	6.212746010684967
3640000	5.562608325004578
3680000	5.584628846108913
3720000	5.17478309841156
3760000	4.767424055945873
3800000	4.916630983287096
3840000	4.880480130523443
3880000	5.112258981621266
3920000	5.124633559668064
3960000	5.023429753744602
4000000	4.904735667544603
4040000	4.831675856208801
4080000	4.569609348380566
4120000	4.555333837842941
4160000	4.75566659206748
4200000	5.1339100031733516
4240000	6.664880244266987
4280000	7.972971211111545
4320000	7.78466324391365
4360000	8.123700728023053
4400000	8.524109330236913
4440000	7.448179505693912
4480000	6.5934525440216065
4520000	6.85159915997982
4560000	6.584744069367647
4600000	7.580853849923611
4640000	7.370556018304825
4680000	7.971687926626205
4720000	8.492009174078703
4760000	8.786747456336022
4800000	10.450131525695324
4840000	11.017022649765014
4880000	10.235677008497715
4920000	11.258373225533962
4960000	12.256630922615528
5000000	12.594204519063235
5040000	12.42447579832077
5080000	10.949969916450977
5120000	8.478571625554562
5160000	8.740389963287114
5200000	9.763730438911915
5240000	9.179256872785091
5280000	10.031056657725573
5320000	10.350752778089046
5360000	11.739726808834076
5400000	11.226141127502919
5440000	10.771725086253882
5480000	10.569947489416599
5520000	10.35513408254981
5560000	10.363018138551713
5600000	10.608282096147537
5640000	10.786512487280369
5680000	9.699095581191779
5720000	8.610040573322774
5760000	9.327553034001589
5800000	9.229429665482044
5840000	8.998011771196127
5880000	8.73093390173316
5920000	7.7096932584822175
5960000	8.048966246303916
6000000	6.815130832797289
6040000	6.55878802755475
6080000	6.230220585376024
6120000	6.434069600564241
6160000	5.587878835907579
6200000	4.9919719459235665
6240000	4.5485444731831555
6280000	4.158546794119477
6320000	3.9620120550602675
6360000	3.6463896599650383
6400000	3.7890770299360157
6440000	3.66028707960397
6480000	3.1963180695846676
6520000	3.013960554970801
6560000	3.29970915645808
6600000	3.5165694003000856
6640000	3.010513270436227
6680000	3.152154571297765
6720000	2.9628804918944835
6760000	2.896954519240558
6800000	2.6845642467439172
6840000	2.234828228137642
6880000	2.150560602385551
6920000	1.9656510567516088
6960000	1.9193128891512752
7000000	1.8229859001129867
7040000	1.881350488294661
7080000	1.7769235185071826
7120000	1.9685180388957262
7160000	1.711146588756889
7200000	1.5650568189010023
7240000	1.776036639161408
7280000	1.5538575370974839
7320000	1.3536752669900656
7360000	1.1989045421510935
7400000	1.1794443079531194
7440000	1.3994998221114279
7480000	1.3708288192272187
7520000	1.381879512213543
7560000	1.5602988922052086
7600000	1.2683762345209717
7640000	1.4294746305987238
7680000	1.7116562840729952
7720000	1.5625659812942148
7760000	1.2686069625947625
7800000	1.3924125972345471
7840000	1.4057539467826485
7880000	1.350835006789118
7920000	1.8695534421943127
7960000	1.7315357230313122
8000000	1.6084176287472247
8040000	1.8748733110249043
8080000	1.7143556205041706
8120000	1.5625103706113994
8160000	1.6987212690442801
8200000	1.476647222803533
8240000	1.2740584298543631
8280000	0.9366129190012813
8320000	0.8620584450382739
8360000	0.7673686009023338
8400000	0.8104707645617425
8440000	0.7861292364053428
8480000	0.8005079935997724
8520000	0.804481248306483
8560000	0.7098937730550766
8600000	0.8745148831404745
8640000	1.2535000647112726
8680000	1.4556157761745154
8720000	1.1570009716197849
8760000	1.078365775719285
8800000	1.1186327388107777
8840000	1.1370495767183602
8880000	0.7960535786461085
8920000	0.7397948586575687
8960000	0.7874500070568174
9000000	0.7611857445001602
9040000	0.7449106951348483
9080000	0.8351972578689456
9120000	0.672491697409749
9160000	0.6024190755408257
9200000	0.7298769233845175
9240000	0.6470101953446865
9280000	0.732261244231835
9320000	0.704896592188254
9360000	0.6579443460442126
9400000	0.8508535105474293
9440000	0.7167536686427891
9480000	0.7873119919840247
9520000	0.7210056611824781
9560000	0.6505924172975123
9600000	0.6771608864288777
9640000	0.8876221513189375
9680000	0.8004262383375317
9720000	0.8158687938589603
9760000	0.7107391830570996
9800000	0.8050494325950742
9840000	0.738397902007401
9880000	0.6088949093647301
9920000	0.547259667756036
9960000	0.48429875134155154
10000000	0.5320676787860692
10040000	0.5726361203916371
10080000	0.6545581453785301
10120000	0.5585250981450081
10160000	0.6104382942266762
10200000	0.407585258962214
10240000	0.51023772886917
10280000	0.5137213504258543
10320000	0.5401813884992153
10360000	0.515762272183597
10400000	0.5132487135674805
10440000	0.4853684632536024
10480000	0.45357531831227244
10520000	0.539094598358497
10560000	0.4547426558550447
10600000	0.5436754629801959
10640000	0.46088430114611983
10680000	0.4908990628924221
10720000	0.45743743780665097
10760000	0.4764891531266272
10800000	0.5375689325291664
10840000	0.5038101857002825
10880000	0.556047842092067
10920000	0.5724217381156981
10960000	0.5903259504195303
11000000	0.5799872527264058
11040000	0.5468863673660904
11080000	0.5260409837476909
11120000	0.6396216671220958
11160000	0.6688446492217481
11200000	0.6320861608400941
11240000	0.6732656042397023
11280000	0.6302641339376569
11320000	0.7425665595091879
11360000	0.6967507078133524
11400000	0.7429646294929088
11440000	0.6093470833424479
11480000	0.7271671533405781
11520000	0.7692414284989237
11560000	0.9874443049654364
11600000	1.3258758462667466
11640000	1.3868939167886973
11680000	1.3529805206000804
11720000	1.2611298544943332
11760000	1.0603262898728252
11800000	1.0475381670340895
11840000	0.9837944261878729
11880000	0.9195824273183942
11920000	0.9636399126917123
11960000	0.910964543158561
12000000	0.8920616273358464
12040000	0.936028228367865
12080000	0.8854871164232493
12120000	0.7885296367883682
12160000	0.7791864214032889
12200000	0.825410915441066
12240000	0.8767287921532989
12280000	0.8436014617606997
12320000	0.8752819012403488
12360000	0.9047311553329229
12400000	0.8923697303831577
12440000	1.0527541502371431
12480000	1.3442748467817902
12520000	1.4677148887827993
12560000	1.5748938971281052
12600000	1.3363832500189543
12640000	1.3309838253572583
12680000	1.4587994157910347
12720000	1.58134569452852
12760000	1.5642600472174586
12800000	1.706340487907827
12840000	1.7588146914169192
12880000	1.603052250392735
12920000	1.4794731517136097
12960000	1.3868285001292824
13000000	1.4285435824021697
13040000	1.3383286353774368
13080000	1.4238323383763432
13120000	1.4100097258076072
13160000	1.4521837527133525
13200000	1.4803198442719876
13240000	1.3518775804325938
13280000	1.270828597342968
13320000	1.2001438299819827
13360000	1.3714968639515341
13400000	1.3185870103120805
13440000	1.3624238676272333
13480000	1.387366263539344
13520000	1.2174235573679208
13560000	1.4710785100452601
13600000	1.3653995583601295
13640000	1.393201941459626
13680000	1.5762939609989524
13720000	1.5200962499961257
13760000	1.4808136014506221
13800000	1.4575750834852457
13840000	1.471241818781197
13880000	1.6562030300058423
13920000	1.6529009995788335
13960000	1.728558224017918
14000000	1.7850719225503504
14040000	1.7028943502001463
14080000	1.582747102446109
14120000	1.6454654776766897
14160000	1.5534019139274955
14200000	1.6109736166492103
14240000	1.7859126726150514
14280000	2.0204280962824823
14320000	1.964595232231915
14360000	1.8739333836987615
14400000	2.0340614230066536
14440000	2.0805045892864467
14480000	2.087457674239576
14520000	2.230275545163453
14560000	1.9119928700596094
14600000	2.0792311928763985
14640000	2.01291304359138
14680000	2.2378269111022355
14720000	2.104919145455584
14760000	2.0592594430610536
14800000	1.9194109403118491
14840000	2.1569941685050726
14880000	1.8851095420897006
14920000	2.180597404782474
14960000	2.1960481835842134
15000000	2.391122942119837
15040000	2.645692512342334
15080000	2.8553873119056226
15120000	3.610272823318839
15160000	5.1766127745434645
15200000	5.561650568917393
15240000	4.352056173208356
15280000	3.512919829215109
15320000	3.1075368792712688
15360000	2.7809308238357304
15400000	2.6442297165870667
15440000	2.671838842847943
15480000	2.7064228906035424
15520000	2.695442768627405
15560000	2.922681943050027
15600000	2.5440421793341637
15640000	2.386537905883789
15680000	2.4460871340960266
15720000	2.3781967710196974
15760000	2.4415448610454797
15800000	2.682922699421644
15840000	2.6176461393088104
15880000	2.653642612054944
15920000	3.101568843448162
15960000	3.3124492431342603
16000000	3.344434703338146
16040000	3.2466244622051716
16080000	3.3638157945275307
16120000	3.2272710307598116
16160000	3.3661234346568585
16200000	2.8621608156263827
16240000	3.176439336332679
16280000	3.1370878098875283
16320000	3.251553774994612
16360000	3.4389529233813287
16400000	3.0101426616251468
16440000	3.289468849593401
16480000	3.245769537526369
16520000	3.137398840484023
16560000	2.965333939650655
16600000	2.5879487922787665
16640000	2.539906574472785
16680000	2.3917808860093355
16720000	2.1585723325043915
16760000	2.1273945221751926
16800000	2.057540530860424
16840000	2.169857839989662
16880000	1.9674680529981852
16920000	1.9127558588027953
16960000	1.8824196261554957
17000000	2.0080551905542614
17040000	1.9681982697665692
17080000	1.9393445423662663
17120000	1.8353933986902238
17160000	1.8275033933848142
17200000	1.8230912218421698
17240000	1.9719428216934205
17280000	2.0650412886738776
17320000	1.8866778542399407
17360000	1.8527380651399494
17400000	1.7413467040836812
17440000	1.6806756617575884
17480000	1.5892302982971072
17520000	1.6277695051684975
17560000	1.6485108949974179
17600000	1.8910233777344228
17640000	2.014353732553124
17680000	1.8602187685281037
17720000	1.6137290884017945
17760000	1.5392555404663086
17800000	1.7851391885250807
17840000	1.5768151024863124
17880000	1.4680832745298744
17920000	1.4273283799543977
17960000	1.3245182166159153
18000000	1.1480628496751188
18040000	1.267453500816226
18080000	1.3073964090377093
18120000	1.4238615456983448
18160000	1.383904923774302
18200000	1.2995354661792518
18240000	1.183180218577385
18280000	1.297904371973872
18320000	1.2113579474925995
18360000	1.2532301654711366
18400000	1.1659034863173963
18440000	1.1789224851623177
18480000	1.051993961533904
18520000	1.0284244920253753
18560000	1.1637691376790404
18600000	1.1351549284279348
18640000	1.1923071894831956
18680000	1.1171177710980178
18720000	1.2392861991003157
18760000	1.2423713277205826
18800000	1.1009724277019501
18840000	1.1136297104470432
18880000	1.1181441133476793
18920000	1.1115267900109291
18960000	1.0188890191450715
19000000	1.068331244404614
19040000	1.2382240919977427
19080000	1.3223621704995632
19120000	1.3478970549494027
19160000	1.2862119617938996
19200000	1.1577505103677512
19240000	1.0405138117313386
19280000	1.0863180365614593
19320000	0.9075437121607364
19360000	0.9104392890810966
19400000	0.8037390466541052
19440000	0.6736582293495536
19480000	0.7127842957086861
19520000	0.7553396472103894
19560000	0.8342537268400192
19600000	0.8886381586618721
19640000	0.8199830660909414
19680000	0.8344035229220986
19720000	0.8262174679011106
19760000	0.8481140220392496
19800000	0.6938956848450005
19840000	0.7666484586723149
19880000	0.7510665062703192
19920000	0.6983069588132202
19960000	0.6861869820281863
20000000	0.821355591879785
20040000	0.9424588877558708
20080000	0.9612638116046787
20120000	0.8743389003045857
20160000	1.018246954178065
20200000	0.789265193951875
20240000	0.8950660949006677
20280000	0.8306108375661075
20320000	0.7725053448401391
20360000	0.9108640338383615
20400000	0.8043940241776407
20440000	0.9823024629443884
20480000	0.9395396850764751
20520000	0.9627623960971833
20560000	0.90708982815817
20600000	1.0349953608430922
20640000	0.9349141091704368
20680000	0.9358556806012988
20720000	0.8950048297159374
20760000	0.9211275387972593
20800000	0.9278622806183994
20840000	0.9262397496812046
20880000	0.8605578349299728
20920000	0.8893821539357305
20960000	0.832104427228868
21000000	0.9753435340330004
21040000	0.9394830516993999
21080000	0.8406385496348142
21120000	0.8181200623679906
21160000	0.9122130105309189
21200000	0.847646345602721
21240000	0.9436720095969736
21280000	0.8368538190245628
21320000	0.9598312439657748
21360000	0.8916392799206078
21400000	0.8254687209017575
21440000	0.8725304970636963
21480000	0.80213727921471
21520000	0.7431008968554437
21560000	0.8231671307720244
21600000	0.8610915906406938
21640000	0.7478321557439863
21680000	0.7508575371488929
21720000	0.6569360336214304
21760000	0.823549723539874
21800000	0.8294345172904432
21840000	0.6755934129599482
21880000	0.6895515367411077
21920000	0.6016710715018213
21960000	0.7595885840661823
22000000	0.6875717094771564
22040000	0.7047822235576808
22080000	0.6772356430865825
22120000	0.6330115127883852
22160000	0.6857572983719409
22200000	0.6926629177935422
22240000	0.657401668171212
22280000	0.5871930922277272
22320000	0.7277771030932665
22360000	0.8351589802518486
22400000	0.7448912464100867
22440000	0.7432585759110749
22480000	0.7280378133907914
22520000	0.7633046436816454
22560000	0.874121082342416
22600000	0.7751187848508359
22640000	0.788821938725561
22680000	0.7600843881987035
22720000	0.8379763085253537
22760000	0.680071866042912
22800000	0.7793516098320484
22840000	0.7476322190068663
22880000	0.8033196699053049
22920000	0.7896858636893332
22960000	0.8010053206637502
23000000	0.7122793555945158
23040000	0.7703371774077415
23080000	0.8001919350504875
23120000	0.7306699237994849
23160000	0.8418855149805545
23200000	0.7956035817608237
23240000	0.7068592428162694
23280000	0.7069321558430791
23320000	0.8075764351472259
23360000	0.7457562982350587
23400000	0.772045034507662
23440000	0.7872758667632938
23480000	0.8009817464439198
23520000	0.6560193093396723
23560000	0.8161267237674444
23600000	0.7725450075551867
23640000	0.7551731521844864
23680000	0.8225016062192619
23720000	0.7857645449861884
23760000	0.8610386183425784
23800000	0.7365296935006976
23840000	0.7133346257612109
23880000	0.7430958248458802
23920000	0.7725060999639333
23960000	0.6932248016089201
24000000	0.6689598939605057
24040000	0.6184479333698749
24080000	0.7442457393608988
24120000	0.7297117728557437
24160000	0.7816221603441983
24200000	0.7954963836275041
24240000	0.7941003787659109
24280000	0.826283753015846
24320000	0.6950709326945246
24360000	0.6624107263766229
24400000	0.7835195117510855
24440000	0.7829492190100252
24480000	0.7389453862868249
24520000	0.7236526461049915
24560000	0.8996962735719979
24600000	0.8798784980155527
24640000	0.7754978787373752
24680000	0.801562083407864
24720000	0.8952594453599304
24760000	0.8644123362954705
24800000	0.8463165908116848
24840000	0.8697151789844036
24880000	0.8106787183444947
24920000	0.7829112260311842
24960000	0.7055707069769501
25000000	0.7094890432596207
25040000	0.7537978570826351
25080000	0.6925574128434062
25120000	0.642542361452803
25160000	0.7021645815245807
25200000	0.6569787753239275
25240000	0.7340646697618067
25280000	0.7471041364062577
25320000	0.7457624834246933
25360000	0.8140073970980942
25400000	0.7723983660057188
25440000	0.8101729257699102
25480000	0.8846246225126088
25520000	0.8007531616613269
25560000	0.7635697607040405
25600000	0.8117423817887902
25640000	0.6998077959336341
25680000	0.6804782779119909
25720000	0.8077286739245058
25760000	0.8274236593388021
25800000	0.907553464275226
25840000	0.9132434185057878
25880000	0.7862086599476635
25920000	0.6938167387455701
25960000	0.7232762936092914
26000000	0.7308006615363062
26040000	0.7029779568322003
26080000	0.7665380304388701
26120000	0.7008855781212449
26160000	0.6768049972087145
26200000	0.7015071156229824
26240000	0.7426394392170012
26280000	0.6883675453800708
26320000	0.6854250341422856
26360000	0.6786462339021265
26400000	0.7645842844244093
26440000	0.7296914302922786
26480000	0.6807261381715536
26520000	0.6861995266266168
26560000	0.6033537356518209
26600000	0.6293651653859764
26640000	0.665209352324903
26680000	0.5229684510275722
26720000	0.6223542220350355
26760000	0.6228623265266419
26800000	0.5071414549361914
26840000	0.5886667041204869
26880000	0.6170235401388258
26920000	0.6779033474348486
26960000	0.7562079010352493
27000000	0.8258068299856037
27040000	0.9318507940970361
27080000	1.0175496815010905
27120000	1.0781463590428233
27160000	1.0316109512072056
27200000	1.0716332246754319
27240000	1.1074382199697197
27280000	1.0964564033962787
27320000	1.1022419012218714
27360000	0.9960598017171025
27400000	1.001816660617292
27440000	0.9295766375601292
27480000	0.8832482761085033
27520000	0.9314231182299554
27560000	0.9079812092863023
27600000	0.8123622412547469
27640000	0.9089689160741866
27680000	0.8772650656163693
27720000	0.9564002228543163
27760000	0.8726758278533816
27800000	0.7983499063163996
27840000	0.8936058072842658
27880000	0.8708732124641537
27920000	0.933959893951565
27960000	0.9387104931928217
28000000	0.9321745594926178
28040000	0.9022979695647955
28080000	0.8934282450839877
28120000	0.8760186856925487
28160000	0.8844087120346725
28200000	0.8456885387822985
28240000	0.8498670485325157
28280000	0.8255954062405974
28320000	0.8993363207243383
28360000	0.7618489688359201
28400000	0.764300966245681
28440000	0.8280301539413631
28480000	0.804686015393585
28520000	0.771366788379103
28560000	0.7498134098492563
28600000	0.7110975412823259
28640000	0.727991426423192
28680000	0.7946761801816523
28720000	0.9206794360145927
28760000	0.8455592123016715
28800000	0.9605703913100064
28840000	0.7938356178123503
28880000	0.882660986611247
28920000	0.9396228192426265
28960000	0.7788856262147427
29000000	0.7820012290794403
29040000	0.7635400724112987
29080000	0.7971900786459446
29120000	0.7591067114744335
29160000	0.7290143814567477
29200000	0.885915160112828
29240000	0.8025131925802678
29280000	0.8577323725692928
29320000	0.8221000650960952
29360000	0.8320674191262573
29400000	0.9272269071180373
29440000	0.7607059174794704
29480000	0.7700606228120626
29520000	0.8461793445162475
29560000	0.8838687620360405
29600000	0.8865164185389877
29640000	0.8349356334205716
29680000	0.9577787667810916
29720000	0.904450336978957
29760000	0.8214397582098841
29800000	0.7871264856666327
29840000	0.9018372565805912
29880000	0.904106211900711
29920000	0.7899574198607355
29960000	0.8894108389098198
30000000	0.7997570523073897
30040000	0.6485433746602386
30080000	0.7263624375816434
30120000	0.816413374921307
30160000	0.8566722850911319
30200000	0.9669353398483247
30240000	1.116078902988881
30280000	0.9119065946880728
30320000	1.1206159498244523
30360000	1.0142922663522884
30400000	1.011593959471211
30440000	1.1358736355282366
30480000	0.989575251288712
30520000	1.0210042294267565
30560000	0.8873373204514384
30600000	0.8691420992031693
30640000	0.7380193252272904
30680000	0.8973278585620225
30720000	0.9631552175251767
30760000	0.9836405509650707
30800000	0.9944196764200925
30840000	0.9239156460598111
30880000	1.000839197240956
30920000	0.9975063316930085
30960000	0.9136962591826916
31000000	0.9432658498741686
31040000	0.9793907707145437
31080000	1.0752613572929055
31120000	0.9664365667738021
31160000	0.933005548787862
31200000	0.9075848659139126
31240000	0.9722741000819951
31280000	0.907678315045312
31320000	1.0354566598262638
31360000	1.048127301089093
31400000	0.9556868718748912
31440000	0.9341311998419464
31480000	0.9838359842188656
31520000	0.9245355932734907
31560000	0.9802028555367142
31600000	1.1187520322810858
31640000	1.069392239934206
31680000	0.9881907906476408
31720000	1.0526950166255236
31760000	1.0085631042048335
31800000	1.1446402371630073
31840000	1.1586029301352798
31880000	1.030594019854255
31920000	0.9224108362104744
31960000	0.9621036678574979
32000000	0.8960187676243484
32040000	0.975635978356935
32080000	0.929575294772163
32120000	0.9670210616365075
32160000	1.0640284553699195
32200000	1.2039582415267824
32240000	0.9263822061048821
32280000	1.0777351293176411
32320000	1.0359905773803593
32360000	1.0338900586515665
32400000	0.9300152966056019
32440000	1.0379512983378023
32480000	0.9191160091660917
32520000	0.9837740779515356
32560000	1.0011439552161843
32600000	0.8540464989010245
32640000	1.0222019848704338
32680000	1.149759107042104
32720000	0.8981346514392644
32760000	0.9646574093218893
32800000	0.9517061976458877
32840000	0.913866964879632
32880000	0.9904501422129571
32920000	0.9478970224147663
32960000	0.9068873924683779
33000000	0.9469004381310194
33040000	0.924236146864295
33080000	0.8389613700293005
33120000	0.8927930306654424
33160000	0.8810577013608069
33200000	0.9236412478480488
33240000	0.8444219597216696
33280000	0.8702553442228586
33320000	0.8021125463962555
33360000	0.8098226701732725
33400000	0.9871530974317342
33440000	0.9609012097835541
33480000	0.9467543195448815
33520000	1.0156895464755595
33560000	0.9040347348248586
33600000	0.9745502505164594
33640000	0.9672084770139306
33680000	0.8348991787534207
33720000	0.8915316176958382
33760000	1.0577412528857588
33800000	0.9796184366639703
33840000	1.0143504954077303
33880000	0.8850592597547918
33920000	0.9942827945593744
33960000	0.9628200950145721
34000000	0.9502076076202095
34040000	0.8749384130218998
34080000	1.00367371874433
34120000	1.091981046677567
34160000	1.0726182020900772
34200000	1.0645303744580596
34240000	0.8758877316636965
34280000	1.088569391844049
34320000	0.9296576659992337
34360000	0.9039931584224105
34400000	1.085952940722555
34440000	1.1323857724644244
34480000	1.1551455050755293
34520000	1.2007964548118413
34560000	0.8834149037096649
34600000	0.9769562610574066
34640000	0.7888885394830256
34680000	0.8372892165962607
34720000	0.8678462137039751
34760000	0.9365968462405726
34800000	0.7727455034829677
34840000	0.7764223879588767
34880000	0.741618723801896
34920000	0.7334453930739313
34960000	0.8384601680032909
35000000	0.8953087363611907
35040000	0.8092832760812715
35080000	0.8769398283865303
35120000	0.8356726784968749
35160000	0.9828719178948552
35200000	0.8653833177808672
35240000	0.8548859619177878
35280000	0.8732955557405948
35320000	0.912581849183701
35360000	0.8746508142663166
35400000	0.8277435887135566
35440000	0.8708749059550465
35480000	0.77266282190606
35520000	0.8308226911962032
35560000	0.9422518604794518
35600000	0.9648630164025351
35640000	1.0964009317532182
35680000	0.853177076840587
35720000	0.8567657759906724
35760000	0.9401818391922862
35800000	0.9623999845955521
35840000	0.9162766805181279
35880000	0.8636534297410399
35920000	0.8209950482686982
35960000	0.8813090855387039
36000000	0.8617153825730085
36040000	0.8990072836756706
36080000	0.8877639291262254
36120000	0.9585798412233592
36160000	0.9299689773857593
36200000	0.8853924417119473
36240000	0.8807719225350767
36280000	0.8684657924164086
36320000	0.8033275206917897
36360000	0.9138396348189562
36400000	0.8899669479981065
36440000	0.8627581740425899
36480000	0.9147436275841668
36520000	0.9196766216797754
36560000	0.8152634450174868
36600000	0.80843907323163
36640000	0.8404089002595283
36680000	0.9001558099139482
36720000	0.8460256038907915
36760000	0.7874216036140919
36800000	0.8881655194047838
36840000	0.877511496305652
36880000	0.8255272942766547
36920000	0.8518918993145227
36960000	0.9021804693181068
37000000	1.0482993878168985
37040000	0.8616005509592592
37080000	0.8774224533315748
37120000	0.8947554833132774
37160000	0.9252417100351303
37200000	1.0734167515046895
37240000	0.9433588172705845
37280000	0.9887102658201009
37320000	0.970094575724192
37360000	1.0765172720935197
37400000	1.2342625627916306
37440000	1.2167275108478963
37480000	1.0825571484033019
37520000	1.1155085427738727
37560000	1.310955402140692
37600000	1.2712699227027595
37640000	1.3252207428313791
37680000	1.3753881291318686
37720000	1.532389587571472
37760000	1.455411076260358
37800000	1.4286441854223608
37840000	1.7350851554837077
37880000	1.4181843303240835
37920000	1.084919196519628
37960000	1.0694905784092843
38000000	1.0845417169597
38040000	1.1592994717601686
38080000	1.0819089928895236
38120000	0.9955275676634162
38160000	1.0161122197017074
38200000	1.0196011405937373
38240000	1.1215728669472038
38280000	1.1557198808543383
38320000	1.1154794777426869
38360000	1.1757182731598617
38400000	1.10539937944673
38440000	1.1729114146564157
38480000	1.1887204241927714
38520000	1.084987666022405
38560000	1.1472227717109025
38600000	1.1602771957695484
38640000	1.091249699947983
38680000	1.3483033064603807
38720000	1.1440185349673033
38760000	1.1612416875094176
38800000	1.099735527816601
38840000	0.9817161381274462
38880000	1.0653039949819445
38920000	1.0490673298053443
38960000	1.2057648159772159
39000000	1.2675144846599549
39040000	1.2550595863368361
39080000	1.2222188456786796
39120000	1.1913484744817018
39160000	1.2053998143866658
39200000	1.2038595012346283
39240000	1.134152577753365
39280000	1.2050952531766146
39320000	1.2246004994031041
39360000	1.12004671914801
39400000	1.2439888058576734
39440000	1.2588123613402247
39480000	1.2665129788573832
39520000	1.2465873418204487
39560000	1.2099691689329222
39600000	1.2963740057893098
39640000	1.3025062687534839
39680000	1.2664132582709193
39720000	1.4314776197120547
39760000	1.3590061467677355
39800000	1.2564712402846665
39840000	1.0894977450862526
39880000	1.209106683664769
39920000	1.1830496399428696
39960000	1.1422073100090027
40000000	1.2031212540686131
40040000	1.3357424442820252
40080000	1.3034234531719238
40120000	1.6159365743163974
40160000	1.46777794422023
40200000	1.687903487355262
40240000	1.5256139215812088
40280000	1.451041536297463
40320000	1.4958787935230882
40360000	1.5377769635688514
40400000	1.7120588187232613
40440000	1.6269431111652404
40480000	1.5266114069983363
40520000	1.6203203097429126
40560000	1.625375590142235
40600000	1.4415956732846797
40640000	1.379285117321834
40680000	1.5709970144700258
40720000	1.452284577682987
40760000	1.4062019670300185
40800000	1.4157118353655562
40840000	1.4590691225346177
40880000	1.359058549162373
40920000	1.4221700072452426
40960000	1.6146828936293722
41000000	1.5809472429001703
41040000	1.8074863932805136
41080000	1.5112480747496708
41120000	1.5377845981813967
41160000	1.6464273527879267
41200000	1.616681595857814
41240000	1.5595451645825058
41280000	1.5001327746436
41320000	1.4734210448034109
41360000	1.669781993964687
41400000	1.6291682644508778
41440000	1.8405470873601735
41480000	1.6598888265879825
41520000	1.6439544026872144
41560000	1.5906515015337617
41600000	1.672424019674957
41640000	1.6480669186959043
41680000	1.794232240409404
41720000	1.699737410143949
41760000	1.849253641783446
41800000	1.710858527328819
41840000	1.6276583841037005
41880000	1.757481400579214
41920000	1.7837135237973183
41960000	1.9010898387748747
42000000	1.8256253515735268
42040000	1.8259404285170138
42080000	1.762116093679145
42120000	1.8347792958777398
42160000	1.776028236277029
42200000	1.8421667589059099
42240000	1.9442938528139144
42280000	2.039977413292788
42320000	1.8958681423369794
42360000	1.7880292644657194
42400000	1.8738289047814907
42440000	1.8617641850076616
42480000	1.6288165975194424
42520000	1.7264047528639437
42560000	1.8800730351938866
42600000	1.8176081886751578
42640000	1.6285229487227275
42680000	1.6016876187508926
42720000	1.8670140605863184
42760000	1.6529230574246496
42800000	1.9561200446482747
42840000	1.8724042755274102
42880000	1.839214106341265
42920000	1.6647135594544933
42960000	1.7259991580279543
43000000	1.6625046632660554
43040000	1.6903871421530843
43080000	1.5357483061907813
43120000	1.5666004920938983
43160000	1.7445842253217474
43200000	1.8118176013140008
43240000	1.7981013434845954
43280000	1.7200503331670538
43320000	1.8376230345971882
43360000	1.7141144228400662
43400000	1.587092704601027
43440000	1.9047433388875796
43480000	1.8048382168861106
43520000	1.731502432071045
43560000	1.8984120653523133
43600000	1.9262827999701724
43640000	1.9007688154589384
43680000	1.8540954810690136
43720000	2.0309738627664746
43760000	1.8040245821092278
43800000	1.9937619022767992
43840000	1.7411174065535888
43880000	1.6598156983789056
43920000	1.627190137051046
43960000	1.7953649100115523
44000000	1.5828251165557652
44040000	1.8342012259339913
44080000	1.8825964552581311
44120000	1.7978789431795479
44160000	1.6270946501985193
44200000	1.6961358641568571
44240000	1.7494109189214184
44280000	1.9508499695951118
44320000	1.571111985701695
44360000	1.4927278807293625
44400000	1.5199675579646603
44440000	1.406739341940917
44480000	1.5587114737642929
44520000	1.5299824421195314
44560000	1.5059667606271803
44600000	1.5565250178225338
44640000	1.5212607352336869
44680000	1.5713837636718526
44720000	1.5792022141657769
44760000	1.5819786302309484
44800000	1.6206652403468267
44840000	1.5131863544780761
44880000	1.6123329110829159
44920000	1.5624527128668502
44960000	1.6849097754899411
45000000	1.6740956530794502
45040000	1.5005044453769922
45080000	1.4416701933545992
45120000	1.565358417532593
45160000	1.5281595836032182
45200000	1.6112837544407697
45240000	1.5069360244909302
45280000	1.5648982286898419
45320000	1.40542159203887
45360000	1.3893565601427107
45400000	1.5081559809554368
45440000	1.5441415625423194
45480000	1.403105135482177
45520000	1.4905421014638618
45560000	1.685537321254611
45600000	1.590036504344642
45640000	1.42210271369908
45680000	1.4366537954457104
45720000	1.5495995250334964
45760000	1.4268243990885094
45800000	1.4780408968335017
45840000	1.5651497103806584
45880000	1.5073980579251423
45920000	1.5223809002406896
45960000	1.5009123471152037
46000000	1.3635967020764947
46040000	1.4017944320589304
46080000	1.3040847644403577
46120000	1.3813641636971383
46160000	1.2989129531841725
46200000	1.4534926118284464
46240000	1.5902985724627972
46280000	1.4699654660232364
46320000	1.6602406938424334
46360000	1.8013505394736304
46400000	1.8040138650769368
46440000	1.640730909249559
46480000	1.6929974437771365
46520000	1.7231480126613752
46560000	1.6675428425516934
46600000	1.7297998094273732
46640000	1.6804095452688634
46680000	1.6535349766986445
46720000	1.5308794904530048
46760000	1.5982538826985284
46800000	1.789594279307127
46840000	1.6489554512845352
46880000	1.6285595218423754
46920000	1.701693580006808
46960000	1.8448966133680194
47000000	1.9044717734070495
47040000	1.6717062279328705
47080000	1.6647778828209265
47120000	1.665033647127077
47160000	1.6963279158227145
47200000	1.8006973355805502
47240000	1.7605492487346754
47280000	1.7019590223742649
47320000	1.70479829723984
47360000	1.9660280458517372
47400000	1.8162941202048213
47440000	2.1133330805750563
47480000	1.8830415315339342
47520000	1.8430261713324114
47560000	1.9537469218961894
47600000	2.038707675931789
47640000	1.9726543265737593
47680000	2.174061910827458
47720000	1.9081462438248098
47760000	1.9990692915881052
47800000	1.8576317734636367
47840000	1.9770170079184697
47880000	1.8119882557347418
47920000	1.922990295850113
47960000	1.818993497575447
48000000	1.8717141889918596
48040000	1.878803329545632
48080000	1.8110121338477358
48120000	1.7823968199931086
48160000	1.7523262202408165
48200000	1.9794026665013285
48240000	1.6133009969832375
48280000	1.6229014897512273
48320000	1.6967015953246505
48360000	1.6801558406343684
48400000	1.6295923312386498
48440000	1.8636293534422292
48480000	1.8378302798110993
48520000	1.9092874033087865
48560000	1.9346081236694008
48600000	1.8292270473115146
48640000	1.8247221397042275
48680000	2.0338246289592234
48720000	2.04694245806057
48760000	1.9948276454530656
48800000	1.856089396608621
48840000	1.7829730030467734
48880000	1.7771799511535094
48920000	1.7974263035601006
48960000	1.7934700383856892
49000000	1.862371283341758
49040000	2.019219898411818
49080000	2.0447665921699256
49120000	2.1745016698624937
49160000	2.0220230004288258
49200000	1.9411428747557105
49240000	2.048171542617306
49280000	1.9787177908811717
49320000	1.930921265023388
49360000	1.8114413219967858
49400000	2.030575447505899
49440000	2.2143515399944036
49480000	2.034479203293845
49520000	2.155506180193834
49560000	1.913518356469646
49600000	2.08073395531252
49640000	1.9927938545113428
49680000	2.16797769823391
49720000	1.9687108340136708
49760000	2.2559554977130145
49800000	2.080187932763249
49840000	2.0791493674557655
49880000	2.1611715481227263
49920000	2.1332284844111653
49960000	1.9660143799558283
50000000	1.9153962759751826
50040000	2.1065973797425626
50080000	1.9405153528224677
50120000	1.9229183469213544
50160000	1.9911525648776442
50200000	1.9051523748230188
50240000	1.9519941609632223
50280000	1.9107848024798557
50320000	2.1951357069397344
50360000	2.2970282144218683
50400000	2.2750369015350937
50440000	2.254772486132756
50480000	2.161503513405472
50520000	2.169437184552103
50560000	2.2339258811462672
50600000	2.502133025816828
50640000	2.4757806936062874
50680000	2.714798284104466
50720000	2.463502887022495
50760000	2.5506660031981765
50800000	2.6228699555791914
50840000	2.329329065972194
50880000	2.363019406428188
50920000	2.05530322271958
50960000	2.1513467668108643
51000000	2.0412842563588174
51040000	1.889934831340611
51080000	1.7384777723930775
51120000	1.7934803615611046
51160000	1.9969075596116483
51200000	1.925569466599822
51240000	1.942242914050445
51280000	1.9429467687800526
51320000	1.7892187532098964
51360000	1.6671626145984977
51400000	1.5404085436359047
51440000	1.5648402871649711
51480000	1.4903696062892675
51520000	1.6943521348841488
51560000	1.6606428498655557
51600000	1.7285238408122212
51640000	1.6704620887635275
51680000	1.439480171406269
51720000	1.6241451225988568
51760000	1.6414096908906475
51800000	1.4710291359890253
51840000	1.3950114169597625
51880000	1.4357171167060734
51920000	1.6138160733357072
51960000	1.643198215995729
52000000	1.587687862673402
52040000	1.5308916959263383
52080000	1.4799202640116216
52120000	1.4435088802609592
52160000	1.4411451890282332
52200000	1.5473739002738147
52240000	1.642205308174342
52280000	1.4699813714042307
52320000	1.4512300663843751
52360000	1.491310045286268
52400000	1.3952200710624456
52440000	1.5555789127752184
52480000	1.5623300050698221
52520000	1.5125748265076429
52560000	1.553234466451779
52600000	1.6665397985249757
52640000	1.5893716897420584
52680000	1.4442034298893065
52720000	1.3917758018460125
52760000	1.4652290912721306
52800000	1.3707437914669514
52840000	1.5823767677966505
52880000	1.6186830248892308
52920000	1.49668684572801
52960000	1.4617656689964236
53000000	1.5052099234152585
53040000	1.5277674999654294
53080000	1.477774077327177
53120000	1.4689971977245062
53160000	1.5999822277922184
53200000	1.4433322359856218
53240000	1.4030536520842463
53280000	1.6277705467503518
53320000	1.6045314033165574
53360000	1.421399484334141
53400000	1.4066725602086634
53440000	1.4609122165311128
53480000	1.449083111969754
53520000	1.6053179672308266
53560000	1.5482037187639623
53600000	1.5478153452839702
53640000	1.5486148046184331
53680000	1.7467787682358176
53720000	1.812161258913949
53760000	1.6384871506020426
53800000	1.519165544255823
53840000	1.5343906620755792
53880000	1.5046220607340335
53920000	1.6867979108646511
53960000	1.482525254798308
54000000	1.4273785679314286
54040000	1.6085567258812488
54080000	1.4400559724844992
54120000	1.4355098631659522
54160000	1.3493490364015102
54200000	1.5039048622628675
54240000	1.495687355396338
54280000	1.503488875090517
54320000	1.491548107198067
54360000	1.4939072552742436
54400000	1.5323464554682373
54440000	1.483077928309515
54480000	1.4739569087903948
54520000	1.469049574377574
54560000	1.4988430325688795
54600000	1.5764104741580784
54640000	1.3735172150306403
54680000	1.632463048108667
54720000	1.6847962914794683
54760000	1.499740105402656
54800000	1.5767709434488788
54840000	1.5621757868364454
54880000	1.596248970970884
54920000	1.6496642049467192
54960000	1.5322561158778145
55000000	1.570391743431799
55040000	1.5898607432816179
55080000	1.8552919255463407
55120000	1.7570177870657295
55160000	1.7666617216184735
55200000	1.9469774466965348
55240000	1.8262782342610882
55280000	1.9983358416579664
55320000	1.8539037527505309
55360000	1.9577641462281345
55400000	1.9800781991560013
55440000	2.080861486212909
55480000	1.95551862879619
55520000	1.960190338383615
55560000	1.963499933725223
55600000	1.7416664407111704
55640000	1.9808883338330314
55680000	2.0356716295823456
55720000	1.9828123946782201
55760000	1.9979433652646839
55800000	2.20719561393708
55840000	2.029860234815255
55880000	2.1677041544061155
55920000	2.047440151493251
55960000	1.9191585963020101
56000000	1.9377229108879344
56040000	1.9342814150135965
56080000	1.855888146148622
56120000	1.9229773875132203
56160000	2.0437129297733305
56200000	1.8413896956901998
56240000	1.6897765638513491
56280000	1.8351591644335539
56320000	1.868720989375189
56360000	1.7342576543733477
56400000	1.8624082362759857
56440000	1.8215783960290253
56480000	1.6760349938940258
56520000	1.8437378640467301
56560000	1.7605679142879322
56600000	1.8642671011608094
56640000	1.862023241872154
56680000	1.76638483876884
56720000	1.7125574722137302
56760000	1.6935370211727918
56800000	1.7721241653153672
56840000	1.8524414969991894
56880000	1.9177861747682095
56920000	1.8806184328623117
56960000	1.9707203875482082
57000000	1.902641300635785
57040000	1.9877248592641206
57080000	1.7955080979075282
57120000	1.9777579457614571
57160000	1.8847884130610153
57200000	1.965424328494072
57240000	1.8192289117060603
57280000	2.056826629004255
57320000	2.03478154672198
57360000	1.940208957874775
57400000	1.8519118854761123
57440000	1.8293754497520625
57480000	1.631931662689522
57520000	1.5324836750078947
57560000	1.6688848685458302
57600000	1.6867478874862194
57640000	1.6995277088686824
57680000	1.7469158038955181
57720000	1.7692418366450817
57760000	1.9033188217282295
57800000	1.645003736146912
57840000	1.9240599470607935
57880000	1.9259676250472664
57920000	1.8023951146313921
57960000	1.7504966986186803
58000000	1.7915843892198056
58040000	1.58062998415865
58080000	1.6940716455601155
58120000	1.7488872715931385
58160000	1.7623224487774074
58200000	1.8299893107801677
58240000	1.8372344691224396
58280000	1.5167577324174344
58320000	1.5982477058883757
58360000	1.669984519982338
58400000	1.5818132054932414
58440000	1.6090892481978982
58480000	1.6170789282660931
58520000	1.6140145137710498
58560000	1.4428024312444032
58600000	1.6598372295062989
58640000	1.5240462120521814
58680000	1.5093455521408468
58720000	1.4925721065904944
58760000	1.4348669832659886
58800000	1.5651834124613553
58840000	1.5353908332996071
58880000	1.5057546423114836
58920000	1.4920138511069119
58960000	1.3849697886407375
59000000	1.3127553249094635
59040000	1.3138910256613046
59080000	1.2811678070079535
59120000	1.2973700486641377
59160000	1.3204977064732462
59200000	1.3077030600853263
59240000	1.4296967440962791
59280000	1.281407298917696
59320000	1.2197811546437443
59360000	1.2270777967315167
59400000	1.3646239421285689
59440000	1.3011063946560024
59480000	1.129201246284321
59520000	1.3168807920923458
59560000	1.2640192785190418
59600000	1.216655515217036
59640000	1.182943003601581
59680000	1.2620883345920593
59720000	1.2698740506261588
59760000	1.263047500551492
59800000	1.275761322635971
59840000	1.3294778356123715
59880000	1.360910251487419
59920000	1.2999773193772883
59960000	1.3093667470443995
60000000	1.3787217496434228
60040000	1.385016347238049
60080000	1.4055392168007792
60120000	1.1923275294268503
60160000	1.4323370314344763
60200000	1.396935949521512
60240000	1.3368179320823401
60280000	1.3447857503503562
60320000	1.359970964962244
60360000	1.3257123213488609
60400000	1.4262926827808842
60440000	1.4441100571194663
60480000	1.200383474783972
60520000	1.4519032540492713
60560000	1.2688530070196837
60600000	1.251639310709946
60640000	1.2648952049482614
60680000	1.30882679350283
60720000	1.250105575425923
60760000	1.1705269836388528
60800000	1.3680421850491316
60840000	1.3669936471682043
60880000	1.2616559026477858
60920000	1.230221902295947
60960000	1.2888020435467362
61000000	1.2207281107932328
61040000	1.1929188754547386
61080000	1.1943625031750649
61120000	1.136241633072868
61160000	1.047734795295261
61200000	1.1414595091238617
61240000	1.1008468783900143
61280000	1.166163566645421
61320000	1.1196894190883264
61360000	1.165098683851771
61400000	1.1540042022082955
61440000	1.0455643183823675
61480000	1.1836644463360309
61520000	1.2739911494974048
61560000	1.1665987418238073
61600000	1.158387398075685
61640000	1.156646922083199
61680000	1.3121516526240855
61720000	1.2025791670775041
61760000	1.1617433726474642
61800000	1.1250072821035981
61840000	1.1382229051616042
61880000	1.1715170501016081
61920000	1.1863422126954422
61960000	1.2797390212491155
62000000	1.0723488371724264
62040000	1.2079957630258054
62080000	1.1164359861796722
62120000	1.2386116837551817
62160000	1.1289843193445355
62200000	1.1478021087370813
62240000	1.1808140267971903
62280000	1.255116980732791
62320000	1.2710147324498742
62360000	1.190450068382919
62400000	1.293352421624586
62440000	1.0656915780115872
62480000	1.1266083099205046
62520000	1.214475214831531
62560000	1.1127854948151856
62600000	1.1447821365822106
62640000	1.1308631404522806
62680000	1.11246775388401
62720000	1.3090082058103756
62760000	1.1281930859876796
62800000	1.3178233032608404
62840000	1.321368973297067
62880000	1.200001438561082
62920000	1.1282141157535837
62960000	1.0479449506554752
63000000	1.200985067783296
63040000	1.1294894239945337
63080000	1.4085949265468867
63120000	1.2911133375363424
63160000	1.1790590486578643
63200000	1.2929433594457804
63240000	1.2491992171626538
63280000	1.2832942564124241
63320000	1.1880014673322439
63360000	1.2330203875081613
63400000	1.3183351280497386
63440000	1.341831108780764
63480000	1.2880035057993606
63520000	1.1333869963470846
63560000	1.0934958505751564
63600000	1.153883800256811
63640000	1.1482785594271496
63680000	1.186917362556979
63720000	1.1100580976497383
63760000	1.1671741923747585
63800000	1.206412576052174
63840000	1.181668060074374
63880000	1.0789686886098235
63920000	1.1683522940224036
63960000	1.1046115201154725
64000000	1.0866581340450794
64040000	1.1116940850330517
64080000	1.1555224504161625
64120000	1.1273413663411513
64160000	1.0896850782785565
64200000	1.0460362488264219
64240000	1.056234941707179
64280000	1.0610392640596256
64320000	1.0681588732793927
64360000	1.0161993168748915
64400000	1.0647179618412628
64440000	1.119323401082307
64480000	1.1469120563820006
64520000	1.0586051883907988
64560000	1.1172544292887672
64600000	1.146387701788172
64640000	1.1165348860993982
64680000	1.1569224725082516
64720000	1.0856953461427241
64760000	1.0798412320287898
64800000	1.1070058803077787
64840000	0.9654829747095705
64880000	1.1506748399198055
64920000	1.0684952929431573
64960000	1.1571588498104364
65000000	1.3198746440067888
65040000	1.118954231986776
65080000	1.2919014290107413
65120000	1.2340320100117474
65160000	1.1961890399117023
65200000	1.4252676205020398
65240000	1.1939032079553231
65280000	1.0983688483927398
65320000	1.1600509476650507
65360000	1.0667648531043903
65400000	1.0458269306059926
65440000	1.0406383228186518
65480000	1.0051805525586008
65520000	1.1270112296648322
65560000	1.041646623295918
65600000	1.049957414123602
65640000	1.0532211903229356
65680000	1.022440432560444
65720000	1.0954704534729942
65760000	0.9932946630850434
65800000	1.011451382678002
65840000	0.9692164250098169
65880000	1.0334826760159805
65920000	0.940483043885976
65960000	0.9767964407891035
66000000	0.9338692504622043
66040000	0.9943857161324471
66080000	1.1060076260771603
66120000	0.9376401567820459
66160000	1.1309928536409513
66200000	1.063088338989392
66240000	1.0966744777206332
66280000	1.2822772546753287
66320000	1.5234601175595075
66360000	1.7117141921017318
66400000	1.900125278157741
66440000	1.8986460161468015
66480000	2.490210035683587
66520000	2.993283980831504
66560000	3.766151665107906
66600000	4.410670577323437
66640000	4.806653069070354
66680000	6.011146356918291
66720000	6.278691912337765
66760000	7.763750584396347
66800000	8.500882082287594
66840000	7.598872585497052
66880000	8.231476304293423
66920000	6.876299401439354
66960000	6.64451128850989
67000000	6.065091819323972
67040000	5.978273830404133
67080000	5.998374833581597
67120000	6.06202834052816
67160000	5.937308400002122
67200000	4.574211083414778
67240000	3.773192008510977
67280000	3.260103923139721
67320000	2.9730281788423656
67360000	2.891776788529381
67400000	2.1913953467689455
67440000	2.1476024087075145
67480000	2.111907229291648
67520000	2.1287190736178307
67560000	1.9575277054034173
67600000	2.1101617573600264
67640000	2.063272261990979
67680000	1.7915190305754543
67720000	1.8638554931752385
67760000	1.943861336863786
67800000	1.877870457695052
67840000	2.06824473005645
67880000	1.8878180516555905
67920000	2.019521501709148
67960000	2.1005050861410797
68000000	2.161512453902513
68040000	2.0859771722353995
68080000	2.0365664008431135
68120000	2.0843975241035224
68160000	2.030324174205959
68200000	2.0952935912240296
68240000	2.0390503348026425
68280000	2.1121955499581992
68320000	2.2300818474456667
68360000	2.1251608681544663
68400000	2.3269643195949494
68440000	2.2417367123071106
68480000	2.0522902338430287
68520000	1.9783502355936915
68560000	1.8514764753229915
68600000	1.8827084613353013
68640000	1.770171539862454
68680000	1.8350970016807318
68720000	1.8960429542228578
68760000	1.6035673571996392
68800000	1.7007527597896754
68840000	1.8736163108587265
68880000	1.6991017223458738
68920000	1.7115316220726817
68960000	1.8858018427692353
69000000	1.761181865374744
69040000	1.8109099258057773
69080000	1.7712379105344416
69120000	2.0261085001289842
69160000	2.06639568900913
69200000	2.013341140885651
69240000	1.8923176910325885
69280000	1.9663223269701005
69320000	1.89671448270604
69360000	1.8922393410347402
69400000	1.9003482988916338
69440000	1.7632799815759064
69480000	1.7995494599290192
69520000	1.6961528576936573
69560000	1.778102380957827
69600000	1.6935216061536222
69640000	1.777908528266102
69680000	1.792295448954776
69720000	1.780097650929913
69760000	1.7082241880089044
69800000	1.5346287423435598
69840000	1.484340204596892
69880000	1.6307782458409668
69920000	1.6349523096255958
69960000	1.5363908086460083
70000000	1.3639871546834708
70040000	1.4198716909307987
70080000	1.3577898773409427
70120000	1.4464876959964632
70160000	1.3471453441835939
70200000	1.3163704277794808
70240000	1.4386631023399532
70280000	1.325028445660323
70320000	1.2776751549333334
70360000	1.3566819947417825
70400000	1.3391165306970476
70440000	1.3156384355854243
70480000	1.319916563294828
70520000	1.283413715409115
70560000	1.1944799841862173
70600000	1.1164274029068648
70640000	1.2309606504186987
70680000	1.0533590976625682
70720000	1.059882063939795
70760000	1.150401671030745
70800000	1.1066330309618264
70840000	1.0886554573148488
70880000	1.167246095042862
70920000	1.0849071160789578
70960000	1.055115145266801
71000000	1.1537846492404118
71040000	1.0322051279548556
71080000	1.1373294071547686
71120000	1.2100388276267797
71160000	1.2030151015069335
71200000	1.1436955331934615
71240000	1.078455211898312
71280000	1.165762911722809
71320000	1.14369339094311
71360000	1.0760928895061836
71400000	0.9550283065030352
71440000	1.153150000671856
71480000	1.0416285464152695
71520000	1.1126799112863839
71560000	1.0949163297608495
71600000	1.1223250457987188
71640000	1.3350900380518287
71680000	1.1855072495250032
71720000	1.2863282745717093
71760000	1.2528936558544637
71800000	1.2408986625030636
71840000	1.2156723190892489
71880000	1.1361416361048817
71920000	1.1419932882869617
71960000	1.0966071757400409
72000000	1.2513450910307466
72040000	1.1695522821160034
72080000	1.1819477142062038
72120000	1.1969137569408863
72160000	1.288956165288575
72200000	1.3009396605093033
72240000	1.3096165476653725
72280000	1.2654078270915896
72320000	1.1771757845809683
72360000	1.214828487063758
72400000	1.2747613222632557
72440000	1.235603123057261
72480000	1.2461969443921
72520000	1.2827103488948197
72560000	1.1949554934602231
72600000	1.1900186930170282
72640000	1.1463457132048904
72680000	1.241046848716028
72720000	1.1182224423281848
72760000	1.2479348385885358
72800000	1.1781307551268487
72840000	1.1924723018974066
72880000	1.1620331526214256
72920000	1.1619358966823667
72960000	1.242931104476191
73000000	1.2039243431173265
73040000	1.071887496249564
73080000	1.0404039713155477
73120000	1.1706801642568783
73160000	1.2600192497193814
73200000	1.243025995021686
73240000	1.1127207490468398
73280000	1.0438106339039281
73320000	1.112441271760501
73360000	1.2486760872891174
73400000	1.138813400200568
73440000	1.1427424386540428
73480000	1.269872416786477
73520000	1.201327022396028
73560000	1.1793237642398104
73600000	1.2032131576331333
73640000	1.1682125356197357
73680000	1.085168948446773
73720000	1.0288618811963126
73760000	1.1731939928201958
73800000	1.090240361097455
73840000	1.11134049640242
73880000	1.0482212693657726
73920000	1.2220260907432063
73960000	1.1125053912510163
74000000	1.0975779919283464
74040000	1.0738755066871644
74080000	1.0036233613708987
74120000	1.048743436478451
74160000	1.000745796238631
74200000	1.1193779354974627
74240000	1.1087609475575388
74280000	1.0312294728083535
74320000	1.196616761847399
74360000	1.0630012823311612
74400000	1.0805068677982315
74440000	1.1066996921906247
74480000	1.2148883997973055
74520000	1.1747003430809826
74560000	1.0722718643492088
74600000	1.1380679897481576
74640000	1.0541154475856573
74680000	1.078228771974519
74720000	1.0446573798410594
74760000	1.1136854403328151
74800000	1.0275634214544669
74840000	1.1238626380499452
74880000	1.115953370064497
74920000	1.0155630983531474
74960000	0.9736508374206722
75000000	0.9451603169798851
75040000	1.0923336563562975
75080000	0.9212272978058085
75120000	0.9587751986114308
75160000	1.0648550656501203
75200000	0.9404071890855208
75240000	0.9920890825130045
75280000	1.0559760348312557
75320000	0.9711710720721632
75360000	1.0809142179844902
75400000	1.0736565593480132
75440000	0.9213820041382685
75480000	0.9490142408585176
75520000	0.9071513073690236
75560000	0.8024645585695281
75600000	0.8148107881523668
75640000	0.7939374591713771
75680000	0.8628486021269113
75720000	0.814387312874198
75760000	0.8057847463771701
75800000	0.7541929955027997
75840000	0.8080702838594094
75880000	0.8797697347240523
75920000	0.8747498198250309
75960000	0.8188672575807199
76000000	0.8487911353981122
76040000	0.8452424526330083
76080000	0.7924331862021238
76120000	0.7486053814427928
76160000	0.7936800688076764
76200000	0.81585560039673
76240000	0.8195201451906934
76280000	0.8189279365470633
76320000	0.8164912032680586
76360000	0.7401034075014293
76400000	0.8179931933904998
76440000	0.7380058216964825
76480000	0.807297937390022
76520000	0.7362299848424271
76560000	0.7592785510452464
76600000	0.8086904613504187
76640000	0.7817295702878386
76680000	0.8612082688644528
76720000	0.8408906652767211
76760000	0.7239442967806011
76800000	0.6916161628814415
76840000	0.7241181979414075
76880000	0.7667712478114292
76920000	0.7603311051107943
76960000	0.722273224002868
77000000	0.7015919916223735
77040000	0.6896411391444505
77080000	0.6808741209778935
77120000	0.7837934174851514
77160000	0.8171092371203005
77200000	0.7507555927809327
77240000	0.7703097225271165
77280000	0.7278512478938326
77320000	0.7036301538607106
77360000	0.6407612898213789
77400000	0.7241151557583362
77440000	0.6883877751303836
77480000	0.7383348188308999
77520000	0.6995362360158935
77560000	0.6384447982491925
77600000	0.6632475700750947
77640000	0.6770749186299742
77680000	0.6675316444795578
77720000	0.6355608579292893
77760000	0.6048953362058848
77800000	0.6445778020028025
77840000	0.61730633947663
77880000	0.6628098062513396
77920000	0.5879857798784971
77960000	0.6867900355213322
78000000	0.7164991209788248
78040000	0.6786554302592762
78080000	0.6829526793338359
78120000	0.6613719314200803
78160000	0.7310635809103027
78200000	0.7423901413522661
78240000	0.698589532184694
78280000	0.6669057838608511
78320000	0.6950836937217042
78360000	0.7080034823600203
78400000	0.6705252439703793
78440000	0.745966072743386
78480000	0.6973070129545406
78520000	0.7629871594101191
78560000	0.7066170472614467
78600000	0.7519046484100632
78640000	0.6995963101878763
78680000	0.8015120454124175
78720000	0.764613495839294
78760000	0.7576332378489896
78800000	0.845558522689715
78840000	0.7192544113069773
78880000	0.6742729066606611
78920000	0.6816595999373123
78960000	0.7001675304352306
79000000	0.7001319859228097
79040000	0.7791407444890589
79080000	0.7325782713759691
79120000	0.7969715630378574
79160000	0.7199464770799503
79200000	0.7277860071768985
79240000	0.7151488450057805
79280000	0.678588077186793
79320000	0.6901587642947212
79360000	0.7401408558168449
79400000	0.7552912569142878
79440000	0.7446386863702908
79480000	0.7054116345120593
79520000	0.727846349298954
79560000	0.715073123649694
79600000	0.6264266229597851
79640000	0.6785377366920933
79680000	0.7047004383654334
79720000	0.704893425754644
79760000	0.6515299035681411
79800000	0.5733128563571721
79840000	0.6619794626528397
79880000	0.665935516133532
79920000	0.66164700266039
79960000	0.6055747630672529
80000000	0.6371427420199849
80040000	0.5611421304280869
80080000	0.6409681591277943
80120000	0.5764917811449617
80160000	0.6535022486767732
80200000	0.6202856794997118
80240000	0.6406651348128914
80280000	0.6863614244000986
80320000	0.7159381523009389
80360000	0.6951768767150119
80400000	0.6203022261604667
80440000	0.5976665530485101
80480000	0.6044226917097345
80520000	0.6280604539860971
80560000	0.7272285288285464
80600000	0.7150087871503085
80640000	0.6916552719192579
80680000	0.6541373948551714
80720000	0.5954454598587007
80760000	0.6606546786678955
80800000	0.6902383047612384
80840000	0.6940381924206391
80880000	0.6447025519803167
80920000	0.6615944937184453
80960000	0.6000381973270327
81000000	0.5885764574109577
81040000	0.6449861899467185
81080000	0.649650247429125
81120000	0.6235282182343305
81160000	0.6805460779923945
81200000	0.6697710972668603
81240000	0.6839436147877946
81280000	0.675782599331066
81320000	0.6170598265460693
81360000	0.5967779039811343
81400000	0.6581628803085535
81440000	0.7031136372588574
81480000	0.6930313301623799
81520000	0.6152337747842074
81560000	0.6720308997761458
81600000	0.6256169444566593
81640000	0.6888848945175298
81680000	0.6559501832045614
81720000	0.6371714426171035
81760000	0.6683404803771525
81800000	0.6721190390175208
81840000	0.6243276677604764
81880000	0.5971779573822394
81920000	0.6197969465164468
81960000	0.6136608485436067
82000000	0.6131240659609437
82040000	0.6923980798277073
82080000	0.6558482758400962
82120000	0.6680548400724307
82160000	0.6346790794330649
82200000	0.646121587699838
82240000	0.6427129784468562
82280000	0.6670226618034765
82320000	0.5683323056332767
82360000	0.6364737643770874
82400000	0.5482084488611668
82440000	0.5621262670825236
82480000	0.5779672559909522
82520000	0.5785838021419942
82560000	0.542947667743545
82600000	0.6445338698861189
82640000	0.6208703931179829
82680000	0.5894532040899619
82720000	0.6111257197277621
82760000	0.627318100689724
82800000	0.6320010197188706
82840000	0.6815259997820482
82880000	0.6356865997198969
82920000	0.6358423922510817
82960000	0.7335772175692953
83000000	0.7135984502493404
83040000	0.717707832450699
83080000	0.6762421665636823
83120000	0.7204613171609119
83160000	0.7246724146857858
83200000	0.7116222299905494
83240000	0.7303612242429517
83280000	0.7584533708775416
83320000	0.7310365756321698
83360000	0.6954701830720529
83400000	0.7559260846744291
83440000	0.8336464642710983
83480000	0.7865326225757598
83520000	0.7056822255208157
83560000	0.7612987556195818
83600000	0.7321138384971768
83640000	0.7798055043859408
83680000	0.7138789585811086
83720000	0.6938328680021688
83760000	0.7281683378597722
83800000	0.7154800030375831
83840000	0.6628197841997259
83880000	0.7316610746149905
83920000	0.6513637944079935
83960000	0.7296879902722314
84000000	0.6960874372432009
84040000	0.7548174453381449
84080000	0.7757369522007183
84120000	0.7165297056072392
84160000	0.7872735231712461
84200000	0.7908014677415602
84240000	0.6959672718334943
84280000	0.7324599929922261
84320000	0.7245432859457098
84360000	0.6994074606006033
84400000	0.6746576933961361
84440000	0.697464387428388
84480000	0.7244491926923394
84520000	0.7037570856229403
84560000	0.677641718399711
84600000	0.6875798064315691
84640000	0.7859645491670817
84680000	0.8118600673378445
84720000	0.776287248828262
84760000	0.714065730334539
84800000	0.7670846322985366
84840000	0.7146115093491971
84880000	0.7121163152731955
84920000	0.702053669020813
84960000	0.7236331446599216
85000000	0.7424916902713478
85040000	0.6530165384845809
85080000	0.6873251043026336
85120000	0.681153008557111
85160000	0.7655563386630266
85200000	0.7243425614625215
85240000	0.7235018883287907
85280000	0.7203817317707464
85320000	0.6577619601513259
85360000	0.6729771128131077
85400000	0.5867728638654575
85440000	0.560394721209351
85480000	0.6521120182409883
85520000	0.6259973934758455
85560000	0.7055185758962296
85600000	0.6094127589877695
85640000	0.6923531831433065
85680000	0.6227700670239515
85720000	0.555912391152326
85760000	0.599284319230169
85800000	0.6269555437639356
85840000	0.5683348005967215
85880000	0.539726910680905
85920000	0.6085733598983847
85960000	0.606118424520176
86000000	0.5926141194585711
86040000	0.6778261586837471
86080000	0.6472402345228009
86120000	0.6515684972731397
86160000	0.6641964536368847
86200000	0.6465741482127458
86240000	0.7059754216324537
86280000	0.7043542021243833
86320000	0.7472410612349398
86360000	0.7015865960491822
86400000	0.7601133953351528
86440000	0.6163931384119206
86480000	0.7756177793354727
86520000	0.7859042823119089
86560000	0.675802919594571
86600000	0.7388780292669311
86640000	0.7446677242566832
86680000	0.6115138073119335
86720000	0.7092272651290521
86760000	0.6996620166072622
86800000	0.7211717970544472
86840000	0.7215889586346224
86880000	0.6911345831407234
86920000	0.6676111721806228
86960000	0.610083214698825
87000000	0.6840448995839804
87040000	0.6660310458311811
87080000	0.6472439097836614
87120000	0.6550317486939952
87160000	0.6667097337501123
87200000	0.6606818943313323
87240000	0.6658122375803068
87280000	0.6760338592149318
87320000	0.6110359291463159
87360000	0.7218048661138863
87400000	0.6389586863103323
87440000	0.7093128224059939
87480000	0.7318647014104761
87520000	0.6218106192250736
87560000	0.6843129964512773
87600000	0.6702934644910507
87640000	0.6916660429451614
87680000	0.597874877368845
87720000	0.7207873227223754
87760000	0.7894302828609944
87800000	0.7651647611597553
87840000	0.772041524521634
87880000	0.7636226609048433
87920000	0.7784996100560762
87960000	0.7185859232624061
88000000	0.7049603347651661
88040000	0.7193258749063127
88080000	0.6497049836419523
88120000	0.684018285655044
88160000	0.7170229991748929
88200000	0.6388313882280141
88240000	0.6894813404906541
88280000	0.6455186482815072
88320000	0.6907468742573634
88360000	0.6877080280174501
88400000	0.8075450650837273
88440000	0.6766113985667936
88480000	0.6891254789182917
88520000	0.7335214925045147
88560000	0.6510700117409229
88600000	0.7825210571341217
88640000	0.7648883011438884
88680000	0.773068815375492
88720000	0.7054306164621376
88760000	0.7494635664142668
88800000	0.7813713690315374
88840000	0.7677487510828301
88880000	0.7465333810750395
88920000	0.7608359976271167
88960000	0.7091592200414277
89000000	0.695044914381858
89040000	0.8132613982314244
89080000	0.795325849623233
89120000	0.8043524749696255
89160000	0.8069027417887934
89200000	0.7124691323369742
89240000	0.7499142710667104
89280000	0.7534822665359825
89320000	0.7779466756831854
89360000	0.8322939205409959
89400000	0.8287224918523803
89440000	0.8084640385460109
89480000	0.7944806950882077
89520000	0.78015457872767
89560000	0.7021650729363784
89600000	0.7273704923611134
89640000	0.6855408747875131
89680000	0.7074276386496611
89720000	0.7704787365853787
89760000	0.8419931471206248
89800000	0.7329993692269549
89840000	0.7577231348109431
89880000	0.7232967281176709
89920000	0.7500295402342454
89960000	0.7318683316004463
90000000	0.7002550242766737
90040000	0.8228476120918058
90080000	0.7996021476970986
90120000	0.7551420613436028
90160000	0.7079956930963323
90200000	0.7158378322899341
90240000	0.7087041012605653
90280000	0.7014174391337671
90320000	0.6943163722921163
90360000	0.6761547932123765
90400000	0.6731441426203586
90440000	0.7817403560271486
90480000	0.7432308711118065
90520000	0.6802508808258921
90560000	0.7284453240913339
90600000	0.6786518169783056
90640000	0.6319954401083291
90680000	0.6166754883226008
90720000	0.6813423473287373
90760000	0.6139214733290486
90800000	0.6329519455539062
90840000	0.6818077996060252
90880000	0.7081408391042613
90920000	0.6978554541194811
90960000	0.6570080281239002
91000000	0.6426476978810504
91040000	0.638349201412499
91080000	0.6875255052076653
91120000	0.6860122968882322
91160000	0.6626855374051258
91200000	0.5980947346953676
91240000	0.7170295180487446
91280000	0.6871878282868303
91320000	0.6749434902481735
91360000	0.6832492742713541
91400000	0.6748326726692728
91440000	0.6597669811265543
91480000	0.7130012719076126
91520000	0.7068404462885112
91560000	0.6699346446219832
91600000	0.6078125245768576
91640000	0.640343684942089
91680000	0.6322676048198714
91720000	0.6110919963133521
91760000	0.6446267000459135
91800000	0.6183104312317446
91840000	0.5737511536580511
91880000	0.6377263542855158
91920000	0.6083916662128642
91960000	0.6601414675064385
92000000	0.6207053928516805
92040000	0.5615129082677885
92080000	0.5684456400293857
92120000	0.573762337224558
92160000	0.6099864279508591
92200000	0.632079809160158
92240000	0.6130260441053659
92280000	0.6851663988552987
92320000	0.7190762724700384
92360000	0.6828630970453844
92400000	0.7037872688615695
92440000	0.6506448988080956
92480000	0.6233248235094361
92520000	0.6440521366815083
92560000	0.6424250301821157
92600000	0.6640407161736861
92640000	0.6651725759942084
92680000	0.7852442626416684
92720000	0.6584493319096044
92760000	0.7221822471851483
92800000	0.701902906011045
92840000	0.7452176673575305
92880000	0.7676961279548704
92920000	0.7674689750239253
92960000	0.7923703912533819
93000000	0.8242487145933323
93040000	0.7855721935493871
93080000	0.9745751279884949
93120000	1.0414100938387214
93160000	1.101268451230973
93200000	1.360627373140119
93240000	1.408734845527634
93280000	1.489017640863359
93320000	1.8085263212710618
93360000	1.948446501442045
93400000	1.8587959431618453
93440000	2.509434121007472
93480000	2.7425611578140408
93520000	3.8459034238837657
93560000	5.68928607486561
93600000	12.824851177176834
93640000	22.841839616534113
93680000	37.8490289293766
93720000	53.888171992197634
93760000	85.55641165391803
93800000	99.52080924390555
93840000	93.46644280917644
93880000	79.96812510620951
93920000	52.570077581843734
93960000	40.90236381243318
94000000	24.370671373572947
94040000	19.432363571751118
94080000	11.891432135796547
94120000	8.615671744829417
94160000	9.587050748586655
94200000	10.729481087775529
94240000	9.456614694578946
94280000	7.871705119642615
94320000	7.731751261216402
94360000	5.843450625520944
94400000	4.781251516883075
94440000	2.9564790076240897
94480000	2.529774564357102
94520000	2.083480057947338
94560000	1.89267513679564
94600000	1.7579161289840937
94640000	1.6994942320503295
94680000	1.562161451905966
94720000	1.5660725870214403
94760000	1.7617674998432398
94800000	1.646047831520438
94840000	1.646125063367188
94880000	1.6853736197583378
94920000	1.697909168701619
94960000	1.678895660813153
95000000	1.539421537823975
95040000	1.5875684999525548
95080000	1.6910240084558725
95120000	1.5864716241188348
95160000	1.5353044519767165
95200000	1.6199105250515045
95240000	1.5576351866692304
95280000	1.526860748295486
95320000	1.503554186576605
95360000	1.5836511945709586
95400000	1.4918089712522924
95440000	1.644605154632777
95480000	1.5532146037384869
95520000	1.493373934454471
95560000	1.6505877776667475
95600000	1.4983757883936166
95640000	1.5509926222793757
95680000	1.4525468659520149
95720000	1.5341501104593276
95760000	1.4529208869308232
95800000	1.540438182837516
95840000	1.5572876139208673
95880000	1.4160293522067369
95920000	1.5230197955258191
95960000	1.4108021979637444
96000000	1.4978841046884657
96040000	1.410649346420914
96080000	1.4495868309922517
96120000	1.4378188214495777
96160000	1.3543368006728589
96200000	1.3770109732061624
96240000	1.377726341770962
96280000	1.5017860324919223
96320000	1.3195325832150877
96360000	1.3529533457748593
96400000	1.4208711092211306
96440000	1.4287390994504094
96480000	1.6203388660915197
96520000	1.4680172936245799
96560000	1.3661661526314914
96600000	1.3914899289611726
96640000	1.4512116652339697
96680000	1.4410486431404947
96720000	1.366081395174563
96760000	1.4705521899819374
96800000	1.350350632141903
96840000	1.3044399472992867
96880000	1.328580268009752
96920000	1.296656756382063
96960000	1.3907635476596654
97000000	1.3736367743834854
97040000	1.3182109342940151
97080000	1.5614341675240546
97120000	1.498844356983155
97160000	1.4919849014945328
97200000	1.4189737138211727
97240000	1.455484192930907
97280000	1.4311685297932475
97320000	1.2890800240375102
97360000	1.3541773317359387
97400000	1.4239110359206795
97440000	1.3093502154253422
97480000	1.3762492145545782
97520000	1.647190923857689
97560000	1.5094840015668423
97600000	1.5063706844717264
97640000	1.5157097938224673
97680000	1.569626513583213
97720000	1.5226669811800122
97760000	1.4094684557937085
97800000	1.5582276406474411
97840000	1.408286723869294
97880000	1.4325235641628504
97920000	1.3629083639323711
97960000	1.1692692469388246
98000000	1.2562456610124557
98040000	1.1173581027731299
98080000	1.0635855339862406
98120000	1.1239866972595454
98160000	1.0672764363855123
98200000	1.0119478507537394
98240000	1.0159712081328034
98280000	1.0036550902169197
98320000	1.0481336112141608
98360000	1.0301163082350044
98400000	0.9634095404237509
98440000	0.8982971939120442
98480000	0.87258784891963
98520000	0.9046004425384104
98560000	0.8483121936611832
98600000	0.8429346424054355
98640000	0.8940367281839251
98680000	0.8637528966996819
98720000	0.8368285177672282
98760000	0.8495206988595426
98800000	0.8559047752603889
98840000	0.8757022425305099
98880000	0.8472402869880199
98920000	0.8076126693323255
98960000	0.7822216429159046
99000000	0.7782243854558095
99040000	0.7557686033936217
99080000	0.7770403790241107
99120000	0.7662803771834821
99160000	0.8000264236673713
99200000	0.7837364590467885
99240000	0.803752436458692
99280000	0.7393813100257889
99320000	0.8633933815373108
99360000	0.829085137912631
99400000	0.8809533232878893
99440000	0.8110947163254023
99480000	0.7709020703949034
99520000	0.8060761018583551
99560000	0.7857754378415645
99600000	0.7787576299702749
99640000	0.8240795447122305
99680000	0.7387794506441802
99720000	0.7521031511669979
99760000	0.6914017540438101
99800000	0.67849391242899
99840000	0.6343693466998637
99880000	0.7442754231136293
99920000	0.7599012330492958
99960000	0.7043878721278161
100000000	0.7298134876538068
