240000	0.021903983694687486
280000	0.03881004002927803
320000	0.03413906860379502
360000	0.02709908598177135
400000	0.02513693022057414
440000	0.02268022814160213
480000	0.02234163096100092
520000	0.021863777312263848
560000	0.02252238672710955
600000	0.022099499824736267
640000	0.02265894221048802
680000	0.022934255233965813
720000	0.02374919337350875
760000	0.02474598367884755
800000	0.02466975137759
840000	0.026789464935474096
880000	0.02847305251378566
920000	0.028678434535861014
960000	0.028448412702046334
1000000	0.028721586952917277
1040000	0.030494691718369722
1080000	0.03336915330402553
1120000	0.032061587448976935
1160000	0.030168029725179075
1200000	0.02988063079752028
1240000	0.030406532902643085
1280000	0.029979032723605633
1320000	0.02915970402415842
1360000	0.02911008261758834
1400000	0.02902466425932944
1440000	0.030890532196685673
1480000	0.0318203931581229
1520000	0.03209924920462072
1560000	0.03301036516949534
1600000	0.03413410226106644
1640000	0.03186876873858273
1680000	0.032528948705270885
1720000	0.035234498419612646
1760000	0.03456637183986604
1800000	0.03396571701206267
1840000	0.03500756445974112
1880000	0.036197856810316446
1920000	0.03706640910767019
1960000	0.038685662526264784
2000000	0.039430947230011226
2040000	0.040530699975416064
2080000	0.039191161616146566
2120000	0.03935847363807261
2160000	0.039681870615109804
2200000	0.04042381319962442
2240000	0.03978231863230467
2280000	0.03845684676244855
2320000	0.039089735676720735
2360000	0.041366695543006066
2400000	0.0409516465973109
2440000	0.0414397893331945
2480000	0.04188347826786339
2520000	0.04168061767183244
2560000	0.04372331703938544
2600000	0.04401291698329151
2640000	0.042720206650346516
2680000	0.04341759980246425
2720000	0.04519045797847211
2760000	0.04670326322615147
2800000	0.04737258501537144
2840000	0.04574684863351285
2880000	0.044439102652296426
2920000	0.04147117371819913
2960000	0.041032561642304066
3000000	0.040877830570936205
3040000	0.04053183985948563
3080000	0.04039721485972404
3120000	0.04028524904064834
3160000	0.04106345025338232
3200000	0.04111593341305852
3240000	0.042737516079843045
3280000	0.04443875210098922
3320000	0.04279775420874357
3360000	0.044270219783484936
3400000	0.043680822748690847
3440000	0.04227877551689744
3480000	0.04444265515059233
3520000	0.04499406884610653
3560000	0.045138275036588314
3600000	0.042974524047598245
3640000	0.04266721986196935
3680000	0.04349750429578125
3720000	0.04231792288310826
3760000	0.04110703191719949
3800000	0.04113005053885281
3840000	0.041857113027200105
3880000	0.042621540145576
3920000	0.042797233248129486
3960000	0.04396956518441439
4000000	0.04502135104313493
4040000	0.04527951114699245
4080000	0.04497078864425421
4120000	0.04515254917815328
4160000	0.04401649930588901
4200000	0.04368166691213846
4240000	0.04297358356975019
4280000	0.04340687976293266
4320000	0.04445289066657424
4360000	0.04188893630094826
4400000	0.04228975979909301
4440000	0.04286835158579051
4480000	0.043989825027436015
4520000	0.04346001855060458
4560000	0.04367012397386134
4600000	0.042610192551463845
4640000	0.04376426986530423
4680000	0.044219439721480014
4720000	0.045194295736029746
4760000	0.04705303766094148
4800000	0.045892944668605926
4840000	0.044774128361046314
4880000	0.04591540491394699
4920000	0.046130285247415304
4960000	0.046976423055678604
5000000	0.0484625846683979
5040000	0.04706197353638709
5080000	0.04719343524649739
5120000	0.04636147610060871
5160000	0.047150119688734414
5200000	0.04944996639974415
5240000	0.048017149564996364
5280000	0.04952548445314169
5320000	0.04924134293794632
5360000	0.05019382923096418
5400000	0.05145939217917621
5440000	0.049710205473005774
5480000	0.049044696902483705
5520000	0.04898285830691457
5560000	0.04740484123975038
5600000	0.045368785819783805
5640000	0.047235365675389766
5680000	0.047096998027339576
5720000	0.047178247920423744
5760000	0.04610747021995485
5800000	0.047083209305629134
5840000	0.048545588432997465
5880000	0.048528874779492616
5920000	0.04831052045486867
5960000	0.04638533231317997
6000000	0.04623212376274168
6040000	0.046334453256055716
6080000	0.04409115433432162
6120000	0.04520574294328689
6160000	0.04425154290944338
6200000	0.04474630741178989
6240000	0.04504803087003529
6280000	0.04412856091968715
6320000	0.04394331981427967
6360000	0.04533222776204347
6400000	0.04605492793284357
6440000	0.04578713724650443
6480000	0.04610907468795777
6520000	0.04558528013341129
6560000	0.045079925716295835
6600000	0.044384218728914855
6640000	0.04515809405893088
6680000	0.04501291847154498
6720000	0.044960767625644806
6760000	0.04496804116293788
6800000	0.0444371322710067
6840000	0.044385589992254976
6880000	0.04336532072834671
6920000	0.04378912522569299
6960000	0.04240987980924547
7000000	0.041280599300190804
7040000	0.042717616083100436
7080000	0.044090328366309404
7120000	0.04288834809027612
7160000	0.04148222087994218
7200000	0.04174917913638055
7240000	0.041365597270429134
7280000	0.04143060833588243
7320000	0.040972717195749284
7360000	0.03998203302770853
7400000	0.03941694088280201
7440000	0.03938818419538438
7480000	0.039539121681079266
7520000	0.04004102583639324
7560000	0.039386812045797706
7600000	0.038823938466236
7640000	0.03897422783188522
7680000	0.038744523460417984
7720000	0.03928594117984176
7760000	0.039128690521791576
7800000	0.03956675790846348
7840000	0.04031422179751098
7880000	0.04072695078365505
7920000	0.04112033901624382
7960000	0.04010700440146029
8000000	0.04028995479904115
8040000	0.04135432798154652
8080000	0.0417270168017596
8120000	0.041265286791697144
8160000	0.04087369438111782
8200000	0.04050607800707221
8240000	0.04137277336269617
8280000	0.04071526120863855
8320000	0.04035584307834506
8360000	0.040056130500882865
8400000	0.038524023428559304
8440000	0.039562074322626
8480000	0.03934081474430859
8520000	0.039195390136539936
8560000	0.03995150292702019
8600000	0.040343150252103804
8640000	0.040143915847316386
8680000	0.04045069324560464
8720000	0.04265292046591639
8760000	0.042731899992749095
8800000	0.041520671052485705
8840000	0.040703206214681265
8880000	0.040928139808773994
8920000	0.04112660612240434
8960000	0.04048730511777103
9000000	0.040899906351044776
9040000	0.0404192927736789
9080000	0.04148815785124898
9120000	0.04252134387306869
9160000	0.0416380865117535
9200000	0.040434044018015265
9240000	0.040182674984633925
9280000	0.04029383150711656
9320000	0.03981546131446958
9360000	0.03991305407844484
9400000	0.040768568531796334
9440000	0.03988148252144456
9480000	0.03916656503789127
9520000	0.03940078652538359
9560000	0.03834441102407873
9600000	0.0385219487901777
9640000	0.03983591760471463
9680000	0.0397113957863301
9720000	0.0386979876127094
9760000	0.03766047226451337
9800000	0.03808169777952135
9840000	0.038427263777330516
9880000	0.037685023015365006
9920000	0.038264453694224355
9960000	0.037427423464506865
10000000	0.037341260647773745
10040000	0.03797585498169064
10080000	0.038159774604067206
10120000	0.037577706710994245
10160000	0.036889095535129306
10200000	0.03796012028865516
10240000	0.03682488420940935
10280000	0.03555872857067734
10320000	0.036123939002677796
10360000	0.035508433194085955
10400000	0.035397701540589334
10440000	0.03478140912875533
10480000	0.03416832612715662
10520000	0.03417996828332543
10560000	0.03441894290335477
10600000	0.03567343542203307
10640000	0.035750539840012786
10680000	0.03477203312292695
10720000	0.034511846577189864
10760000	0.033738735119998454
10800000	0.03460544607564807
10840000	0.03411580618917942
10880000	0.034000977670028805
10920000	0.033704322039708495
10960000	0.034888306041806934
11000000	0.03340720157288015
11040000	0.03442258033752441
11080000	0.03473230944313109
11120000	0.03444506709165871
11160000	0.03450464282818139
11200000	0.035860224582254886
11240000	0.035132218070328236
11280000	0.03531210794374347
11320000	0.03411318917460739
11360000	0.035476832227036355
11400000	0.035579138508439065
11440000	0.034692774128541354
11480000	0.036033699318394063
11520000	0.0352438593974337
11560000	0.035341077052801845
11600000	0.035557778423652056
11640000	0.03661685464717448
11680000	0.03492624191343784
11720000	0.03549469755664468
11760000	0.03644359058886766
11800000	0.035693248168006536
11840000	0.034896015295386315
11880000	0.03529565786793828
11920000	0.03496629896145314
11960000	0.03481608149688691
12000000	0.035780309984460475
12040000	0.03483124161176383
12080000	0.03554595145210624
12120000	0.036365124280750755
12160000	0.03567884650863707
12200000	0.03576732313521206
12240000	0.0360035577500239
12280000	0.03656879686452448
12320000	0.036982475923001766
12360000	0.037853514852002265
12400000	0.03710623256228864
12440000	0.038410940714553
12480000	0.03865851193293929
12520000	0.03875708625949919
12560000	0.0392297347959131
12600000	0.03896681139804423
12640000	0.038856061312183734
12680000	0.03897917145267129
12720000	0.03766990474127233
12760000	0.0367431573137641
12800000	0.036827123338729145
12840000	0.03635855035074055
12880000	0.03614405544362962
12920000	0.03709119116328657
12960000	0.03515735142789781
13000000	0.034775270737707614
13040000	0.03485196068286896
13080000	0.03555730173625052
13120000	0.035332297096401455
13160000	0.03553337231669575
13200000	0.035351550859957934
13240000	0.03612612479031086
13280000	0.03500813370794058
13320000	0.035522583404183385
13360000	0.035138192848861216
13400000	0.03525247535929084
13440000	0.034654919312149285
13480000	0.03515176698490977
13520000	0.03525012383684516
13560000	0.03519193597063422
13600000	0.03536492534168065
13640000	0.03467219675518572
13680000	0.034972890033200386
13720000	0.03470053906422108
13760000	0.034910479876771566
13800000	0.034455793005600574
13840000	0.0345681822899729
13880000	0.03425749155133963
13920000	0.034678031013906
13960000	0.03362008305452764
14000000	0.033945749798417094
14040000	0.03392114222571254
14080000	0.03377968801595271
14120000	0.034465762746334075
14160000	0.03314589151442051
14200000	0.03390050221383572
14240000	0.03263191135674715
14280000	0.032943405098095534
14320000	0.03316936578899622
14360000	0.03296262055784464
14400000	0.03422256451845169
14440000	0.03371300170719624
14480000	0.033623813738301395
14520000	0.034357099928334356
14560000	0.03451314907819033
14600000	0.03497214887160808
14640000	0.03557470792010427
14680000	0.03444919710718095
14720000	0.0339929428331554
14760000	0.033907342393696305
14800000	0.03369446605630219
14840000	0.034015697331354025
14880000	0.03362237695530057
14920000	0.03305148646980524
14960000	0.0337383186366409
15000000	0.03369827722981572
15040000	0.034417924005910754
15080000	0.03345265775024891
15120000	0.032733411010727284
15160000	0.032651961187645795
15200000	0.03371007625721395
15240000	0.03374358266927302
15280000	0.035001972427219155
15320000	0.034162432261928916
15360000	0.0329054051682353
15400000	0.03288648821823299
15440000	0.033454575546458365
15480000	0.03348223394714296
15520000	0.03258165935389697
15560000	0.033550107959657904
15600000	0.03265952541641891
15640000	0.033602089444175365
15680000	0.03301037615723908
15720000	0.032413602220267054
15760000	0.032239557249099014
15800000	0.03250559270083904
15840000	0.0325811384677887
15880000	0.031611109505221245
15920000	0.03215283145494759
15960000	0.032937732690013946
16000000	0.033374744487553835
16040000	0.03320061980206519
16080000	0.033602653550356625
16120000	0.03312177816070616
16160000	0.03317580649591982
16200000	0.03265894875600934
16240000	0.03334675011150539
16280000	0.03372416349314153
16320000	0.032906849165447054
16360000	0.03288842563293874
16400000	0.03249675527438521
16440000	0.03230753123089671
16480000	0.032156847581639884
16520000	0.03331072929278016
16560000	0.03242772324979305
16600000	0.033191972060874105
16640000	0.03224681283608079
16680000	0.03314073255732655
16720000	0.03338235498704016
16760000	0.03324563280045986
16800000	0.03337843549251556
16840000	0.03296515706032514
16880000	0.03416314850859344
16920000	0.03441295550912619
16960000	0.03420244728438556
17000000	0.033650743478164075
17040000	0.03434831969477236
17080000	0.03401411053799093
17120000	0.0351664967648685
17160000	0.03485963244251907
17200000	0.03366339674480259
17240000	0.03465333089567721
17280000	0.03497919264137745
17320000	0.0339611559394747
17360000	0.035957042594254016
17400000	0.036071269806474446
17440000	0.036809728157892824
17480000	0.036032257879152894
17520000	0.03603629414923489
17560000	0.035677638951689
17600000	0.03454227574653924
17640000	0.03503641864322126
17680000	0.03521199968904257
17720000	0.03415174712538719
17760000	0.03331804544776678
17800000	0.03400750492103398
17840000	0.033564647196605804
17880000	0.03469935550503433
17920000	0.034276766133494674
17960000	0.03414995266906917
18000000	0.03274186480715871
18040000	0.033218142027780416
18080000	0.03393912565633655
18120000	0.033562931106239556
18160000	0.03402122898437083
18200000	0.03477987286821008
18240000	0.03394540257640183
18280000	0.03447237810231745
18320000	0.0334145593162626
18360000	0.03229188678748906
18400000	0.03318588827364147
18440000	0.03249389499016106
18480000	0.032629583359137175
18520000	0.03294671503305435
18560000	0.0322199844263494
18600000	0.03219083064273
18640000	0.032521592491492626
18680000	0.03188609176147729
18720000	0.032280926555767656
18760000	0.032523256970383226
18800000	0.03288682007007301
18840000	0.032484120988100766
18880000	0.03207472147867083
18920000	0.031149871227517723
18960000	0.03094538297466934
19000000	0.031202109375037253
19040000	0.03155496995337308
19080000	0.03191963754296303
19120000	0.03185784905664623
19160000	0.031896124510467055
19200000	0.03183347970470786
19240000	0.03197454781085253
19280000	0.030750641149654985
19320000	0.030866385919973253
19360000	0.03132618227377534
19400000	0.030851258030720054
19440000	0.03132926194313913
19480000	0.030601585022360087
19520000	0.03163282555155456
19560000	0.03114822368565947
19600000	0.031246624354086816
19640000	0.030543539686128496
19680000	0.03045730271860957
19720000	0.030988431194238365
19760000	0.030902313843742014
19800000	0.030194835847988724
19840000	0.02997385824173689
19880000	0.030114353577420115
19920000	0.030276877601072193
19960000	0.029025897509604694
20000000	0.029237262154370548
20040000	0.030108888354711233
20080000	0.02980371941998601
20120000	0.030100787694379686
20160000	0.030534015307202934
20200000	0.02955187532044947
20240000	0.029830133259855212
20280000	0.029418708940967916
20320000	0.030184675872325897
20360000	0.029370278648100795
20400000	0.029861188795790077
20440000	0.029644337929785252
20480000	0.030056010891497134
20520000	0.029211609139293434
20560000	0.030086680607311428
20600000	0.029543805581331253
20640000	0.03015663929451257
20680000	0.030609764211252333
20720000	0.02996126716211438
20760000	0.029630031722411514
20800000	0.030470898542366922
20840000	0.029690926026552916
20880000	0.029867462123557925
20920000	0.02986878783479333
20960000	0.030802914541587234
21000000	0.030603385926410556
21040000	0.029586244900897146
21080000	0.029800493244454263
21120000	0.030257351452670993
21160000	0.03037770362403244
21200000	0.030219912597723306
21240000	0.030041446426697076
21280000	0.029845310454815626
21320000	0.029971157176047564
21360000	0.03078162272013724
21400000	0.031579908665269614
21440000	0.030629447687789798
21480000	0.030308994132094084
21520000	0.030805560261383653
21560000	0.030717989759147166
21600000	0.030823570243269205
21640000	0.030238583121821285
21680000	0.030845984604954718
21720000	0.031054904737323523
21760000	0.02998751443158835
21800000	0.02998764751330018
21840000	0.02965435551069677
21880000	0.029650025207921864
21920000	0.0305627339694649
21960000	0.029271940441057086
22000000	0.030622393334656953
22040000	0.031641808722540736
22080000	0.031121431409195065
22120000	0.030005527913942932
22160000	0.02959548424705863
22200000	0.03017414355222136
22240000	0.029360691552609206
22280000	0.02948393316231668
22320000	0.03053699183948338
22360000	0.029612281835451722
22400000	0.03037189145758748
22440000	0.03027483840864152
22480000	0.030611132196709512
22520000	0.029682337307184933
22560000	0.029206719506159426
22600000	0.029538615606352688
22640000	0.029359635931625962
22680000	0.029872830107435584
22720000	0.02923776225298643
22760000	0.02875585363805294
22800000	0.02924903222769499
22840000	0.029206889763660728
22880000	0.028690676913037897
22920000	0.028749181683920325
22960000	0.028576107976585628
23000000	0.029491743200644852
23040000	0.028840820602700115
23080000	0.028137823374569416
23120000	0.02858881501071155
23160000	0.02854690163657069
23200000	0.028583409731090068
23240000	0.027768429179117083
23280000	0.02840375295318663
23320000	0.028519379253312944
23360000	0.029366584337316454
23400000	0.028653661649674176
23440000	0.02964692455008626
23480000	0.029245130872353912
23520000	0.02915617979951203
23560000	0.029668388502858578
23600000	0.02985900692101568
23640000	0.029819323756173254
23680000	0.029058349603042006
23720000	0.029096998058259486
23760000	0.029615650993958114
23800000	0.030114376481994987
23840000	0.030250269808992744
23880000	0.03035630344077945
23920000	0.029820585203915836
23960000	0.02904862210303545
24000000	0.02916180757172406
24040000	0.029640029594674707
24080000	0.029115675348974763
24120000	0.028672676834650336
24160000	0.02841215548347682
24200000	0.02801376695856452
24240000	0.028465283304080366
24280000	0.027831714461371303
24320000	0.027890143219567835
24360000	0.0285331389375031
24400000	0.02792235344238579
24440000	0.028337601162679492
24480000	0.028023849298804998
24520000	0.027714234034717084
24560000	0.02828641498554498
24600000	0.028011867695115506
24640000	0.02867653074413538
24680000	0.027972490553371608
24720000	0.02845290514342487
24760000	0.02813342896141112
24800000	0.02829320973623544
24840000	0.02708897581715137
24880000	0.027284409528970717
24920000	0.027316618887707592
24960000	0.02733516168296337
25000000	0.028303496390394867
25040000	0.02754596885908395
25080000	0.027400705641880633
25120000	0.02748804426304996
25160000	0.027528778260573743
25200000	0.02764683024175465
25240000	0.02695857816170901
25280000	0.02693036927469075
25320000	0.027067834288999438
25360000	0.028103418594412507
25400000	0.027417818259820342
25440000	0.026637445126660168
25480000	0.02711345935538411
25520000	0.027321541605703534
25560000	0.027778934255242346
25600000	0.028119279952161014
25640000	0.027123428231850266
25680000	0.026798839655146
25720000	0.027072912153974175
25760000	0.026835033390298486
25800000	0.026597118817828596
25840000	0.02610679778903723
25880000	0.026518261528387665
25920000	0.02635550773832947
25960000	0.02605309510398656
26000000	0.026831470189988615
26040000	0.025490864633210004
26080000	0.026703010946512222
26120000	0.02622185452003032
26160000	0.0271552376691252
26200000	0.025941902829706667
26240000	0.025739115710183978
26280000	0.02633101035412401
26320000	0.026053891591355204
26360000	0.02673286072742194
26400000	0.025952339252084494
26440000	0.02662831298597157
26480000	0.026183657542988657
26520000	0.025849956248141827
26560000	0.02531873374748975
26600000	0.026308313103206457
26640000	0.02605714866928756
26680000	0.025283832511864602
26720000	0.02598215997181833
26760000	0.02543386950902641
26800000	0.025639668282307685
26840000	0.02581250203847885
26880000	0.02597063627745956
26920000	0.02597484035529196
26960000	0.026125118550285698
27000000	0.025979306815937162
27040000	0.025790624707005917
27080000	0.026335403046756984
27120000	0.025628908440098165
27160000	0.026313699528202415
27200000	0.02638840221762657
27240000	0.026207115418091415
27280000	0.026415726530738176
27320000	0.026180410215444865
27360000	0.026534697767719627
27400000	0.02651672653183341
27440000	0.02657168866917491
27480000	0.02713610169813037
27520000	0.02688724782280624
27560000	0.02650262147653848
27600000	0.026700169326551258
27640000	0.026814217608235776
27680000	0.02682923559434712
27720000	0.026554172355867923
27760000	0.025487114910967647
27800000	0.02610060160141438
27840000	0.026946111125685273
27880000	0.026749927613511682
27920000	0.026845518205687403
27960000	0.02607084283865988
28000000	0.02647298861593008
28040000	0.02611779959388077
28080000	0.026404755209572615
28120000	0.025928323298506438
28160000	0.025836247508600352
28200000	0.025452686840109526
28240000	0.026195704839006066
28280000	0.02571523903608322
28320000	0.025789869939535855
28360000	0.025370875689387323
28400000	0.025579539541341366
28440000	0.02540773791745305
28480000	0.025731656302697956
28520000	0.025511884711869062
28560000	0.025570390015281736
28600000	0.026303149683587254
28640000	0.026137053309939803
28680000	0.027329858775250612
28720000	0.027511015659756957
28760000	0.02635244665108621
28800000	0.02676373680755496
28840000	0.02660969936195761
28880000	0.02679761197566986
28920000	0.026766420488245787
28960000	0.02599862438160926
29000000	0.026406089152395725
29040000	0.026546570288576186
29080000	0.026144052838720382
29120000	0.026386382667534052
29160000	0.026379569970071317
29200000	0.026942595233023166
29240000	0.02701803539954126
29280000	0.02726965155005455
29320000	0.02629863395355642
29360000	0.026516211598552764
29400000	0.02649176849666983
29440000	0.02617965164128691
29480000	0.02590437983814627
29520000	0.026404940423741936
29560000	0.026916713126935065
29600000	0.026177079680003226
29640000	0.027374469254352152
29680000	0.027339611600525678
29720000	0.026487139092572033
29760000	0.027087380653619767
29800000	0.02664094828851521
29840000	0.025939615676365792
29880000	0.02594738043565303
29920000	0.025969739546999337
29960000	0.025851604819111525
30000000	0.025597440615855158
30040000	0.02563523819539696
30080000	0.02495164084248245
30120000	0.02519161172863096
30160000	0.025591167396120728
30200000	0.025769239454343916
30240000	0.025288095146603882
30280000	0.026186568561196326
30320000	0.026094438707269726
30360000	0.025271437708847225
30400000	0.025716169271990656
30440000	0.025062864478491247
30480000	0.02575062135159969
30520000	0.0261902613196522
30560000	0.025719779271259905
30600000	0.026077330045588314
30640000	0.026130783806554973
30680000	0.025498924686573447
30720000	0.024955991183780134
30760000	0.025817522902041673
30800000	0.0254954108171165
30840000	0.024569099654443562
30880000	0.025208683757297696
30920000	0.024496196532435715
30960000	0.024247541894577444
31000000	0.02429469063580036
31040000	0.02525348146017641
31080000	0.024615797772072255
31120000	0.02512775801345706
31160000	0.02492681692428887
31200000	0.024801231389306486
31240000	0.02480153159853071
31280000	0.02504775238968432
31320000	0.024806725862435996
31360000	0.024679172069393098
31400000	0.024457922030240296
31440000	0.024957479341328144
31480000	0.02468712104614824
31520000	0.024816565500386058
31560000	0.024748966821096837
31600000	0.025596658418141304
31640000	0.024647461038269102
31680000	0.02491605369374156
31720000	0.024780354680493475
31760000	0.025302697383612394
31800000	0.024911983908712864
31840000	0.02542783258911222
31880000	0.02551713507696986
31920000	0.025317122865282
31960000	0.0261451082425192
32000000	0.025606847188062967
32040000	0.025558697555586696
32080000	0.025362692444212735
32120000	0.025020399171859026
32160000	0.025716597225889565
32200000	0.02550247273631394
32240000	0.026559471382014452
32280000	0.025540495296753944
32320000	0.024964216029644014
32360000	0.026007842181250452
32400000	0.025830630163475872
32440000	0.025740997180342673
32480000	0.025635977078974248
32520000	0.025803596955537796
32560000	0.025257948130182922
32600000	0.025830158669129015
32640000	0.02511316432207823
32680000	0.025265526494011283
32720000	0.02467569185178727
32760000	0.024755736579187216
32800000	0.02537841659337282
32840000	0.02581744068134576
32880000	0.02577972429189831
32920000	0.026251308219879865
32960000	0.027082855951786042
33000000	0.026128324435465037
33040000	0.02597639133539051
33080000	0.02565398491732776
33120000	0.026519513335451484
33160000	0.02542022957056761
33200000	0.02522090025320649
33240000	0.026123913473077118
33280000	0.02604606447648257
33320000	0.02530912491362542
33360000	0.026415797281451523
33400000	0.025623260533437133
33440000	0.025897957268171012
33480000	0.026157351977936925
33520000	0.02616572152227163
33560000	0.026230973617359994
33600000	0.02590925890877843
33640000	0.02512979081645608
33680000	0.025573269760236144
33720000	0.024980011371523142
33760000	0.0259858462754637
33800000	0.025452262164652347
33840000	0.02525646728668362
33880000	0.025327099218964578
33920000	0.025820322329737248
33960000	0.02602848111670464
34000000	0.026020533582754433
34040000	0.02596992971356958
34080000	0.025263967098109425
34120000	0.025493685671687125
34160000	0.026049859243258835
34200000	0.02517061221078038
34240000	0.025860619052127002
34280000	0.025750266713276505
34320000	0.02569327040463686
34360000	0.02492536382637918
34400000	0.025081838915497066
34440000	0.02497747486717999
34480000	0.025196870139613747
34520000	0.025015476355701685
34560000	0.02642674318794161
34600000	0.02652739564087242
34640000	0.025353624280914665
34680000	0.025229333093762397
34720000	0.024640962749533354
34760000	0.025002691084519028
34800000	0.024529141417518257
34840000	0.02431476590577513
34880000	0.02406846313364804
34920000	0.023894354996271433
34960000	0.02405323158428073
35000000	0.024059781898371876
35040000	0.023917816217057408
35080000	0.023568383009545505
35120000	0.023894777835533024
35160000	0.02363928785752505
35200000	0.023912268777936698
35240000	0.02384400156326592
35280000	0.024312130471505225
35320000	0.023577916988544168
35360000	0.02464656121823937
35400000	0.023993849775753914
35440000	0.023961477413028478
35480000	0.02413336222358048
35520000	0.02460912548750639
35560000	0.024568085074052216
35600000	0.024637577730417252
35640000	0.024478580483421684
35680000	0.02362652992606163
35720000	0.023583583080209792
35760000	0.022925927982479333
35800000	0.023271492139808832
35840000	0.02328191031701863
35880000	0.023678109576366842
35920000	0.024579355685785412
35960000	0.023543365081213415
36000000	0.02395601576976478
36040000	0.024343380855210126
36080000	0.023531155624613165
36120000	0.023783912670984866
36160000	0.023999317028932272
36200000	0.024264332878030835
36240000	0.024016629855148495
36280000	0.023872786925919355
36320000	0.024378809959813952
36360000	0.024369279423356056
36400000	0.023842269567772745
36440000	0.02393149149995297
36480000	0.024475820410624148
36520000	0.0245377840667963
36560000	0.02487751212157309
36600000	0.02451957575418055
36640000	0.024508384153246878
36680000	0.025233117807097732
36720000	0.023904405180551112
36760000	0.024854258515499533
36800000	0.024671828772500157
36840000	0.024658096031844615
36880000	0.02498683157786727
36920000	0.023997438828274608
36960000	0.024409407308325172
37000000	0.024439235378988088
37040000	0.024212236114777623
37080000	0.02430523123834282
37120000	0.02377923331540078
37160000	0.024078162155859173
37200000	0.023920949648693204
37240000	0.023668600700609384
37280000	0.02366357622500509
37320000	0.023060878985747695
37360000	0.023711743739619852
37400000	0.02361958506833762
37440000	0.023667504535242915
37480000	0.02450266406647861
37520000	0.023968540301546454
37560000	0.023322007231228053
37600000	0.024047037303447722
37640000	0.02313014868479222
37680000	0.02278980626575649
37720000	0.02270297682210803
37760000	0.022872888908721505
37800000	0.023014990119822325
37840000	0.022883428607136012
37880000	0.023832112058065832
37920000	0.023544238718785346
37960000	0.023392987553216518
38000000	0.02313757469113916
38040000	0.023615038432180883
38080000	0.023879893414862453
38120000	0.02325530302319676
38160000	0.023525803098082543
38200000	0.024060900981910528
38240000	0.02396700183302164
38280000	0.023488451000861825
38320000	0.023714831333607436
38360000	0.023510904195904733
38400000	0.023436696956306697
38440000	0.022930395947769286
38480000	0.023348467656597496
38520000	0.023534592253901063
38560000	0.023234111748449505
38600000	0.023275083590857684
38640000	0.023510367082618177
38680000	0.023725042491219938
38720000	0.02270717493481934
38760000	0.0232026586253196
38800000	0.02275324417743832
38840000	0.02356566131860018
38880000	0.023102476367913186
38920000	0.02320262404549867
38960000	0.024030037096515296
39000000	0.02306500121783465
39040000	0.022541314360313116
39080000	0.022581830370426176
39120000	0.02260195007119328
39160000	0.022795046507008372
39200000	0.02270447310395539
39240000	0.02238224981185049
39280000	0.02289340841472149
39320000	0.022390299878269435
39360000	0.022426641164906322
39400000	0.021987405766919255
39440000	0.023072031098976733
39480000	0.02292243770752102
39520000	0.023871534895896912
39560000	0.023566011269390584
39600000	0.022707808538526296
39640000	0.022964532959274947
39680000	0.023493006138503553
39720000	0.02288697022013366
39760000	0.022660753161273896
39800000	0.022827189907431603
39840000	0.023278855722397566
39880000	0.022943526980094612
39920000	0.022733530043438078
39960000	0.02252105248514563
40000000	0.022308991736732422
40040000	0.022780141483061015
40080000	0.02237603859808296
40120000	0.022934482513554393
40160000	0.022607466415688397
40200000	0.02327767014335841
40240000	0.02286361304782331
40280000	0.023121215372346342
40320000	0.022886277898028492
40360000	0.022786659380421043
40400000	0.022924955095164477
40440000	0.02301268209517002
40480000	0.023025435933470725
40520000	0.022424640803784132
40560000	0.022646773737855255
40600000	0.022265047017484902
40640000	0.02296690836548805
40680000	0.022943731684982777
40720000	0.022891485875286163
40760000	0.02277710646446794
40800000	0.022975830243714152
40840000	0.023062818135507406
40880000	0.02313284142687917
40920000	0.022940307367965578
40960000	0.023207509518787264
41000000	0.022840818184800445
41040000	0.02346429499331862
41080000	0.02337594778612256
41120000	0.022893405770137907
41160000	0.02261513082962483
41200000	0.022542728665098547
41240000	0.02269892962872982
41280000	0.023581389905139805
41320000	0.02276523751653731
41360000	0.022598166405409573
41400000	0.02213959556221962
41440000	0.02194798371437937
41480000	0.022795433907397092
41520000	0.02264250808879733
41560000	0.022219129732996227
41600000	0.022427899277955295
41640000	0.022378154250979422
41680000	0.022729437790997325
41720000	0.022410391458310187
41760000	0.022421006928011775
41800000	0.022449994008243084
41840000	0.023028606062196196
41880000	0.022813955904915927
41920000	0.022416156162694097
41960000	0.022934383797459303
42000000	0.022897292628884316
42040000	0.022867761990241705
42080000	0.02299889908544719
42120000	0.022645786311104893
42160000	0.022814334061928093
42200000	0.02345923148151487
42240000	0.02380485874284059
42280000	0.02311433704867959
42320000	0.024054617057181895
42360000	0.02327213008273393
42400000	0.023781286606378852
42440000	0.02367191168740392
42480000	0.02360659675206989
42520000	0.02354550883062184
42560000	0.022364676990918816
42600000	0.022653862353786827
42640000	0.02242849734108895
42680000	0.02350695968158543
42720000	0.02381131013315171
42760000	0.02373472086917609
42800000	0.023299814866855742
42840000	0.023316650663129986
42880000	0.02371987730320543
42920000	0.023010568002797663
42960000	0.02334308018423617
43000000	0.022425108821876347
43040000	0.022713777773827316
43080000	0.02343097380027175
43120000	0.023466542212478816
43160000	0.02263973936326802
43200000	0.022868965973518788
43240000	0.02339303758200258
43280000	0.023159432815760373
43320000	0.022728279099985958
43360000	0.02237241135407239
43400000	0.0224857398789376
43440000	0.022229132891073825
43480000	0.02187344481702894
43520000	0.021598153844103216
43560000	0.021607147486694157
43600000	0.021951232030428945
43640000	0.022598544764332474
43680000	0.022222688915766776
43720000	0.022106871350109577
43760000	0.022012536591291428
43800000	0.022014594036899506
43840000	0.022545588068291544
43880000	0.02239663747213781
43920000	0.02278804097454995
43960000	0.02244990261550993
44000000	0.022427353557385503
44040000	0.022495453776977956
44080000	0.02291159449107945
44120000	0.022978570420853793
44160000	0.022593052089959383
44200000	0.022513270052522422
44240000	0.023195600282214582
44280000	0.022421941209211947
44320000	0.022946906544081866
44360000	0.02304991895481944
44400000	0.023085163222253322
44440000	0.02328416013624519
44480000	0.02303838576413691
44520000	0.022755734508298337
44560000	0.022949298733659088
44600000	0.022921183364838362
44640000	0.022122098959609867
44680000	0.022700972062163056
44720000	0.023454538735374807
44760000	0.022559650871530175
44800000	0.022510219046659768
44840000	0.022864758330769838
44880000	0.022398402362130584
44920000	0.022334277529083194
44960000	0.022646559309028088
45000000	0.02284228831809014
45040000	0.022310767760872843
45080000	0.022804971950314938
45120000	0.02215253764074296
45160000	0.023009291535243392
45200000	0.022627361077070238
45240000	0.023073682000301778
45280000	0.0233088136497885
45320000	0.022164684590511022
45360000	0.02256120144277811
45400000	0.02197060567419976
45440000	0.022381292194500566
45480000	0.022165746517665685
45520000	0.022845411768183114
45560000	0.02297987983264029
45600000	0.02237801451198757
45640000	0.022192249181121587
45680000	0.02292712077796459
45720000	0.022287954618223013
45760000	0.02332741935290396
45800000	0.022258882380463182
45840000	0.022411086802370847
45880000	0.022221925774775445
45920000	0.023132947117276488
45960000	0.022620592290349305
46000000	0.022378555153682828
46040000	0.022104080712981523
46080000	0.021807935996726157
46120000	0.022634438282065093
46160000	0.022544778086803854
46200000	0.022722475065290928
46240000	0.0228540471797809
46280000	0.022178635535389186
46320000	0.022324953591823578
46360000	0.022852678362466395
46400000	0.022533199108019472
46440000	0.022795404230616986
46480000	0.022119728848151863
46520000	0.022402322459965943
46560000	0.022297811893932522
46600000	0.022729177733324467
46640000	0.0220076746404171
46680000	0.022427497752197087
46720000	0.022665041829645634
46760000	0.023456146602146326
46800000	0.02261900417506695
46840000	0.022225558294169605
46880000	0.02244888106081635
46920000	0.022083345021866263
46960000	0.021974470466561615
47000000	0.02130692161154002
47040000	0.021839089318364858
47080000	0.021135668186098338
47120000	0.021668715647421777
47160000	0.021597535711713134
47200000	0.021816629656217994
47240000	0.022016676771081985
47280000	0.02157699084095657
47320000	0.021313528515025975
47360000	0.021053891154564918
47400000	0.021582104057632386
47440000	0.02146022182162851
47480000	0.021827617099881173
47520000	0.021975000083260237
47560000	0.022258086636662483
47600000	0.022383717078901827
47640000	0.02211719718519598
47680000	0.02274942910093814
47720000	0.023212791051529347
47760000	0.022638410090096296
47800000	0.023122944356501102
47840000	0.023180796747189016
47880000	0.023211613462865353
47920000	0.023585034024529158
47960000	0.022901481749862434
48000000	0.022568594353273512
48040000	0.02191133677754551
48080000	0.022421161682717503
48120000	0.022260018170252444
48160000	0.022195469499565662
48200000	0.02309969675540924
48240000	0.022703258952125906
48280000	0.022584414520673453
48320000	0.02220784784704447
48360000	0.02226309272814542
48400000	0.02296147875804454
48440000	0.022267239240929486
48480000	0.022658231557905674
48520000	0.022288235310651362
48560000	0.022315846200846135
48600000	0.02289802282061428
48640000	0.022733531834185125
48680000	0.022738704627938568
48720000	0.02240824259184301
48760000	0.022951830235682428
48800000	0.022983894143998623
48840000	0.022857145964913072
48880000	0.0234087335659191
48920000	0.022436554740928115
48960000	0.023509790566563608
49000000	0.02437142296805978
49040000	0.023806026614643632
49080000	0.023835451196692885
49120000	0.02317030219323933
49160000	0.023716534490324556
49200000	0.023991895407997073
49240000	0.0247041401617229
49280000	0.02342466181125492
49320000	0.02360009896811098
49360000	0.023047838804963975
49400000	0.022964523809030652
49440000	0.02345569383148104
49480000	0.023204787038266658
49520000	0.023206371827423574
49560000	0.022932313274778425
49600000	0.024908120100572705
49640000	0.02385284063387662
49680000	0.023932045299187302
49720000	0.02368731691725552
49760000	0.02394988693036139
49800000	0.023992729751579463
49840000	0.023973306551761924
49880000	0.023673574570938945
49920000	0.02370783927794546
49960000	0.02383432731758803
50000000	0.024184573033079505
50040000	0.02361491602063179
50080000	0.023047160495631398
50120000	0.023235141615755857
50160000	0.023575437502563
50200000	0.02302025283444673
50240000	0.02417428289651871
50280000	0.02358981936983764
50320000	0.023113744753785432
50360000	0.023753887388668956
50400000	0.023546839434467257
50440000	0.02366265562903136
50480000	0.023157595810852943
50520000	0.02303614280950278
50560000	0.02393117373511195
50600000	0.02363048423025757
50640000	0.024771683650650085
50680000	0.023259128016978502
50720000	0.024506668412312867
50760000	0.02395433399118483
50800000	0.023699139813520013
50840000	0.023423813790641724
50880000	0.024240745028853417
50920000	0.02355245891995728
50960000	0.023783448368497193
51000000	0.023274254643917084
51040000	0.023651430235989392
51080000	0.02398937674369663
51120000	0.023348416153900327
51160000	0.023291511612199247
51200000	0.02341833120752126
51240000	0.02320935520045459
51280000	0.023306712045893074
51320000	0.02424218373298645
51360000	0.02435036744568497
51400000	0.024386526730284096
51440000	0.024038877201639115
51480000	0.024304146938584743
51520000	0.023132821515016257
51560000	0.024043916467949747
51600000	0.022816743443347515
51640000	0.023299282051995395
51680000	0.022620191605202854
51720000	0.02359329746067524
51760000	0.023895209302194416
51800000	0.022888326066173612
51840000	0.023534852507710455
51880000	0.023654145242832603
51920000	0.02393952392656356
51960000	0.02432722775414586
52000000	0.023371584815345705
52040000	0.023667766896635294
52080000	0.023462692573666573
52120000	0.02265210436359048
52160000	0.02284247199203819
52200000	0.02328190014772117
52240000	0.02304651049301028
52280000	0.02381977094281465
52320000	0.022737628422491253
52360000	0.022594694402255117
52400000	0.022984758644923567
52440000	0.022990925663895906
52480000	0.022698473383113742
52520000	0.02323172383494675
52560000	0.022412163353152572
52600000	0.021826764393411576
52640000	0.022657259572669865
52680000	0.021327579095028342
52720000	0.022121498093940317
52760000	0.022953420113958418
52800000	0.022430544076859953
52840000	0.021929743195138872
52880000	0.022777856612205504
52920000	0.02255386429298669
52960000	0.021990078948810696
53000000	0.022555770990625022
53040000	0.023049994656443595
53080000	0.021697047446668147
53120000	0.023009210318140686
53160000	0.022353763010166585
53200000	0.02187564758323133
53240000	0.0219470042463392
53280000	0.022112835961952806
53320000	0.0223947292804718
53360000	0.022728748910687865
53400000	0.022249046852253377
53440000	0.02259920599590987
53480000	0.022152592659182846
53520000	0.02212811262886971
53560000	0.02283620861545205
53600000	0.022145075770840048
53640000	0.021584817340411247
53680000	0.021848980188928543
53720000	0.022195093133859336
53760000	0.02286867846827954
53800000	0.02246075063087046
53840000	0.023049962559342385
53880000	0.02317931524720043
53920000	0.022243654232285918
53960000	0.02279429002068937
54000000	0.022469870909303427
54040000	0.02257353290710598
54080000	0.021607804576307534
54120000	0.021844262350536884
54160000	0.022458974138461055
54200000	0.022589474371634423
54240000	0.022455273992568255
54280000	0.022470695435628296
54320000	0.022312326638400555
54360000	0.02243774119261652
54400000	0.02297055160049349
54440000	0.02288287724945694
54480000	0.02318409830983728
54520000	0.0225646329741925
54560000	0.022483483948744835
54600000	0.02213841761741787
54640000	0.022173374979011715
54680000	0.022394751924462615
54720000	0.022344697954133155
54760000	0.022218255548365415
54800000	0.02285359649211168
54840000	0.023358993718214333
54880000	0.02292221289165318
54920000	0.022865508569031953
54960000	0.022777489510551096
55000000	0.022870927380770446
55040000	0.022442014965415
55080000	0.02267900147512555
55120000	0.02274823692664504
55160000	0.02326246090698987
55200000	0.02254068615976721
55240000	0.023320867286995055
55280000	0.023488061797805132
55320000	0.02345582399815321
55360000	0.023563109293021262
55400000	0.022582677729800344
55440000	0.02317352702282369
55480000	0.02242722417972982
55520000	0.022525444717518984
55560000	0.02258538805898279
55600000	0.02239387475606054
55640000	0.02278305754531175
55680000	0.022448101378791035
55720000	0.02191689875666052
55760000	0.02117294529993087
55800000	0.020712481386587024
55840000	0.021094068034924567
55880000	0.02104576870314777
55920000	0.02189946564361453
55960000	0.021738567933812736
56000000	0.02170246944529936
56040000	0.02203486193753779
56080000	0.022098741423711182
56120000	0.02231190959997475
56160000	0.02170711513888091
56200000	0.022206816088594497
56240000	0.02203001602217555
56280000	0.021655009930953383
56320000	0.02233633202984929
56360000	0.021978683549724518
56400000	0.021893953605555
56440000	0.02113955678772181
56480000	0.020989840824343263
56520000	0.020559323180653157
56560000	0.020944268727488814
56600000	0.02059202152341604
56640000	0.021070660081878304
56680000	0.02156658838968724
56720000	0.02078821255043149
56760000	0.021523181974329054
56800000	0.022070416988804936
56840000	0.020587292304076254
56880000	0.021154100772365927
56920000	0.02116366470362991
56960000	0.020611495726928115
57000000	0.021554552913084626
57040000	0.02154721725769341
57080000	0.02143732146024704
57120000	0.02184211700819433
57160000	0.022369353171996773
57200000	0.02191606736704707
57240000	0.02209819512628019
57280000	0.021792601843737065
57320000	0.023136059207282962
57360000	0.022166829638928173
57400000	0.022444079140387475
57440000	0.021946288179047407
57480000	0.022073085580952466
57520000	0.022077104558609426
57560000	0.022607837157696486
57600000	0.022514054905064404
57640000	0.022681859435886145
57680000	0.0218340535832569
57720000	0.022569719555228948
57760000	0.02228653555288911
57800000	0.021479532138071956
57840000	0.022810044349357485
57880000	0.021570596948079765
57920000	0.022666867054626345
57960000	0.022473516025952996
58000000	0.02208799879439175
58040000	0.022179210126772524
58080000	0.02247107505891472
58120000	0.022273422217741607
58160000	0.0224941888730973
58200000	0.022081156238913536
58240000	0.022374387507885694
58280000	0.022743035169318318
58320000	0.0217683628577739
58360000	0.021877871497161687
58400000	0.022419759047031404
58440000	0.022701158814877272
58480000	0.02216214052531868
58520000	0.02213442377131432
58560000	0.02264635159689933
58600000	0.02233338114004582
58640000	0.022218025847896932
58680000	0.021952827246673405
58720000	0.022455684166774154
58760000	0.021675925340689718
58800000	0.02188876511901617
58840000	0.021725923634879293
58880000	0.021697858792729677
58920000	0.022035469045490027
58960000	0.021952905578911306
59000000	0.021737345666624604
59040000	0.02150627409312874
59080000	0.02171563117969781
59120000	0.021711571028269826
59160000	0.02245246197041124
59200000	0.023153935090266167
59240000	0.022590621623396874
59280000	0.021948472743853926
59320000	0.021387206944637
59360000	0.021398783184215425
59400000	0.021955412474647166
59440000	0.021982173535600304
59480000	0.022078537683933974
59520000	0.021899643631651998
59560000	0.02176572405360639
59600000	0.021796182500757277
59640000	0.022487551719881593
59680000	0.02258212035037577
59720000	0.02288650217205286
59760000	0.022131364053860306
59800000	0.022155791899375617
59840000	0.021955682595819235
59880000	0.022554482421837746
59920000	0.02209878735728562
59960000	0.02278457344658673
60000000	0.022875923619605602
60040000	0.022638169975951312
60080000	0.022267099949717522
60120000	0.02205224732756615
60160000	0.022595620731636883
60200000	0.022829809087328613
60240000	0.02245178272686899
60280000	0.022058986930176615
60320000	0.02313241137508303
60360000	0.02374427195675671
60400000	0.023039812031015752
60440000	0.023032366517558692
60480000	0.02285258773304522
60520000	0.023339948294125498
60560000	0.023099816142208875
60600000	0.023113264151010664
60640000	0.02275677966233343
60680000	0.022719445053115486
60720000	0.02224846648424864
60760000	0.022210217958688737
60800000	0.022637909810990096
60840000	0.021979662792012095
60880000	0.022100787206366657
60920000	0.022705315068922937
60960000	0.0228487593524158
61000000	0.02340318164024502
61040000	0.02308267425801605
61080000	0.02270392747744918
61120000	0.02271690526586026
61160000	0.023827108273841442
61200000	0.02507857043650001
61240000	0.023188442890532315
61280000	0.02378500071167946
61320000	0.023634032837487755
61360000	0.02336177953761071
61400000	0.023852280085533858
61440000	0.024133427832834422
61480000	0.02376269892733544
61520000	0.023718865049816667
61560000	0.023885033052414656
61600000	0.023770106566511094
61640000	0.022909693443588914
61680000	0.023006397047266366
61720000	0.022849963560886682
61760000	0.022764930838532746
61800000	0.02231902241613716
61840000	0.02368120245449245
61880000	0.0228452606478706
61920000	0.023254036753438415
61960000	0.022835882109776138
62000000	0.02354162423517555
62040000	0.023282139239832758
62080000	0.023083761129528285
62120000	0.02266055853497237
62160000	0.02320232450440526
62200000	0.021798048205859958
62240000	0.022828894441947342
62280000	0.022552606968954204
62320000	0.0224040078131482
62360000	0.022719969765283166
62400000	0.02238710273094475
62440000	0.022826064020767808
62480000	0.022566999936662613
62520000	0.02269102503899485
62560000	0.02267959256712347
62600000	0.022359073083102702
62640000	0.021823866222053765
62680000	0.022134465259686112
62720000	0.02215636091902852
62760000	0.02238797003533691
62800000	0.022783770523406566
62840000	0.023093034337833523
62880000	0.022397405765391887
62920000	0.022091808010078966
62960000	0.0218064082255587
63000000	0.02240041969101876
63040000	0.022510005497187378
63080000	0.02204353464972228
63120000	0.0224379637228325
63160000	0.022242859980091453
63200000	0.0223768915720284
63240000	0.02203595262877643
63280000	0.022729796374961735
63320000	0.022215048022195698
63360000	0.022752033246308565
63400000	0.022911000212840735
63440000	0.023128352189436555
63480000	0.022630726136267185
63520000	0.022256499166600406
63560000	0.022650904923677443
63600000	0.02306445943452418
63640000	0.023184773133322595
63680000	0.023396607612073423
63720000	0.022732599778100847
63760000	0.022812878658995034
63800000	0.02220463960301131
63840000	0.022411144505627454
63880000	0.021897582759708167
63920000	0.021626269632950425
63960000	0.022170593244954944
64000000	0.021988190273195506
64040000	0.022315691181086002
64080000	0.02217813962381333
64120000	0.02220658522527665
64160000	0.022222066202014685
64200000	0.022056906045228242
64240000	0.022637144537083806
64280000	0.021512908413074912
64320000	0.02174065494602546
64360000	0.021642203357629477
64400000	0.02246448569968343
64440000	0.02203200866729021
64480000	0.02220859782677144
64520000	0.022274972235783935
64560000	0.022895346146263183
64600000	0.022617729283124208
64640000	0.023710556617565454
64680000	0.023436399420909585
64720000	0.02261412912812084
64760000	0.022487755354866384
64800000	0.022588860982097687
64840000	0.02156526152957231
64880000	0.02174664009511471
64920000	0.021406629760190844
64960000	0.022149518152698874
65000000	0.022343710739724337
65040000	0.02173803312703967
65080000	0.022556093809381127
65120000	0.02230299652442336
65160000	0.02200872505735606
65200000	0.021988955206982793
65240000	0.02293362629059702
65280000	0.023174632131494583
65320000	0.022629838314466178
65360000	0.022480254054069518
65400000	0.022360998069308698
65440000	0.02276140860542655
65480000	0.022592009806446732
65520000	0.02342751987501979
65560000	0.023354451110959053
65600000	0.023283693495951593
65640000	0.022788560090586545
65680000	0.023272182296589016
65720000	0.022914476312324406
65760000	0.023614340915717184
65800000	0.023085828510671855
65840000	0.022851957479678095
65880000	0.02323688594494015
65920000	0.022758180738799275
65960000	0.023277085522562264
66000000	0.02337723793182522
66040000	0.023082123121246696
66080000	0.022531747641228138
66120000	0.02250351469889283
66160000	0.022443778815492987
66200000	0.022596586933545767
66240000	0.02266468552723527
66280000	0.022519126243330537
66320000	0.022092512993514536
66360000	0.022729500316269694
66400000	0.02249156733658165
66440000	0.022341045547649263
66480000	0.02163135150615126
66520000	0.02278616981729865
66560000	0.023423547993041575
66600000	0.024728572429716586
66640000	0.024476313748024402
66680000	0.023089622474648058
66720000	0.023316179230064155
66760000	0.023529034939594566
66800000	0.021918730846606196
66840000	0.023487670863233508
66880000	0.022637116778083145
66920000	0.022916835965402425
66960000	0.023129538372531535
67000000	0.02316153367571533
67040000	0.022436487283185123
67080000	0.02277739169318229
67120000	0.022871661819145083
67160000	0.022596175895445048
67200000	0.022728716706670822
67240000	0.02244181457683444
67280000	0.022547796173393725
67320000	0.021899357085861267
67360000	0.022595020224526526
67400000	0.02225894327610731
67440000	0.023448110971972348
67480000	0.02295020536445081
67520000	0.023054702958464623
67560000	0.022417299033142626
67600000	0.023295977653190494
67640000	0.02310493870805949
67680000	0.02323974006641656
67720000	0.022303456483595073
67760000	0.021706134432926773
67800000	0.022103950191102922
67840000	0.02231117091681808
67880000	0.0229889282355085
67920000	0.022529842160642147
67960000	0.022943286260031164
68000000	0.022875089951977134
68040000	0.022775396266020834
68080000	0.022797468026168645
68120000	0.022920960513688624
68160000	0.022662727542594074
68200000	0.022334057001397015
68240000	0.022503148073330523
68280000	0.022453441802412273
68320000	0.022273910157941283
68360000	0.023226794518344106
68400000	0.02303704154957086
68440000	0.023121423136256637
68480000	0.022651628914661704
68520000	0.022547106305882334
68560000	0.02249278657026589
68600000	0.021852516064420343
68640000	0.02213832802157849
68680000	0.022814102954231204
68720000	0.022191086498647927
68760000	0.022328233462944626
68800000	0.02212175810523331
68840000	0.022406067860871553
68880000	0.022321683198586108
68920000	0.02230101215392351
68960000	0.022628983539529145
69000000	0.02192291243840009
69040000	0.021664080278016626
69080000	0.022063057835400104
69120000	0.021753940557688475
69160000	0.021821724645793437
69200000	0.02183955684695393
69240000	0.021654985035024582
69280000	0.02121536311227828
69320000	0.02152314087357372
69360000	0.021905540424212812
69400000	0.021580264461785556
69440000	0.02157873801551759
69480000	0.021339064132981003
69520000	0.021939980968181044
69560000	0.021239506950601936
69600000	0.021847813416831195
69640000	0.021522585304640234
69680000	0.021327155215106905
69720000	0.021617509691230954
69760000	0.021612857648730277
69800000	0.02166216768361628
69840000	0.02202286169230938
69880000	0.021261386446654797
69920000	0.02296479282528162
69960000	0.02204181287828833
70000000	0.02229565869625658
70040000	0.022149254287593068
70080000	0.023028310543857514
70120000	0.02224503042306751
70160000	0.022519062610529363
70200000	0.022399449998512865
70240000	0.022654541658982636
70280000	0.02211873691510409
70320000	0.022484426127001644
70360000	0.022124949450418353
70400000	0.023042706412635745
70440000	0.02284879102520645
70480000	0.023076066898740828
70520000	0.02320491159632802
70560000	0.02296335656940937
70600000	0.02219628837648779
70640000	0.02297208827137947
70680000	0.02341616846267134
70720000	0.02243654482215643
70760000	0.022623844572529198
70800000	0.022628520207852124
70840000	0.022590956792607902
70880000	0.023054659672454
70920000	0.022118239769153298
70960000	0.022680253041908145
71000000	0.02271009965967387
71040000	0.02208450211007148
71080000	0.022186947423405944
71120000	0.02176249856315553
71160000	0.022025334439985455
71200000	0.022562349909730255
71240000	0.022689706878177823
71280000	0.02253143316246569
71320000	0.022815920550003647
71360000	0.0231766500800848
71400000	0.022853392918966712
71440000	0.022625433830544352
71480000	0.02324531281366944
71520000	0.023139818619191645
71560000	0.023330344424396753
71600000	0.023608713344670833
71640000	0.0230921481680125
71680000	0.022141724865324796
71720000	0.022496195827797057
71760000	0.023496323917992414
71800000	0.022801389487087726
71840000	0.021962670757807792
71880000	0.022686573918908836
71920000	0.023104928725212814
71960000	0.022764741504192353
72000000	0.022758295313268898
72040000	0.022163368362933398
72080000	0.022181710708141327
72120000	0.022647624165937304
72160000	0.02216815108805895
72200000	0.022249319805391132
72240000	0.022316846221871675
72280000	0.022118762579374014
72320000	0.02255664561036974
72360000	0.021786255552247166
72400000	0.021832829134725035
72440000	0.022288629121892153
72480000	0.022084958615712823
72520000	0.02274889001455158
72560000	0.022614503223448993
72600000	0.022215140609815717
72640000	0.02245365953296423
72680000	0.0223825490238145
72720000	0.02306366567388177
72760000	0.02272513029575348
72800000	0.022127641594782473
72840000	0.022057256816886365
72880000	0.022029891972243785
72920000	0.022296041257120668
72960000	0.02265989248342812
73000000	0.021877141141518952
73040000	0.022184851011820137
73080000	0.02205839335117489
73120000	0.022032994531467558
73160000	0.021997209508903326
73200000	0.022244956984743477
73240000	0.021499333413131535
73280000	0.02206376027893275
73320000	0.022564846356771886
73360000	0.022419855480268598
73400000	0.022125202759355308
73440000	0.02251789826788008
73480000	0.022585713168047368
73520000	0.02243740210365504
73560000	0.022614746285416185
73600000	0.02199783571138978
73640000	0.02240146091468632
73680000	0.021862223555892707
73720000	0.02207573316209018
73760000	0.022543650320917367
73800000	0.022475501240976154
73840000	0.02301908753309399
73880000	0.02206367738135159
73920000	0.02220878749061376
73960000	0.021636939461529253
74000000	0.0219748658714816
74040000	0.021835531677864492
74080000	0.021680907618254423
74120000	0.021466318505443633
74160000	0.021724620612710716
74200000	0.02180962422080338
74240000	0.021456862236745654
74280000	0.02115224605035037
74320000	0.021865078387781976
74360000	0.021396691061928867
74400000	0.022316418865695596
74440000	0.021227045444771647
74480000	0.021758369216881693
74520000	0.0215312269827351
74560000	0.02075534507278353
74600000	0.02096892030648887
74640000	0.022086347508616745
74680000	0.021928977223299444
74720000	0.021549185968190433
74760000	0.02100805411338806
74800000	0.021608967843651773
74840000	0.021636383217014374
74880000	0.021872337980940938
74920000	0.021549654279276728
74960000	0.021234355998598037
75000000	0.021607183388620613
75040000	0.02185843545086682
75080000	0.02169419544097036
75120000	0.02172567257937044
75160000	0.021788141007348896
75200000	0.0216076286688447
75240000	0.021803342547640204
75280000	0.021464100210741164
75320000	0.021654689335636794
75360000	0.020993484844267368
75400000	0.021009089933894574
75440000	0.020682263390161097
75480000	0.020509717576764525
75520000	0.02056500247903168
75560000	0.020898405153676868
75600000	0.02049858581814915
75640000	0.020314154004864395
75680000	0.021258383515104652
75720000	0.02091578429657966
75760000	0.02074192591290921
75800000	0.021472344431467356
75840000	0.021310295611433685
75880000	0.020881082495115697
75920000	0.02083758862540126
75960000	0.021761567831598223
76000000	0.020677994830347598
76040000	0.021128913762792946
76080000	0.0206704165879637
76120000	0.020790375839918853
76160000	0.02069758336376399
76200000	0.02091011444274336
76240000	0.02061422906797379
76280000	0.021019794263131917
76320000	0.02043013339601457
76360000	0.020271011579036713
76400000	0.020492401359044017
76440000	0.021102482208423316
76480000	0.020784258892759682
76520000	0.02078645215369761
76560000	0.02136126844137907
76600000	0.021955811887234448
76640000	0.020929080017469823
76680000	0.02100249911788851
76720000	0.021156171014346182
76760000	0.021104178233258428
76800000	0.021666652154736222
76840000	0.021295624784566463
76880000	0.020833743205294013
76920000	0.020405203548260035
76960000	0.02070230608638376
77000000	0.02038677100185305
77040000	0.021181138158775866
77080000	0.021269508407637475
77120000	0.021435485575161874
77160000	0.021618029064312577
77200000	0.021500192771106957
77240000	0.0207540349252522
77280000	0.02076725324932486
77320000	0.02120028972681612
77360000	0.021098828189820052
77400000	0.021559636457264424
77440000	0.021378291631489993
77480000	0.021523166416399182
77520000	0.021799170951545238
77560000	0.020907328280434012
77600000	0.02145677525345236
77640000	0.02134649718236178
77680000	0.021046615475602447
77720000	0.021345847142860294
77760000	0.021189060073904694
77800000	0.021022766133025287
77840000	0.021538700503110887
77880000	0.021498446466587485
77920000	0.020912899312749506
77960000	0.021275593367032705
78000000	0.021914397878572345
78040000	0.0215422233350575
78080000	0.021939400861039758
78120000	0.0215640303703025
78160000	0.021657990973442794
78200000	0.021807916020043193
78240000	0.022068184245191514
78280000	0.02178874308280647
78320000	0.02282118400000036
78360000	0.02203136243801564
78400000	0.02257650938164443
78440000	0.021793720619753
78480000	0.021778103732690214
78520000	0.021958509498275817
78560000	0.02203774872645736
78600000	0.02201535526327789
78640000	0.02136908739320934
78680000	0.02196769542004913
78720000	0.021618415572866798
78760000	0.02138273016102612
78800000	0.021707032737508417
78840000	0.02182064838241786
78880000	0.021110758074000476
78920000	0.020989773496426643
78960000	0.021436145701445638
79000000	0.021342866153642535
79040000	0.021867916347272694
79080000	0.02161711613945663
79120000	0.02193452411480248
79160000	0.0215706615049392
79200000	0.022525035754218697
79240000	0.02278368166014552
79280000	0.021692796229943634
79320000	0.022256926108524203
79360000	0.021702395413443445
79400000	0.021834949439018966
79440000	0.021766452639177442
79480000	0.021831006691232325
79520000	0.021634102983027696
79560000	0.021948293218761683
79600000	0.021845739649049938
79640000	0.0220325125426054
79680000	0.021567445956915617
79720000	0.022155567672103645
79760000	0.021925297765247525
79800000	0.021536017004959284
79840000	0.021734896268881858
79880000	0.02124372279923409
79920000	0.021591761784628034
79960000	0.021288513436727226
80000000	0.021666659186780454
80040000	0.02079281254708767
80080000	0.020791362448222935
80120000	0.02069188730530441
80160000	0.021093437427841127
80200000	0.0221836683312431
80240000	0.021741419738158584
80280000	0.021411158874817194
80320000	0.021708779512345792
80360000	0.021941574082151055
80400000	0.022081794515252114
80440000	0.021524640465900302
80480000	0.02220844248663634
80520000	0.021763310198299586
80560000	0.022030604806542398
80600000	0.02146814759466797
80640000	0.021629026865772904
80680000	0.021087981466576457
80720000	0.0213334849588573
80760000	0.020609417941980065
80800000	0.021273621321097017
80840000	0.021631122376024724
80880000	0.022037085805647075
80920000	0.022122042497619985
80960000	0.021952716725878417
81000000	0.021680016284622253
81040000	0.021487681822106242
81080000	0.02120320886671543
81120000	0.022256229649111628
81160000	0.02177930909767747
81200000	0.02162009837049991
81240000	0.021480846838094293
81280000	0.021745939973928034
81320000	0.022014936794526874
81360000	0.02236895840410143
81400000	0.022217258790507913
81440000	0.02166312695145607
81480000	0.02185433956142515
81520000	0.022573939926736057
81560000	0.0217501185497269
81600000	0.021914809131249786
81640000	0.022303756256774068
81680000	0.022230455646663903
81720000	0.0227839875664562
81760000	0.021752781877666712
81800000	0.021142112020403146
81840000	0.02207934809960425
81880000	0.02292039600200951
81920000	0.022171278715506195
81960000	0.022549821384251118
82000000	0.02225187460090965
82040000	0.021506630855239926
82080000	0.021969790213555097
82120000	0.021605952770262955
82160000	0.02178697131164372
82200000	0.0216475050881505
82240000	0.021560409722290935
82280000	0.02224657025448978
82320000	0.021599815917760133
82360000	0.021784234860725702
82400000	0.02150472588147968
82440000	0.02213786789830774
82480000	0.02217659931629896
82520000	0.02196697239819914
82560000	0.02176495597548783
82600000	0.021765751757845283
82640000	0.02152514645382762
82680000	0.02238006605487317
82720000	0.02189789806138724
82760000	0.021212325317971407
82800000	0.0211396001862362
82840000	0.02159733522105962
82880000	0.022149212581291794
82920000	0.022196909256838263
82960000	0.022789621301926674
83000000	0.022137910904362797
83040000	0.02264588614702225
83080000	0.022789026615209877
83120000	0.02187904286980629
83160000	0.02199967756588012
83200000	0.021795746384188533
83240000	0.0226469053292647
83280000	0.022808120408281684
83320000	0.0232417315274477
83360000	0.022803434105217457
83400000	0.023258155321329833
83440000	0.023118374314717947
83480000	0.02243432362433523
83520000	0.021928331875801087
83560000	0.021726971926167606
83600000	0.02308056681379676
83640000	0.022608270538039505
83680000	0.02245021787006408
83720000	0.022539105812087654
83760000	0.022590879622660577
83800000	0.022198735179565846
83840000	0.02224566947426647
83880000	0.021872897122986616
83920000	0.022572347323037683
83960000	0.022698808488063514
84000000	0.022313917374797165
84040000	0.02210875517372042
84080000	0.02287890473604202
84120000	0.022895105222053826
84160000	0.02258672360982746
84200000	0.021490496454760432
84240000	0.022913770226575435
84280000	0.022563116069324315
84320000	0.022384143346734345
84360000	0.022432893040031196
84400000	0.022385069038160146
84440000	0.02242721698023379
84480000	0.021377887642011047
84520000	0.02184440240841359
84560000	0.02155866214390844
84600000	0.0219740064278245
84640000	0.022228723077848553
84680000	0.021996518518216907
84720000	0.02146798048336059
84760000	0.02171127812601626
84800000	0.021433866260945796
84840000	0.021755406921729444
84880000	0.021251712791621684
84920000	0.021933206195011736
84960000	0.022088908918015657
85000000	0.02214680905062705
85040000	0.022001160131953655
85080000	0.021953953712992372
85120000	0.02204487223941833
85160000	0.02194351748563349
85200000	0.022160994356125594
85240000	0.02134721282310784
85280000	0.0215151679828763
85320000	0.021144297962635755
85360000	0.02146636839620769
85400000	0.021559767491370438
85440000	0.021503977939486503
85480000	0.02293151800315827
85520000	0.02226534111648798
85560000	0.021665766783989966
85600000	0.021865803848579526
85640000	0.02168949425034225
85680000	0.02169949526824057
85720000	0.022007666892185807
85760000	0.02170903446674347
85800000	0.02205153592042625
85840000	0.02208042991552502
85880000	0.021633594949170946
85920000	0.02203612099867314
85960000	0.022553876602649688
86000000	0.02187475583832711
86040000	0.022103107656911015
86080000	0.0223921793917194
86120000	0.02142959370203316
86160000	0.022471068771183492
86200000	0.023241237679310144
86240000	0.022568743969872594
86280000	0.021953326914645733
86320000	0.02229424335900694
86360000	0.022168259048834443
86400000	0.02277762391678989
86440000	0.0215556732583791
86480000	0.02222306888308376
86520000	0.021458785874582827
86560000	0.02146765733156353
86600000	0.021807869116589426
86640000	0.021702939342707395
86680000	0.021356472180224954
86720000	0.021077290036156774
86760000	0.021938830037601293
86800000	0.021298295540176333
86840000	0.02165566860474646
86880000	0.02198753858078271
86920000	0.02135478318016976
86960000	0.020905861051939426
87000000	0.021694325210340322
87040000	0.02275470334738493
87080000	0.02192673818115145
87120000	0.021836215985566378
87160000	0.022006875979341565
87200000	0.021928242135979235
87240000	0.021256284360401334
87280000	0.02177652974203229
87320000	0.02150873528122902
87360000	0.021741830213367938
87400000	0.021334392233937977
87440000	0.021090540203265846
87480000	0.02108191863046959
87520000	0.02193188109882176
87560000	0.021032593270018697
87600000	0.021312472617439925
87640000	0.021842822180315854
87680000	0.021489379032328726
87720000	0.02003595993798226
87760000	0.02092110957801342
87800000	0.021548078402131795
87840000	0.021161452339962125
87880000	0.020916164218820633
87920000	0.020611921745352448
87960000	0.021159462585113944
88000000	0.021380787556804715
88040000	0.021075671550631524
88080000	0.020800844296999275
88120000	0.02086249928623438
88160000	0.020491308407858014
88200000	0.02097413383219391
88240000	0.020747091383300723
88280000	0.019926726941019296
88320000	0.02065342385713011
88360000	0.020175302397459745
88400000	0.02041054136212915
88440000	0.02090771098099649
88480000	0.021088044162653388
88520000	0.02099573666267097
88560000	0.021268432344682515
88600000	0.02121326578222215
88640000	0.02090465704444796
88680000	0.021298689415678383
88720000	0.02183831011503935
88760000	0.021683299818076193
88800000	0.021354264400340616
88840000	0.021164070701040327
88880000	0.02128403498660773
88920000	0.021184776545129718
88960000	0.02165279552824795
89000000	0.021594503375701606
89040000	0.021953374598361552
89080000	0.021598959146440028
89120000	0.020961908533610404
89160000	0.02151633998621255
89200000	0.0214281997397542
89240000	0.021214319469220935
89280000	0.02133179599121213
89320000	0.02153920750040561
89360000	0.02171370347160846
89400000	0.02108279817737639
89440000	0.02185914247762412
89480000	0.021554835359193385
89520000	0.020684472594596444
89560000	0.021215223831497133
89600000	0.02055589706301689
89640000	0.02084611866865307
89680000	0.0207557602269575
89720000	0.021038293903507293
89760000	0.02112555395029485
89800000	0.02045430153813213
89840000	0.0207971351608634
89880000	0.020825980410911143
89920000	0.02026579101383686
89960000	0.020712510161474348
90000000	0.021097472310997546
90040000	0.021454609747789802
90080000	0.02160469759106636
90120000	0.021557190782949327
90160000	0.021962744866125285
90200000	0.021269070387817918
90240000	0.021057261429540813
90280000	0.021572390025667847
90320000	0.02082132002282888
90360000	0.02104826241414994
90400000	0.021254768038727345
90440000	0.021188759901933373
90480000	0.020544458024017512
90520000	0.020949724376760424
90560000	0.021008055168762804
90600000	0.020361187280714513
90640000	0.020463325484283267
90680000	0.021123811949416996
90720000	0.021318641185201704
90760000	0.020706119854934514
90800000	0.021846052058041097
90840000	0.021938276617974043
90880000	0.02202981901653111
90920000	0.022227028066292405
90960000	0.02213017001207918
91000000	0.02163030854575336
91040000	0.021309526879526676
91080000	0.021346506856754422
91120000	0.02134732077755034
91160000	0.02177307450398803
91200000	0.021909180026873948
91240000	0.021940045720525086
91280000	0.022134794159047306
91320000	0.021409347373992204
91360000	0.021822112505324186
91400000	0.0218372401246801
91440000	0.021898111012019217
91480000	0.0206658133527264
91520000	0.020841053540818392
91560000	0.020949172236211597
91600000	0.021555494829453528
91640000	0.021280884005501866
91680000	0.02097584836948663
91720000	0.020756663281284272
91760000	0.020956025778874756
91800000	0.020996447900310158
91840000	0.020080969582125546
91880000	0.02072660715263337
91920000	0.021053644361533223
91960000	0.020363184861093758
92000000	0.020844401889108122
92040000	0.02095180598590523
92080000	0.021134307888522743
92120000	0.02067580382246524
92160000	0.02104924055300653
92200000	0.020094131791964173
92240000	0.02128791854772717
92280000	0.02072774562034756
92320000	0.02017269614748657
92360000	0.020802494018152356
92400000	0.020516120445169508
92440000	0.02068079454675317
92480000	0.02136293084640056
92520000	0.021268598123826088
92560000	0.021281363732367754
92600000	0.02127527677305043
92640000	0.020986010678857563
92680000	0.020647319487854837
92720000	0.020804295695014297
92760000	0.020935292026400567
92800000	0.021192120997421442
92840000	0.020695489743351937
92880000	0.020892056671716272
92920000	0.021181155570596456
92960000	0.02098993880581111
93000000	0.0208313136048615
93040000	0.020494280797429383
93080000	0.021135673073120417
93120000	0.020929239480756222
93160000	0.021197507389448582
93200000	0.020737701405212285
93240000	0.020319524973630904
93280000	0.0206882540198043
93320000	0.020900693559274076
93360000	0.021596843731589616
93400000	0.02120617426391691
93440000	0.021062444362789392
93480000	0.02137128525450826
93520000	0.02183513132557273
93560000	0.02100053989905864
93600000	0.020561104139499367
93640000	0.021089733861386777
93680000	0.020118751604296266
93720000	0.020086013064160944
93760000	0.02029452001173049
93800000	0.02005682057905942
93840000	0.020922351880557834
93880000	0.020555738122574985
93920000	0.02087773103043437
93960000	0.020776008427981288
94000000	0.02159064968600869
94040000	0.020650706942938267
94080000	0.021126401885226367
94120000	0.020827753550000487
94160000	0.0213140347270295
94200000	0.020891967942379415
94240000	0.020926457222737373
94280000	0.021230900897085667
94320000	0.02152672563213855
94360000	0.021147939600981772
94400000	0.02084712879136205
94440000	0.020921462579257786
94480000	0.021205305902473628
94520000	0.02100777078140527
94560000	0.020230589701607824
94600000	0.020477612060680984
94640000	0.020309678846225143
94680000	0.020923218814842402
94720000	0.0211395536409691
94760000	0.020897186338715255
94800000	0.020593084384128452
94840000	0.020022318189404906
94880000	0.020347670312039556
94920000	0.020242251208238304
94960000	0.02045060893613845
95000000	0.02098630226571113
95040000	0.020354463200829922
95080000	0.020359884847700595
95120000	0.02070214557312429
95160000	0.020703710985556244
95200000	0.020053686551190913
95240000	0.020589638630859552
95280000	0.02043758670911193
95320000	0.02066650092191994
95360000	0.020598394753225148
95400000	0.021330677662789822
95440000	0.021906094717793166
95480000	0.02077380561362952
95520000	0.020979418161138894
95560000	0.020705656911432745
95600000	0.020480094716511667
95640000	0.020789844597876073
95680000	0.02040992831084877
95720000	0.020063617934286595
95760000	0.0206742672778666
95800000	0.020475232430174947
95840000	0.020928547826968135
95880000	0.020487604359909893
95920000	0.02051085801012814
95960000	0.021489456136524678
96000000	0.021619625989161433
96040000	0.020998511607199906
96080000	0.02118291488159448
96120000	0.02078184581082314
96160000	0.021274326811730863
96200000	0.02109644810911268
96240000	0.02072223172672093
96280000	0.020892346897721292
96320000	0.020731101199053227
96360000	0.020764006861671805
96400000	0.021301118577830493
96440000	0.021254607615619897
96480000	0.02054169494714588
96520000	0.02083477899003774
96560000	0.02066116161290556
96600000	0.020850920718163253
96640000	0.020061313171125948
96680000	0.020094940199516714
96720000	0.01978615854755044
96760000	0.02007999454289675
96800000	0.019991811520792543
96840000	0.020895441587641835
96880000	0.020610749721713364
96920000	0.021110804725810884
96960000	0.02022757918834686
97000000	0.02048482742533088
97040000	0.020883928941376508
97080000	0.020432026182487607
97120000	0.02054468080084771
97160000	0.020876532895676793
97200000	0.021076286084577442
97240000	0.021174229513667524
97280000	0.020185630673542617
97320000	0.02088103664610535
97360000	0.021092617168463768
97400000	0.020437327383458614
97440000	0.021281335294805467
97480000	0.020983589927479625
97520000	0.020869582191854714
97560000	0.02088900775797665
97600000	0.021032343523576854
97640000	0.020909774085506795
97680000	0.02122887165993452
97720000	0.02124922350998968
97760000	0.020130215962044895
97800000	0.020624910654872656
97840000	0.020807059659995138
97880000	0.02094649831801653
97920000	0.02042072626342997
97960000	0.020570030905120076
98000000	0.020584289235249163
98040000	0.020362056717835367
98080000	0.02035944536998868
98120000	0.02017928782235831
98160000	0.020616090302541853
98200000	0.02025925354193896
98240000	0.0204299062224105
98280000	0.020849862971529364
98320000	0.020903627734817565
98360000	0.02082303778436035
98400000	0.02133017261736095
98440000	0.02106474000727758
98480000	0.021196493556164205
98520000	0.020416558029316367
98560000	0.02045580269061029
98600000	0.020755419892072677
98640000	0.0209336610423401
98680000	0.021967801514081658
98720000	0.020854294080846013
98760000	0.02075824360009283
98800000	0.02076569720543921
98840000	0.02145650623589754
98880000	0.02078689189888537
98920000	0.021354706439189613
98960000	0.02125627767415717
99000000	0.021762031597830356
99040000	0.02152488818988204
99080000	0.021283465504273773
99120000	0.02174400146175176
99160000	0.021255071764998138
99200000	0.02156937888581306
99240000	0.02130024330150336
99280000	0.02112484115185216
99320000	0.02103655533194542
99360000	0.020360100003890692
99400000	0.021016933524422347
99440000	0.02126710075326264
99480000	0.02073921487946063
99520000	0.021017534098029138
99560000	0.020441357972659172
99600000	0.021433639204129575
99640000	0.021264319654367866
99680000	0.021294646436721087
99720000	0.020864891941659153
99760000	0.02159035108368844
99800000	0.020585587486997247
99840000	0.020723187908902763
99880000	0.020688588891178368
99920000	0.019967664624005555
99960000	0.020494317564740776
100000000	0.021250230711326003
