240000	0.02452501395191066
280000	0.05567291630669497
320000	0.05596962504666299
360000	0.04659409330151975
400000	0.04291325782053173
440000	0.0419894423995167
480000	0.04992626234777272
520000	0.0459490949023515
560000	0.04826896981522441
600000	0.043012646996229885
640000	0.045416122578457
680000	0.03606336711179465
720000	0.041985739155113694
760000	0.0457851815816015
800000	0.04203114838339388
840000	0.0387668719727546
880000	0.040205749368481335
920000	0.04109667001441121
960000	0.040860402692109346
1000000	0.044506345167011026
1040000	0.05105734954625368
1080000	0.05858615304008126
1120000	0.04242004152033478
1160000	0.04124362090267241
1200000	0.04304087430052459
1240000	0.059540713472291826
1280000	0.07208343474119902
1320000	0.06351176032572985
1360000	0.05470272541865706
1400000	0.051041253670305015
1440000	0.04882972094193101
1480000	0.04934291378781199
1520000	0.058207179587334394
1560000	0.054911013850942256
1600000	0.06175063136331737
1640000	0.06039057266488671
1680000	0.06000738266967237
1720000	0.05761938477009535
1760000	0.0615352144766599
1800000	0.06240502618327737
1840000	0.05996596702188253
1880000	0.06363361675702035
1920000	0.058833922880515456
1960000	0.059364472598209976
2000000	0.058627339848876
2040000	0.05987464089207351
2080000	0.06525374469831585
2120000	0.05803081284239888
2160000	0.05920219582282007
2200000	0.05885337260253727
2240000	0.05768082428760827
2280000	0.06089632663801312
2320000	0.06812013606242835
2360000	0.06437918720953166
2400000	0.061023466831445695
2440000	0.06400953961610795
2480000	0.06364503336660564
2520000	0.06762070118077099
2560000	0.06755905685313046
2600000	0.07166374777927995
2640000	0.06294336254894733
2680000	0.06515166216082871
2720000	0.0662137798305601
2760000	0.06707059498950839
2800000	0.0674574357509613
2840000	0.06508537035100162
2880000	0.06278535805754364
2920000	0.06926230348199607
2960000	0.06869933222085238
3000000	0.06204974312633276
3040000	0.061436667412891985
3080000	0.0605416119158268
3120000	0.05609982747249305
3160000	0.06082548838481307
3200000	0.060815700659900905
3240000	0.05896435534134507
3280000	0.06431414366513491
3320000	0.06572267687879503
3360000	0.06363179784975946
3400000	0.0632065393395722
3440000	0.06919950344227255
3480000	0.06938622817322612
3520000	0.07319761240631342
3560000	0.07012057659253478
3600000	0.06817302931919694
3640000	0.06480474979355931
3680000	0.06226700488589704
3720000	0.05905297659784555
3760000	0.05886717283502221
3800000	0.060844564171880486
3840000	0.058540556810796264
3880000	0.059104266754165295
3920000	0.05779813434742391
3960000	0.06082284534834325
4000000	0.06136516098231077
4040000	0.06269049002379179
4080000	0.06303988540917635
4120000	0.06161469958908856
4160000	0.06345129711143672
4200000	0.061640176034718754
4240000	0.05778919676467776
4280000	0.05758023093305528
4320000	0.06192879342958331
4360000	0.06105871335528791
4400000	0.057550197941064835
4440000	0.059259644592553375
4480000	0.06122401993088424
4520000	0.057838792667910456
4560000	0.057459939674660565
4600000	0.05549372429531067
4640000	0.05665622418448329
4680000	0.05880287573374808
4720000	0.05877688568420708
4760000	0.05584499394260347
4800000	0.055335492191463706
4840000	0.05114069880917668
4880000	0.05430428848192096
4920000	0.057239767617732286
4960000	0.05450069965608418
5000000	0.05570779571458697
5040000	0.06008635312654078
5080000	0.05897957693822682
5120000	0.06320772980526089
5160000	0.059952874568477275
5200000	0.06323444689959287
5240000	0.0595257482200861
5280000	0.059326881869509816
5320000	0.05462107138223946
5360000	0.05577545010708272
5400000	0.05444471798911691
5440000	0.05560049756765366
5480000	0.05401480347402394
5520000	0.05075571927316487
5560000	0.05078142921961844
5600000	0.04873469499796629
5640000	0.05119716511145234
5680000	0.053877913616597654
5720000	0.056024266225472096
5760000	0.05561079260967672
5800000	0.0521291481256485
5840000	0.05083392542488873
5880000	0.048470022589713335
5920000	0.04780147278085351
5960000	0.046428906951099636
6000000	0.04724369346052408
6040000	0.04845625268593431
6080000	0.047257301105931404
6120000	0.04383323389813304
6160000	0.04562489216737449
6200000	0.047370406214892864
6240000	0.04731811686679721
6280000	0.04698179281949997
6320000	0.04773135323785246
6360000	0.047486892147734765
6400000	0.04504358936212957
6440000	0.04419953070059419
6480000	0.044230592802912
6520000	0.04777702042162418
6560000	0.051045774368196725
6600000	0.05110104217268527
6640000	0.048679372517764566
6680000	0.05103760925158858
6720000	0.05164665741398931
6760000	0.05177664918079972
6800000	0.05169248658753932
6840000	0.047961792021244766
6880000	0.04699089324846864
6920000	0.04401424678228796
6960000	0.04472574722394347
7000000	0.04597787523455918
7040000	0.044216619107872245
7080000	0.04289392347894609
7120000	0.04372716483585536
7160000	0.04432127222605049
7200000	0.04561932184435427
7240000	0.04686435668691993
7280000	0.0463088051635772
7320000	0.0460665735013783
7360000	0.04503934930339456
7400000	0.04469939538352191
7440000	0.04545135303363204
7480000	0.04436150696799159
7520000	0.04556907321438193
7560000	0.04782188225965947
7600000	0.04803300247453153
7640000	0.04770438790395856
7680000	0.050233494868502024
7720000	0.04794325510114431
7760000	0.04665300499610603
7800000	0.04564828075617552
7840000	0.047283059818297626
7880000	0.04877774578891694
7920000	0.047669646037369964
7960000	0.044212701481580734
8000000	0.04412479580640793
8040000	0.041908761217072606
8080000	0.041634800898656246
8120000	0.04283199394829571
8160000	0.04379995105303824
8200000	0.04172346062585711
8240000	0.04232176034152508
8280000	0.04140611345805228
8320000	0.041445786723122
8360000	0.0392626490149647
8400000	0.03892198746278882
8440000	0.040690613659843805
8480000	0.03948994625583291
8520000	0.038632036649808285
8560000	0.041122593546286224
8600000	0.04199977130554616
8640000	0.03966635333299637
8680000	0.03890435150153935
8720000	0.03942270921766758
8760000	0.03926116097047925
8800000	0.04090168778412044
8840000	0.04202862467244267
8880000	0.04223959503471851
8920000	0.04190877345465124
8960000	0.04200774085000157
9000000	0.04203887603916228
9040000	0.0410869869440794
9080000	0.042571648145094516
9120000	0.04218210735693574
9160000	0.04069584481157362
9200000	0.03980221704766154
9240000	0.03978838663250208
9280000	0.04098979429937899
9320000	0.03972029674574733
9360000	0.038991320778056976
9400000	0.038279674150422216
9440000	0.03907721742503345
9480000	0.03860871052891016
9520000	0.038697548619657754
9560000	0.0379303108073771
9600000	0.03868304280117154
9640000	0.03901035522893071
9680000	0.038925210472941396
9720000	0.03982632917575538
9760000	0.041533173403143886
9800000	0.04062665009573102
9840000	0.039421803108602764
9880000	0.03956179186739028
9920000	0.041549001210927965
9960000	0.04070073746219277
10000000	0.041568312955275175
10040000	0.04047827017232776
10080000	0.041966010646149514
10120000	0.04010415818020702
10160000	0.03796041659787297
10200000	0.0377010201446712
10240000	0.03825636667348444
10280000	0.03817286940142512
10320000	0.03767139613553882
10360000	0.0373277996443212
10400000	0.03734407757371664
10440000	0.036921836595237255
10480000	0.036095542277395726
10520000	0.036650383174419404
10560000	0.03664581239148974
10600000	0.03730091661587358
10640000	0.037454212084412575
10680000	0.03584167717173695
10720000	0.03600485049970448
10760000	0.036347368498146536
10800000	0.03678592046238482
10840000	0.036000359762459994
10880000	0.03666279542185366
10920000	0.035315285677835345
10960000	0.03560495809465647
11000000	0.036127197773754595
11040000	0.035621346897631884
11080000	0.03649983492232859
11120000	0.036732755110785366
11160000	0.0362547680169344
11200000	0.03784048628360033
11240000	0.03742908371649682
11280000	0.037933435844630006
11320000	0.03824773120470345
11360000	0.037896569230407476
11400000	0.03682097253352404
11440000	0.03629430025443435
11480000	0.03579914135709405
11520000	0.03683543190173805
11560000	0.03794890197739005
11600000	0.0362342604290694
11640000	0.03670985648818314
11680000	0.03574535318613052
11720000	0.03678520007431507
11760000	0.03502527489811182
11800000	0.03501416105106473
11840000	0.03489497298561037
11880000	0.035489931147918104
11920000	0.037020472534373405
11960000	0.03761232180818915
12000000	0.035860562469437716
12040000	0.036336717814207074
12080000	0.03561831566020846
12120000	0.03481144874729216
12160000	0.035659756101295355
12200000	0.036204943814501164
12240000	0.03746486781723797
12280000	0.038206872860714794
12320000	0.0375083328794688
12360000	0.036141579296812415
12400000	0.03520659830383956
12440000	0.03497527581341565
12480000	0.03568758425991982
12520000	0.035650472294539215
12560000	0.034442174265533684
12600000	0.03455341187305749
12640000	0.0353782653991133
12680000	0.03353230937048793
12720000	0.033256353018432855
12760000	0.0332167651956901
12800000	0.034619958259537814
12840000	0.035716860712692144
12880000	0.03483295161388814
12920000	0.03446805746369064
12960000	0.03456199655123055
13000000	0.03447888332940638
13040000	0.034379501168057325
13080000	0.03349349440000951
13120000	0.03304282252304256
13160000	0.033143312655389306
13200000	0.03338114394545555
13240000	0.03416347307413817
13280000	0.03590113040693104
13320000	0.0351261222768575
13360000	0.03443962658084929
13400000	0.034516699897125365
13440000	0.03352730098105967
13480000	0.03368126635812223
13520000	0.033442320431768896
13560000	0.03387953335642815
13600000	0.034309968074411154
13640000	0.03328708905503154
13680000	0.03375591008849442
13720000	0.03238060264624655
13760000	0.033684923332557085
13800000	0.03278336921595037
13840000	0.03434552793800831
13880000	0.03596215197481215
13920000	0.034383009495586155
13960000	0.03554570810981095
14000000	0.03421392490938306
14040000	0.034141992522403596
14080000	0.03491411979235709
14120000	0.035082600332424045
14160000	0.034301676374301315
14200000	0.034420615070685744
14240000	0.03380888146758079
14280000	0.03404563285894692
14320000	0.03428028301410377
14360000	0.034562769356369975
14400000	0.03541223731096834
14440000	0.035809403340891006
14480000	0.03623083409331739
14520000	0.03496836527306586
14560000	0.03482980544529855
14600000	0.03494374194554985
14640000	0.03585573466066271
14680000	0.0347955738235265
14720000	0.03483435159884393
14760000	0.03555212805718184
14800000	0.03662681319117546
14840000	0.03583566172271967
14880000	0.03501345167532563
14920000	0.035628705523908136
14960000	0.03387929430156946
15000000	0.034292171861603854
15040000	0.03319160510078072
15080000	0.032814069186523555
15120000	0.033121936681494116
15160000	0.034219551541656255
15200000	0.03355767897441983
15240000	0.034075377657637
15280000	0.035373164995387195
15320000	0.03435090677961707
15360000	0.03442446676827967
15400000	0.034721469066664574
15440000	0.03517552255280316
15480000	0.03605528246164322
15520000	0.034958483534306285
15560000	0.034167578393220904
15600000	0.03601493559107184
15640000	0.035057940985634924
15680000	0.03432237475886941
15720000	0.034872128384560344
15760000	0.034179205233976245
15800000	0.0335326414771378
15840000	0.035908883192017675
15880000	0.03562277482300997
15920000	0.03538084758706391
15960000	0.03570536493416875
16000000	0.03572508360408246
16040000	0.0354576075559482
16080000	0.03530645968876779
16120000	0.034036861741542815
16160000	0.03435388000048697
16200000	0.034721084460616114
16240000	0.03594318935908377
16280000	0.03592110699526966
16320000	0.03572571365684271
16360000	0.03499931419193745
16400000	0.034579140060022474
16440000	0.03474627512786537
16480000	0.034109091936796905
16520000	0.034519484846666455
16560000	0.03365720017924905
16600000	0.033844695349410175
16640000	0.035001146622747184
16680000	0.035566016325727104
16720000	0.035114476178586485
16760000	0.03488261737562716
16800000	0.03418971185646951
16840000	0.03518888049982488
16880000	0.0351768579185009
16920000	0.03562082662731409
16960000	0.035269756353273986
17000000	0.03559720014110208
17040000	0.034787316629290584
17080000	0.03479360316544771
17120000	0.03450616113767028
17160000	0.035460125502571466
17200000	0.03384286374859512
17240000	0.03408849158883095
17280000	0.03340674989931285
17320000	0.03301438081860542
17360000	0.03297126009427011
17400000	0.03170912578813732
17440000	0.031671861309185624
17480000	0.03243015315644443
17520000	0.032876583636924625
17560000	0.03419342366866768
17600000	0.03474823392163962
17640000	0.03447175870202482
17680000	0.034257984695211054
17720000	0.033311062552407386
17760000	0.03294531108848751
17800000	0.03275919517762959
17840000	0.032570933824777604
17880000	0.03333550329841673
17920000	0.03454098595827818
17960000	0.03443447882477194
18000000	0.035637675748951735
18040000	0.03456096406113356
18080000	0.03390560871250928
18120000	0.03350236237756908
18160000	0.033864286920800804
18200000	0.03310069395340979
18240000	0.032586459233425555
18280000	0.03208753143660724
18320000	0.032577695552259686
18360000	0.03242519821301103
18400000	0.03238411798756569
18440000	0.032513652434386316
18480000	0.03275937055312097
18520000	0.03267906551323831
18560000	0.03385475722178817
18600000	0.03259487749673426
18640000	0.033288742166385055
18680000	0.032832684888131916
18720000	0.032759329042583704
18760000	0.032062351746112105
18800000	0.032126295033842324
18840000	0.031679849018901585
18880000	0.03117643784545362
18920000	0.03170207149423659
18960000	0.031528511615097524
19000000	0.03203961386121809
19040000	0.032069897668808696
19080000	0.03196401821412146
19120000	0.031997831473872064
19160000	0.031665839402005076
19200000	0.030883115298673512
19240000	0.03142539096809924
19280000	0.030415463495440782
19320000	0.030956585821323098
19360000	0.03095365712698549
19400000	0.030730039785057308
19440000	0.03195035589449108
19480000	0.03254253139086068
19520000	0.03262584341876209
19560000	0.03255472696684301
19600000	0.03228653007410467
19640000	0.032431778910011054
19680000	0.0320085773402825
19720000	0.03146966878529638
19760000	0.03196977456510067
19800000	0.03314929372929037
19840000	0.03154505568034947
19880000	0.031387475157156584
19920000	0.03225199855007231
19960000	0.03239418619479984
20000000	0.0328444992357865
20040000	0.03299081290215254
20080000	0.03283055156283081
20120000	0.032378067775070664
20160000	0.031745900450460614
20200000	0.03195504064969718
20240000	0.03170940317623317
20280000	0.03093687414005399
20320000	0.03136034899391234
20360000	0.03211897598095238
20400000	0.03174057024754584
20440000	0.0314179913925007
20480000	0.030688712625578044
20520000	0.03150522592775524
20560000	0.03179136658161879
20600000	0.03158329775184393
20640000	0.03242381585501134
20680000	0.03177448915988207
20720000	0.03070695758499205
20760000	0.031020612044632436
20800000	0.03090547573007643
20840000	0.03090378477573395
20880000	0.03101072852425277
20920000	0.030813731170445682
20960000	0.03058518724963069
21000000	0.03130030226632953
21040000	0.0305059978030622
21080000	0.03023636053465307
21120000	0.03156681587547064
21160000	0.03198511131051928
21200000	0.03228645490333438
21240000	0.03178404918387532
21280000	0.03188503886479884
21320000	0.03071627399660647
21360000	0.03244421192780137
21400000	0.032220580529794096
21440000	0.031667339708656074
21480000	0.0311923769980669
21520000	0.03152285404093563
21560000	0.032025242806971076
21600000	0.03057227874696255
21640000	0.03049458596073091
21680000	0.0299093616258353
21720000	0.030543450483679773
21760000	0.02988694072961807
21800000	0.02941639529541135
21840000	0.03000349725186825
21880000	0.03052634277138859
21920000	0.030938146620243787
21960000	0.030683033361285923
22000000	0.03049273944310844
22040000	0.030824653875082732
22080000	0.03127787456754595
22120000	0.03131755856499076
22160000	0.03129365338608622
22200000	0.030980141335353255
22240000	0.03136127932369709
22280000	0.03180104308389127
22320000	0.03160655720308423
22360000	0.03123908599726856
22400000	0.03128063810542226
22440000	0.030723661145195365
22480000	0.030401190557703375
22520000	0.031618150403350594
22560000	0.0318124363720417
22600000	0.030550006636604666
22640000	0.030619737227261065
22680000	0.029765769874304532
22720000	0.03060537736788392
22760000	0.031045894096419214
22800000	0.030665921418368818
22840000	0.0318597651232034
22880000	0.031618674319796265
22920000	0.03093660285435617
22960000	0.030953865640237926
23000000	0.031084831439144908
23040000	0.03103183377366513
23080000	0.03032003930490464
23120000	0.031184434635192156
23160000	0.030228661466762424
23200000	0.031052390006184576
23240000	0.031360141158849
23280000	0.031726189552620056
23320000	0.032048354349657894
23360000	0.03198009155541658
23400000	0.03168350929319858
23440000	0.030358812454715372
23480000	0.030672382526099683
23520000	0.03110699848122895
23560000	0.029540360672026873
23600000	0.0299069808293134
23640000	0.02953082963898778
23680000	0.029521241395547987
23720000	0.029674236780405046
23760000	0.029874889288656413
23800000	0.029401940525695683
23840000	0.030148827361129223
23880000	0.029684528943896293
23920000	0.030013933754339816
23960000	0.03025331031996757
24000000	0.029851771712675692
24040000	0.030513068970665337
24080000	0.029336616352014244
24120000	0.029889218611083925
24160000	0.029154293105006217
24200000	0.028706218722090126
24240000	0.030005474072694778
24280000	0.03030648127309978
24320000	0.02985070930365473
24360000	0.03005490245334804
24400000	0.030601198081858457
24440000	0.029546778229624034
24480000	0.030192187136039137
24520000	0.02940823075659573
24560000	0.029856886047124862
24600000	0.029855577315576375
24640000	0.030352913507074118
24680000	0.03041692925877869
24720000	0.030529718470200896
24760000	0.030088027998432517
24800000	0.02963224175479263
24840000	0.02968465422037989
24880000	0.029078117246739567
24920000	0.029334321070462466
24960000	0.029532832936756313
25000000	0.029977587478235364
25040000	0.02990823458507657
25080000	0.030303836683556438
25120000	0.0296375655092299
25160000	0.029536837302520873
25200000	0.02857307303659618
25240000	0.029783572982251646
25280000	0.02921429608874023
25320000	0.0283941788867116
25360000	0.029231121232360602
25400000	0.02960232189837843
25440000	0.02921647208649665
25480000	0.028225590378046037
25520000	0.028961539079621436
25560000	0.029315889404155315
25600000	0.029066125268675386
25640000	0.029674978463165462
25680000	0.03000437788758427
25720000	0.029619203076884152
25760000	0.02936192988678813
25800000	0.029441223769448698
25840000	0.029293617228418587
25880000	0.030027008898928762
25920000	0.029969393450021743
25960000	0.029523218441195785
26000000	0.029933097990602255
26040000	0.029987277791276575
26080000	0.028725192173570394
26120000	0.02965013441555202
26160000	0.02896559919975698
26200000	0.028634062942862512
26240000	0.0287685445189476
26280000	0.028253075497969984
26320000	0.028184500859677792
26360000	0.029350090903043746
26400000	0.0284689550191164
26440000	0.028741271812282504
26480000	0.02919983141310513
26520000	0.0289585401494056
26560000	0.02819346808977425
26600000	0.027748567456938326
26640000	0.028362811997532846
26680000	0.029052291413024067
26720000	0.028610228120721875
26760000	0.027966866168007254
26800000	0.028441215294972063
26840000	0.027500320008024572
26880000	0.02798593500889838
26920000	0.028658392965234817
26960000	0.02912897213008255
27000000	0.02912493239492178
27040000	0.029256025409698485
27080000	0.02909939639829099
27120000	0.028940148805826904
27160000	0.02929944175016135
27200000	0.028713466201350093
27240000	0.029307977088168263
27280000	0.02902866056188941
27320000	0.029210902651771904
27360000	0.028680699848011137
27400000	0.029019965576007962
27440000	0.028489346865937112
27480000	0.02916666342113167
27520000	0.029408152786642314
27560000	0.02912183195631951
27600000	0.029404958545602856
27640000	0.02894973888285458
27680000	0.029601566368341447
27720000	0.02936665136180818
27760000	0.02930236452743411
27800000	0.029581041091680527
27840000	0.028876429006643594
27880000	0.02837876930888742
27920000	0.029196552802808584
27960000	0.028182646650075912
28000000	0.027285501313768327
28040000	0.028203425533697007
28080000	0.028984862157329917
28120000	0.02818178035877645
28160000	0.028982678801752627
28200000	0.028181210024282335
28240000	0.02844996937289834
28280000	0.028512878913991152
28320000	0.027925742654688657
28360000	0.027668188816681503
28400000	0.029248853115923703
28440000	0.028981278559938074
28480000	0.02944391331449151
28520000	0.028486539032123982
28560000	0.028827601293474437
28600000	0.030151019694283604
28640000	0.030012831461429596
28680000	0.028582676265202462
28720000	0.028227907864376903
28760000	0.02883689065463841
28800000	0.02851340630091727
28840000	0.028561990820989012
28880000	0.0292177908802405
28920000	0.029491152889281513
28960000	0.029222430313564838
29000000	0.0290038145236671
29040000	0.029120329718664288
29080000	0.028970410334318877
29120000	0.02917928541973233
29160000	0.029115461441315712
29200000	0.02891108109690249
29240000	0.02942627241797745
29280000	0.029109882535785437
29320000	0.028735844381153584
29360000	0.028718596054054798
29400000	0.0291726727951318
29440000	0.02825092021320015
29480000	0.029115925574488936
29520000	0.029563360876776277
29560000	0.02911972444485873
29600000	0.029323808466270567
29640000	0.029251973830349744
29680000	0.02833697406388819
29720000	0.029295605785772203
29760000	0.029451511723920704
29800000	0.029180589877441526
29840000	0.028482584999129177
29880000	0.02853445270732045
29920000	0.028693196894042195
29960000	0.027779735073447227
30000000	0.027649358151108028
30040000	0.028902570415474473
30080000	0.028321463105455042
30120000	0.02762479512952268
30160000	0.028493117165192962
30200000	0.027983816046454012
30240000	0.02827760376147926
30280000	0.028428634923323988
30320000	0.02875663057900965
30360000	0.029164478626288473
30400000	0.028082626274228095
30440000	0.028812224154546855
30480000	0.029878559429571034
30520000	0.02840544455088675
30560000	0.029237751750275494
30600000	0.028837167126312853
30640000	0.028773088271543384
30680000	0.02948805179297924
30720000	0.028500322216935457
30760000	0.028454910889267923
30800000	0.028271130890399218
30840000	0.028243186377733945
30880000	0.028567640621960162
30920000	0.028601612025126816
30960000	0.028817031912878155
31000000	0.02876829056479037
31040000	0.02863780924230814
31080000	0.028326422167941928
31120000	0.028807454923167823
31160000	0.028178552906401456
31200000	0.02804409101307392
31240000	0.02823220056388527
31280000	0.028510377386771143
31320000	0.02807354609053582
31360000	0.027961325341649353
31400000	0.02845959607101977
31440000	0.029040998694486918
31480000	0.028980365903116763
31520000	0.028830933751538397
31560000	0.028357723052240907
31600000	0.028455418204888703
31640000	0.02716205836497247
31680000	0.027681191612035035
31720000	0.0275148111872375
31760000	0.028103528469614683
31800000	0.02869324297606945
31840000	0.028354397447220982
31880000	0.028526864160224794
31920000	0.027672358886525035
31960000	0.027561168621852993
32000000	0.0279359365047887
32040000	0.027831596215441824
32080000	0.02831998226903379
32120000	0.028429044971615077
32160000	0.028108660162612795
32200000	0.028389753327332436
32240000	0.028188009727559984
32280000	0.027761921925097705
32320000	0.027471317283809187
32360000	0.027707940965145825
32400000	0.02817284137438983
32440000	0.027702158806845546
32480000	0.02760289545878768
32520000	0.027350472162663935
32560000	0.02791885187458247
32600000	0.027924900177493692
32640000	0.027819376590847968
32680000	0.027965109357610346
32720000	0.027968294508755206
32760000	0.028327284416183828
32800000	0.028053737901896237
32840000	0.028164715034887194
32880000	0.028482845753058792
32920000	0.028946228473260997
32960000	0.028299687472358347
33000000	0.028183625176921488
33040000	0.02786045686174184
33080000	0.028349413673765957
33120000	0.02761978976931423
33160000	0.02745614469628781
33200000	0.026769202551431955
33240000	0.02774234418347478
33280000	0.027986609474942088
33320000	0.027937908735871316
33360000	0.027733574320562185
33400000	0.027456223429739475
33440000	0.026948213032633065
33480000	0.0266797145139426
33520000	0.027167954631894826
33560000	0.028287525249086322
33600000	0.028043678162060676
33640000	0.026713659284822642
33680000	0.02740436419211328
33720000	0.027995417187549172
33760000	0.026694351380318403
33800000	0.026756236847862602
33840000	0.026627234916761517
33880000	0.026568610550835727
33920000	0.02687182540576905
33960000	0.027052163761481642
34000000	0.02657710648383945
34040000	0.025593108732625842
34080000	0.027361748872883618
34120000	0.026976592662744225
34160000	0.027721215892024337
34200000	0.02776668278351426
34240000	0.028003698578849434
34280000	0.027571417112834753
34320000	0.027724074990861117
34360000	0.027488255888782443
34400000	0.027148243708349763
34440000	0.027725083683244885
34480000	0.027537193293683232
34520000	0.028611309745535253
34560000	0.027154865820705892
34600000	0.026470279321819543
34640000	0.026932880925945937
34680000	0.026954367263801397
34720000	0.02630461707226932
34760000	0.026962024609744548
34800000	0.02661579999253154
34840000	0.027149290063418447
34880000	0.026346816475875674
34920000	0.026490760506130754
34960000	0.026593544572032987
35000000	0.026332636637426913
35040000	0.027197691586613656
35080000	0.026178815422207118
35120000	0.026321823812276126
35160000	0.026222481545247138
35200000	0.02630198740866035
35240000	0.026341659830883147
35280000	0.026389987884834407
35320000	0.026487596899084746
35360000	0.027096899359300732
35400000	0.02634558381680399
35440000	0.02628700287323445
35480000	0.025282816653884946
35520000	0.0262301360309124
35560000	0.026780271783843637
35600000	0.02681333431545645
35640000	0.027388034041970967
35680000	0.026798513758927583
35720000	0.026887142537161707
35760000	0.027963517008908093
35800000	0.02754875960201025
35840000	0.027278429337032138
35880000	0.02745523951165378
35920000	0.027348919424973427
35960000	0.02714378647170961
36000000	0.02625433595776558
36040000	0.02678636620659381
36080000	0.026691354232653976
36120000	0.027244155472144486
36160000	0.028225536453537644
36200000	0.02702538411617279
36240000	0.028201752084679902
36280000	0.02703352558519691
36320000	0.027994270052015782
36360000	0.0274328151229769
36400000	0.027712171604298057
36440000	0.027149959620460868
36480000	0.026296079305373133
36520000	0.026335263188183307
36560000	0.025956287309154866
36600000	0.02645688333660364
36640000	0.026419153687171636
36680000	0.026621745038963855
36720000	0.027193224193155764
36760000	0.02688805585168302
36800000	0.026600134075060487
36840000	0.026704468798451127
36880000	0.026111559031903743
36920000	0.026122519064322114
36960000	0.026329916802980007
37000000	0.027080050496198237
37040000	0.02639067403767258
37080000	0.026825151937268674
37120000	0.02598766110651195
37160000	0.026745900342613458
37200000	0.026503168281912803
37240000	0.02630490673072636
37280000	0.025907976111583412
37320000	0.026456092136353256
37360000	0.026354534713178873
37400000	0.025780729228630662
37440000	0.026108948759920893
37480000	0.025754291393980385
37520000	0.027016627744957805
37560000	0.026401879554241895
37600000	0.02581765799280256
37640000	0.026257735957764088
37680000	0.02571972188577056
37720000	0.02565832564420998
37760000	0.02594667881783098
37800000	0.025618762077204885
37840000	0.026207594498991967
37880000	0.02571897806879133
37920000	0.026568661739304663
37960000	0.02535184320323169
38000000	0.026040212796255947
38040000	0.02578922278545797
38080000	0.02672722889520228
38120000	0.02580091027300805
38160000	0.027373629954643548
38200000	0.02635471814852208
38240000	0.026096707456186415
38280000	0.02549096046425402
38320000	0.026073747969977558
38360000	0.02704357241820544
38400000	0.026037947859428822
38440000	0.028074066992104053
38480000	0.026627360720559955
38520000	0.026983684245310724
38560000	0.026800778722763062
38600000	0.026642788846604527
38640000	0.02689025648199022
38680000	0.026978908740542828
38720000	0.026297980787791313
38760000	0.025439842677116395
38800000	0.026212324324436487
38840000	0.025683471236750483
38880000	0.026768236350268124
38920000	0.026518663794547318
38960000	0.027085480726137756
39000000	0.027459585373476147
39040000	0.026159443773142995
39080000	0.02733158942963928
39120000	0.02609779661409557
39160000	0.025831300808489322
39200000	0.025382970461063088
39240000	0.02586066359654069
39280000	0.025529932905733587
39320000	0.024285891735367476
39360000	0.025472492549195886
39400000	0.02506132348384708
39440000	0.025026277874037623
39480000	0.02496500020120293
39520000	0.024833020777627824
39560000	0.025111622899770737
39600000	0.025340743852593006
39640000	0.025240414274483917
39680000	0.024968593664839864
39720000	0.025575816504843533
39760000	0.025699295092746616
39800000	0.026115130731090903
39840000	0.025246141313575207
39880000	0.025054817326366902
39920000	0.025226753731630743
39960000	0.025128564708679916
40000000	0.025306754727847873
40040000	0.024906871076487005
40080000	0.025479586433060468
40120000	0.025336794460564853
40160000	0.02570904985871166
40200000	0.0267783225055784
40240000	0.026151290069520473
40280000	0.025701152884960176
40320000	0.026101535406149925
40360000	0.025179852443560958
40400000	0.025800242018513383
40440000	0.0262830082770437
40480000	0.026768621841818094
40520000	0.025874827942997218
40560000	0.02603261909801513
40600000	0.025510313594713806
40640000	0.025562227317504585
40680000	0.02562227450441569
40720000	0.025317961779236793
40760000	0.025675848841667175
40800000	0.02552507230453193
40840000	0.02617309407107532
40880000	0.025416966317780315
40920000	0.026083762184157967
40960000	0.0267986111484468
41000000	0.026614383910223843
41040000	0.025921237383782863
41080000	0.025670176704972982
41120000	0.025603838217630983
41160000	0.02581946470569819
41200000	0.0263212333753705
41240000	0.026426680430956185
41280000	0.026305672268010675
41320000	0.02629682674240321
41360000	0.026402922960743307
41400000	0.02587974262572825
41440000	0.026081396089494228
41480000	0.02611720572374761
41520000	0.025307456020824612
41560000	0.025027449511736632
41600000	0.02542824926748872
41640000	0.025178477733023466
41680000	0.025042593768797815
41720000	0.024740587291121482
41760000	0.02486048590876162
41800000	0.02481729637105018
41840000	0.024613263708539307
41880000	0.02481172727961093
41920000	0.024816862013190985
41960000	0.02502018985301256
42000000	0.02439423209633678
42040000	0.025565305674448608
42080000	0.02434077327158302
42120000	0.024674078633263707
42160000	0.025238941392302514
42200000	0.024867979478277267
42240000	0.024768838666565717
42280000	0.02431008246075362
42320000	0.024179446656443178
42360000	0.024337448237277567
42400000	0.02482033710423857
42440000	0.02491436033770442
42480000	0.025675812643952668
42520000	0.025809321043081583
42560000	0.024980073154717685
42600000	0.02549228951148689
42640000	0.026133041854202746
42680000	0.026184447707608343
42720000	0.02538029833380133
42760000	0.026027680105157196
42800000	0.025645382129400967
42840000	0.025705875371210277
42880000	0.025501682236045597
42920000	0.025059056462161243
42960000	0.02590445564109832
43000000	0.026560056754015387
43040000	0.02593344826567918
43080000	0.026746470139548183
43120000	0.02689101426936686
43160000	0.026695343665778637
43200000	0.026790509150363503
43240000	0.026806735529191793
43280000	0.026310276426188647
43320000	0.02647673214878887
43360000	0.0277926404889673
43400000	0.027775500175356866
43440000	0.026836545100063086
43480000	0.027219443169794976
43520000	0.02625990789514035
43560000	0.02638639646731317
43600000	0.026916723563149572
43640000	0.025957546465843917
43680000	0.025756091198325157
43720000	0.026436143219657243
43760000	0.025058247780054808
43800000	0.0249071906356141
43840000	0.025642414197139442
43880000	0.025245524791814387
43920000	0.024696687019988894
43960000	0.024943928719125687
44000000	0.025142239846661685
44040000	0.02507797063756734
44080000	0.024780246204324067
44120000	0.024653323207236826
44160000	0.02489037715960294
44200000	0.02514579539000988
44240000	0.025125869280472397
44280000	0.025206220895797014
44320000	0.02504584918804467
44360000	0.024207906530983744
44400000	0.02530658259987831
44440000	0.025746649862267077
44480000	0.025594438174925745
44520000	0.025921478899195792
44560000	0.0258030153946951
44600000	0.025818148463591935
44640000	0.026069388712197543
44680000	0.02718051840942353
44720000	0.025865559636801483
44760000	0.02617075651846826
44800000	0.02661473995540291
44840000	0.026537329631857575
44880000	0.026521055835485457
44920000	0.025481795247830452
44960000	0.025815455674566327
45000000	0.025381903491914274
45040000	0.02554567925352603
45080000	0.024865647001191975
45120000	0.025108593709394337
45160000	0.02541517035420984
45200000	0.02559287534430623
45240000	0.026401707227528094
45280000	0.025694190508127213
45320000	0.025406543954089283
45360000	0.02569775084126741
45400000	0.024946111092530192
45440000	0.025170477667078375
45480000	0.025059879717789592
45520000	0.025033852231875063
45560000	0.02564434075541794
45600000	0.025509551793895663
45640000	0.026399363490380346
45680000	0.02631350723914802
45720000	0.02659192790295929
45760000	0.026740766993165015
45800000	0.02667986210230738
45840000	0.026063918180577458
45880000	0.02610968414917588
45920000	0.026035211837291718
45960000	0.026749426298961043
46000000	0.02686296374220401
46040000	0.025308494668081404
46080000	0.025782893771491944
46120000	0.024763419386185707
46160000	0.02504531145878136
46200000	0.02473683594763279
46240000	0.025034855592250823
46280000	0.025245374699495733
46320000	0.025659367172047497
46360000	0.02514417422953993
46400000	0.025608517668955028
46440000	0.02531419372688979
46480000	0.025220497539825738
46520000	0.026416192750632762
46560000	0.026375865215808154
46600000	0.025926634775474668
46640000	0.026026703444868324
46680000	0.025948638055101038
46720000	0.025559758474491538
46760000	0.02586990841049701
46800000	0.026590516258962454
46840000	0.026976722659729422
46880000	0.026491374618001284
46920000	0.025916982597857713
46960000	0.02617909183204174
47000000	0.025648343634605407
47040000	0.02602164604626596
47080000	0.0255590790707618
47120000	0.02590199137572199
47160000	0.026922393119335173
47200000	0.025638494969718158
47240000	0.025733736023679375
47280000	0.02566423720791936
47320000	0.025610640759579837
47360000	0.025473741936124863
47400000	0.025543364436738193
47440000	0.025901607272028924
47480000	0.026507828815840184
47520000	0.02650138056948781
47560000	0.026627721754275264
47600000	0.025816508335992694
47640000	0.026405143174901606
47680000	0.025822917693667114
47720000	0.025847632713057102
47760000	0.025389532516896726
47800000	0.02594249640107155
47840000	0.025516946809366347
47880000	0.025569097819924353
47920000	0.025592117478884756
47960000	0.025074760602787138
48000000	0.024711526723019777
48040000	0.025071387885510922
48080000	0.02552499016392976
48120000	0.025240793234296142
48160000	0.025726737456209958
48200000	0.026297840613499286
48240000	0.026670539143308997
48280000	0.02588509176839143
48320000	0.02585154610592872
48360000	0.02539457409195602
48400000	0.025293097774684428
48440000	0.025252152249217032
48480000	0.024830588216334583
48520000	0.025455840683355928
48560000	0.024722201982326806
48600000	0.024806929634697734
48640000	0.024329997400939465
48680000	0.02506695046722889
48720000	0.02489426849167794
48760000	0.025090044555440547
48800000	0.025217084159515797
48840000	0.024635344932787122
48880000	0.02517288426347077
48920000	0.02537195295486599
48960000	0.024731842135637998
49000000	0.024351348485052587
49040000	0.02455759948324412
49080000	0.024766957427561284
49120000	0.02548688385579735
49160000	0.024802794502303004
49200000	0.025168893524073064
49240000	0.026855154205858708
49280000	0.025590233955718578
49320000	0.025232514614611862
49360000	0.024422944787330925
49400000	0.025362681376561523
49440000	0.025900763276964427
49480000	0.0260167385391891
49520000	0.025191032727994025
49560000	0.024782711137644946
49600000	0.024744740789569914
49640000	0.02417389657907188
49680000	0.02480141245983541
49720000	0.02445273661855608
49760000	0.02483692150283605
49800000	0.02449672392345965
49840000	0.024919990658015014
49880000	0.024008105747774244
49920000	0.02394301113691181
49960000	0.024277666034922003
50000000	0.024033861345425248
50040000	0.024716382372379303
50080000	0.024608400043286384
50120000	0.024527368870191277
50160000	0.02435699202734977
50200000	0.023676285376399757
50240000	0.023359252878837288
50280000	0.0234898042852059
50320000	0.02334113879073411
50360000	0.023655902265943586
50400000	0.023577512990869583
50440000	0.02304783735591918
50480000	0.02384889504183084
50520000	0.023379544269107284
50560000	0.024350375671684743
50600000	0.024462150982581077
50640000	0.023708231817558406
50680000	0.023950584489665926
50720000	0.023791918689385058
50760000	0.024098465522937478
50800000	0.02426807418204844
50840000	0.02377943766247481
50880000	0.024447229926101863
50920000	0.023767069385945798
50960000	0.023442073623649775
51000000	0.023934506736695768
51040000	0.023520246958360077
51080000	0.023234058333747087
51120000	0.0244656922519207
51160000	0.024062089595384896
51200000	0.023518576757423578
51240000	0.024002724305167793
51280000	0.0239908934103325
51320000	0.023802948660589754
51360000	0.023885719693265854
51400000	0.02366877084169537
51440000	0.023937431063689292
51480000	0.024377800641581415
51520000	0.02382694569937885
51560000	0.023804705922864378
51600000	0.024522023824043573
51640000	0.02450630082897842
51680000	0.02441713796723634
51720000	0.024616882837936283
51760000	0.02496015226468444
51800000	0.024324182016588747
51840000	0.023977492332644762
51880000	0.024875685934349894
51920000	0.02336973066870123
51960000	0.0237751592990011
52000000	0.02409235399123281
52040000	0.0236158820906654
52080000	0.023470904101245107
52120000	0.02331431751791388
52160000	0.02341536252088845
52200000	0.022817584136873483
52240000	0.023218123467452823
52280000	0.023113529327884318
52320000	0.02328542626518756
52360000	0.02324107472691685
52400000	0.023227824658900498
52440000	0.023571171573922037
52480000	0.02344610815756023
52520000	0.023310686511173843
52560000	0.023309993223659693
52600000	0.02349441532883793
52640000	0.022883950548619032
52680000	0.02330661908276379
52720000	0.022669679446704685
52760000	0.023244285093247892
52800000	0.02287274678405374
52840000	0.0226561276698485
52880000	0.022320100397989154
52920000	0.022543946288153528
52960000	0.022839833540655673
53000000	0.022473947717249393
53040000	0.023480705813877286
53080000	0.02318083293940872
53120000	0.024000582449324428
53160000	0.023809674092195927
53200000	0.023126168919540942
53240000	0.022819298709183932
53280000	0.023307730962894856
53320000	0.02374643663149327
53360000	0.02375865530129522
53400000	0.02418186965957284
53440000	0.023298763148486615
53480000	0.023231961045973002
53520000	0.023084573742374777
53560000	0.023464494290016593
53600000	0.02366097471900284
53640000	0.023786682058498262
53680000	0.024085098966024815
53720000	0.023711712184920908
53760000	0.023944969438016415
53800000	0.023427465891465545
53840000	0.02334831945002079
53880000	0.02306450360789895
53920000	0.02298093953691423
53960000	0.023020886355265974
54000000	0.022853817307017743
54040000	0.022813802959769963
54080000	0.022602681056968867
54120000	0.022184116703271865
54160000	0.022498583503626286
54200000	0.022528914215229453
54240000	0.022744431992620228
54280000	0.02262993900552392
54320000	0.022925093642622234
54360000	0.023156986168026923
54400000	0.022777358248643576
54440000	0.024396151801384984
54480000	0.024186639551259576
54520000	0.023103626020625233
54560000	0.023256233768165113
54600000	0.023317540636472404
54640000	0.0232378215091303
54680000	0.02325690512545407
54720000	0.02324952056352049
54760000	0.022931538121402265
54800000	0.02280960335638374
54840000	0.02223826364912093
54880000	0.022745993736200034
54920000	0.02257628258150071
54960000	0.02254425445087254
55000000	0.022399534296803178
55040000	0.02265963089223951
55080000	0.022423843435198067
55120000	0.022600244611501695
55160000	0.023388581638224423
55200000	0.021913542626425624
55240000	0.022276652395538984
55280000	0.022232846939004958
55320000	0.022299717130512
55360000	0.02306931019946933
55400000	0.02252998671438545
55440000	0.022506382828578354
55480000	0.022717054728046058
55520000	0.023135568183846773
55560000	0.02317827002685517
55600000	0.022350392724759877
55640000	0.02307986376732588
55680000	0.02207845011521131
55720000	0.022651946193911136
55760000	0.02212251251153648
55800000	0.02195325726978481
55840000	0.022149144625291228
55880000	0.02272927866131067
55920000	0.022823086582124234
55960000	0.022819296375475823
56000000	0.022728271265141667
56040000	0.022836543944850563
56080000	0.022587322164699435
56120000	0.022478360768593848
56160000	0.02216933934446424
56200000	0.022474053072929382
56240000	0.022545007642731072
56280000	0.022335221836343407
56320000	0.023132705841585995
56360000	0.023208125034160913
56400000	0.022069580517150463
56440000	0.022748119863681495
56480000	0.022522085307352245
56520000	0.02203531084358692
56560000	0.022361918812431394
56600000	0.02217121523823589
56640000	0.023137400503270327
56680000	0.0237248647287488
56720000	0.023113741967454554
56760000	0.02310354162491858
56800000	0.02279361340869218
56840000	0.022191945424489677
56880000	0.02239563531819731
56920000	0.022133939510025083
56960000	0.022135105221904813
57000000	0.022445616615004837
57040000	0.022429855318926276
57080000	0.022668098964355884
57120000	0.021726968935877083
57160000	0.022498545169457793
57200000	0.02259653711244464
57240000	0.0220525210570544
57280000	0.02325086416024715
57320000	0.022673636613413692
57360000	0.022714593055471778
57400000	0.02272387056518346
57440000	0.02217591480948031
57480000	0.022575988330692052
57520000	0.02373836240321398
57560000	0.023077313207276167
57600000	0.02263492383453995
57640000	0.02288486922197044
57680000	0.022647849829122425
57720000	0.022536255559511484
57760000	0.02333532793261111
57800000	0.02287823706306517
57840000	0.022481382205709815
57880000	0.02283429367803037
57920000	0.022934711621887982
57960000	0.02293792279344052
58000000	0.022766823233105242
58040000	0.02266088598649949
58080000	0.023240138593316077
58120000	0.023264353341050446
58160000	0.02279267374034971
58200000	0.02295237926468253
58240000	0.02252286335043609
58280000	0.0229473624907434
58320000	0.023039935520105064
58360000	0.022824470196291805
58400000	0.02233229678347707
58440000	0.022836729443259537
58480000	0.0236081075001508
58520000	0.02257064732275903
58560000	0.022197076703980564
58600000	0.022284573592059313
58640000	0.023190039927884935
58680000	0.022897661310620605
58720000	0.023263193109817802
58760000	0.023718278840370477
58800000	0.02304904676862061
58840000	0.02320684514865279
58880000	0.023242501409910618
58920000	0.02415023430865258
58960000	0.02415597910489887
59000000	0.024202357267960908
59040000	0.023563773662596942
59080000	0.023252490992471574
59120000	0.022872202902287246
59160000	0.023479363075457515
59200000	0.022478845837246627
59240000	0.022338190638832748
59280000	0.02262360369935632
59320000	0.022561397824436426
59360000	0.022123046524636446
59400000	0.02264059988502413
59440000	0.02237587976548821
59480000	0.02213527483958751
59520000	0.022284756624139847
59560000	0.022190086639858782
59600000	0.022521412547305227
59640000	0.022529065522365273
59680000	0.02291351891979575
59720000	0.0228140894908458
59760000	0.02320421579182148
59800000	0.023039390209503473
59840000	0.023210107606649398
59880000	0.02247966970000416
59920000	0.02306019846815616
59960000	0.02248855686094612
60000000	0.02213041624482721
60040000	0.022496419140789658
60080000	0.022478118495456875
60120000	0.021867819391004743
60160000	0.022537917129136623
60200000	0.02286938121598214
60240000	0.023183709541335702
60280000	0.02301629734132439
60320000	0.023305375390313566
60360000	0.02315689697563648
60400000	0.02322750787883997
60440000	0.023143546113930644
60480000	0.02332707445975393
60520000	0.02290804966483265
60560000	0.02312449342049658
60600000	0.023060006755031646
60640000	0.022713775629922748
60680000	0.02356197183188051
60720000	0.02350273514986038
60760000	0.02288921774942428
60800000	0.02288723533619195
60840000	0.022534287370555104
60880000	0.023104014871641994
60920000	0.023131772301718593
60960000	0.022908880755491554
61000000	0.02265071286279708
61040000	0.022535262564010918
61080000	0.022214259261079134
61120000	0.022518343545682728
61160000	0.022535616231150926
61200000	0.021860663411207498
61240000	0.022244083113595842
61280000	0.02218801964148879
61320000	0.02231492522768676
61360000	0.02207911363951862
61400000	0.022285016897600145
61440000	0.021984767603687942
61480000	0.021902448827773334
61520000	0.022066023233905434
61560000	0.02253904361333698
61600000	0.022355793427862227
61640000	0.022113941349834205
61680000	0.021842391478829087
61720000	0.022267808199115096
61760000	0.022457372297905384
61800000	0.021858684577979147
61840000	0.02200056509729475
61880000	0.021768800798244774
61920000	0.021227401062473655
61960000	0.022631366073340178
62000000	0.022885678175278007
62040000	0.02236199101973325
62080000	0.022105540052987635
62120000	0.021168489099107683
62160000	0.021685964997299016
62200000	0.022070778588019313
62240000	0.02173436828367412
62280000	0.022022316141240297
62320000	0.02225071591362357
62360000	0.022030334754288197
62400000	0.022575831351894886
62440000	0.02207407419644296
62480000	0.022234285643510522
62520000	0.022875702986307443
62560000	0.022259749715030194
62600000	0.023080757286399602
62640000	0.022267333550006152
62680000	0.022375494038686158
62720000	0.021926063416525723
62760000	0.0216492192145437
62800000	0.021545504409633577
62840000	0.022276429406180978
62880000	0.021941422985494136
62920000	0.022748888313025236
62960000	0.022879550318233667
63000000	0.022286014919914304
63040000	0.021930239584110677
63080000	0.02207967715356499
63120000	0.021327695945464076
63160000	0.021117253838479517
63200000	0.021350529258325698
63240000	0.021253456717077644
63280000	0.02150151169076562
63320000	0.021170464109256864
63360000	0.021649793503992258
63400000	0.021676631999202074
63440000	0.02127384882364422
63480000	0.021627078489027916
63520000	0.021666524466499686
63560000	0.02176047329585999
63600000	0.02188611574638635
63640000	0.02212764274831861
63680000	0.022100694133155047
63720000	0.022387570276111365
63760000	0.0228225970281288
63800000	0.0224323024764657
63840000	0.021929404805414377
63880000	0.02206825756188482
63920000	0.02169694212023169
63960000	0.0218750379756093
64000000	0.021771290956810116
64040000	0.021911651653237642
64080000	0.02239254300352186
64120000	0.020993116677366197
64160000	0.02118871913291514
64200000	0.02151090745497495
64240000	0.022133476077578963
64280000	0.022208328880555926
64320000	0.022295235368423164
64360000	0.021977387411519885
64400000	0.022125038842111824
64440000	0.02163199437316507
64480000	0.02139850446600467
64520000	0.021728305687196553
64560000	0.02164948148857802
64600000	0.02151047466956079
64640000	0.021715320621058343
64680000	0.021982680515758694
64720000	0.021214904126152397
64760000	0.02156382719613612
64800000	0.02183662621937692
64840000	0.02113350289538503
64880000	0.021777671119570734
64920000	0.02156871858611703
64960000	0.021764158695563675
65000000	0.02191808374039829
65040000	0.02190011142604053
65080000	0.021628763447888194
65120000	0.02145472117830068
65160000	0.02090811460632831
65200000	0.0212569876819849
65240000	0.0209516752358526
65280000	0.02083252605870366
65320000	0.021691960267536343
65360000	0.021928196534141898
65400000	0.02199582762978971
65440000	0.021707117016613483
65480000	0.02115523642860353
65520000	0.021749039698764683
65560000	0.021179107353277504
65600000	0.02033370709568262
65640000	0.020655769899114967
65680000	0.02108299596440047
65720000	0.021411401210166513
65760000	0.021173724570311605
65800000	0.020803948049247265
65840000	0.021124013733677567
65880000	0.021270820043049754
65920000	0.02060524491481483
65960000	0.020962855175696314
66000000	0.020871298220194876
66040000	0.02070061194933951
66080000	0.02126916150506586
66120000	0.021480322328582407
66160000	0.021927881995029746
66200000	0.021693111974932254
66240000	0.021930249977856874
66280000	0.022192869810387494
66320000	0.022188326804339884
66360000	0.021434898839704692
66400000	0.02225983687993139
66440000	0.021781664320640267
66480000	0.021546538070216774
66520000	0.021280148900672792
66560000	0.02152198776360601
66600000	0.02246331778857857
66640000	0.022176472498103977
66680000	0.02125092380400747
66720000	0.02231450361404568
66760000	0.021802551549114285
66800000	0.02153176838196814
66840000	0.021287351760268212
66880000	0.021665233875997364
66920000	0.0217181895326823
66960000	0.02188041415568441
67000000	0.02163786455318332
67040000	0.021929629395715893
67080000	0.021718743650242685
67120000	0.021821034258790315
67160000	0.0214856277609244
67200000	0.021383402007631957
67240000	0.02167830851804465
67280000	0.021864129105210305
67320000	0.022182100372575224
67360000	0.02230540133137256
67400000	0.02161816583815962
67440000	0.022137825548090042
67480000	0.021506278385594487
67520000	0.0219959554200992
67560000	0.02168493798915297
67600000	0.022444842178560794
67640000	0.02192661580443382
67680000	0.021663590663857757
67720000	0.021488194957002996
67760000	0.0217679593173787
67800000	0.021808150096423923
67840000	0.022445282790251077
67880000	0.022030671765841545
67920000	0.022801419478654862
67960000	0.02233346370756626
68000000	0.022002152406424284
68040000	0.021659706004336476
68080000	0.021870569261349736
68120000	0.02140948202125728
68160000	0.021542005260661246
68200000	0.021468200106360018
68240000	0.021344865248352288
68280000	0.021222460369765758
68320000	0.020927724679745734
68360000	0.02111625149771571
68400000	0.021259383122622967
68440000	0.02115270665809512
68480000	0.020746210528351367
68520000	0.02148775266893208
68560000	0.020729100039415062
68600000	0.021290231684036553
68640000	0.020148670143354683
68680000	0.021082120799459515
68720000	0.021915193735063076
68760000	0.021752089676074685
68800000	0.021366653109528125
68840000	0.021879308732785284
68880000	0.021417392969317734
68920000	0.021647361146099865
68960000	0.0216180367551744
69000000	0.0220395287739113
69040000	0.021455038116127253
69080000	0.021395756060257554
69120000	0.02128070218935609
69160000	0.021582192820683122
69200000	0.021856719005666672
69240000	0.021421492643095553
69280000	0.021515008599497377
69320000	0.02154930260591209
69360000	0.021284599188901483
69400000	0.021550554941408336
69440000	0.02211850415058434
69480000	0.02187790251970291
69520000	0.021573732573725284
69560000	0.022108391875773667
69600000	0.021624065901339053
69640000	0.021950336430594325
69680000	0.021545008684694767
69720000	0.021507767809554934
69760000	0.02177461681738496
69800000	0.021246978511102497
69840000	0.021582996687293052
69880000	0.02195834910310805
69920000	0.021753920857049525
69960000	0.02177115337792784
70000000	0.021906836025975644
70040000	0.02207717196699232
70080000	0.022625046731717884
70120000	0.02219829009436071
70160000	0.02144414332639426
70200000	0.02119666345436126
70240000	0.0213978746926412
70280000	0.022077174377255142
70320000	0.021500959213450552
70360000	0.022063967613689603
70400000	0.021739473995380103
70440000	0.022029318226873873
70480000	0.021159125900268555
70520000	0.021867582907527685
70560000	0.021671610458008944
70600000	0.02119843470044434
70640000	0.02154758748076856
70680000	0.021936769575811924
70720000	0.021113746968097986
70760000	0.021149816524609923
70800000	0.021142079642787574
70840000	0.020915328453481197
70880000	0.020913479617796837
70920000	0.021356817611306905
70960000	0.021497481877356766
71000000	0.021305640020780264
71040000	0.021319077999703586
71080000	0.021689242840185762
71120000	0.021067359675653277
71160000	0.021523116373829542
71200000	0.021869968484155834
71240000	0.022647214588709174
71280000	0.021756956634856762
71320000	0.022512093408964574
71360000	0.021668986207991837
71400000	0.022024103968776763
71440000	0.021790280692093076
71480000	0.021831107347644867
71520000	0.022010213926434517
71560000	0.021877412164397536
71600000	0.02199207271784544
71640000	0.02232028148714453
71680000	0.021750715109333397
71720000	0.021314042348973453
71760000	0.021090058927051722
71800000	0.02248821610175073
71840000	0.02178364873919636
71880000	0.022033079923689365
71920000	0.021568858259916307
71960000	0.02158058068137616
72000000	0.021632560719549655
72040000	0.021511546561308204
72080000	0.021560993301682173
72120000	0.021599781288579107
72160000	0.02235883854608983
72200000	0.02172218078505248
72240000	0.02176967730196193
72280000	0.021559233595989644
72320000	0.02229170470573008
72360000	0.022459388914331795
72400000	0.021980239992216228
72440000	0.022091980920918287
72480000	0.022376354355365037
72520000	0.02277216157000512
72560000	0.02321595023870468
72600000	0.022900324648804964
72640000	0.023035107017308473
72680000	0.022273352971673013
72720000	0.022948285786993802
72760000	0.02218824697546661
72800000	0.022530017852596937
72840000	0.022520735765434802
72880000	0.02253228009082377
72920000	0.021933968342281878
72960000	0.022293515324033796
73000000	0.021987913531810045
73040000	0.022212857524119316
73080000	0.022745321016013623
73120000	0.023160891663469373
73160000	0.022988945189118384
73200000	0.022586659668199716
73240000	0.022625924150645734
73280000	0.022562685165554285
73320000	0.022033616092056035
73360000	0.021864071059413254
73400000	0.022496752816997468
73440000	0.02226281148660928
73480000	0.02240210666321218
73520000	0.02192034444678575
73560000	0.022484443343803288
73600000	0.022038749786652625
73640000	0.022116009987704455
73680000	0.021960128392465413
73720000	0.02192245373930782
73760000	0.022630479609780013
73800000	0.022476180365867914
73840000	0.022812880785018207
73880000	0.022167000162415205
73920000	0.022110847217589616
73960000	0.02281533521246165
74000000	0.02271640936769545
74040000	0.02313443725928664
74080000	0.022127198790665718
74120000	0.02181383141707629
74160000	0.02207822574786842
74200000	0.02243586668651551
74240000	0.0226682719187811
74280000	0.022396416874788702
74320000	0.02251581015046686
74360000	0.022669783682003616
74400000	0.023014262862503528
74440000	0.02262260825932026
74480000	0.022657611338049173
74520000	0.022150813446193934
74560000	0.02213807479646057
74600000	0.021831633411347865
74640000	0.022312607750482858
74680000	0.022321480277180672
74720000	0.02214898231960833
74760000	0.02203637623731047
74800000	0.022380130234360696
74840000	0.021687069245800376
74880000	0.02205451529175043
74920000	0.021822516409866512
74960000	0.02156771766077727
75000000	0.0213844965884462
75040000	0.02156831324864179
75080000	0.021823923346959054
75120000	0.021483529594540595
75160000	0.021638866379112005
75200000	0.021552368153259158
75240000	0.02174930782932788
75280000	0.02144086420107633
75320000	0.02220371081288904
75360000	0.02242097448501736
75400000	0.021914810992591082
75440000	0.022705531971156597
75480000	0.022342365287803114
75520000	0.02194359991904348
75560000	0.02211465176548809
75600000	0.021609068746492266
75640000	0.02174893728084862
75680000	0.021771194784902036
75720000	0.022023231626674532
75760000	0.02197903550583869
75800000	0.021859907963313163
75840000	0.022452774808555842
75880000	0.02178104433529079
75920000	0.021888231601566076
75960000	0.021796006633527577
76000000	0.02119345898590982
76040000	0.022086754772625863
76080000	0.02156998993176967
76120000	0.021674953514896334
76160000	0.021877527291327716
76200000	0.021845176544226706
76240000	0.021717736019194127
76280000	0.02203477982338518
76320000	0.021819211024045944
76360000	0.021081602914817633
76400000	0.021815915669687092
76440000	0.021562145666591825
76480000	0.02137966984733939
76520000	0.021102729727327824
76560000	0.02158746922314167
76600000	0.02149937854222953
76640000	0.022387813833728433
76680000	0.022080709767900407
76720000	0.021969456052966414
76760000	0.021928755340352653
76800000	0.021869530164450406
76840000	0.021778914599120618
76880000	0.021535746915079652
76920000	0.0216100728450343
76960000	0.021053316973522307
77000000	0.02138044706285
77040000	0.02130932481698692
77080000	0.02135263413712382
77120000	0.02166776939369738
77160000	0.020673119157552718
77200000	0.021383649228326976
77240000	0.022011662637256086
77280000	0.021686721564643085
77320000	0.022140579311549665
77360000	0.02194137896467
77400000	0.021728930578380823
77440000	0.021295025649853052
77480000	0.02120138398874551
77520000	0.022243789791688322
77560000	0.022396680959872902
77600000	0.023184887005947532
77640000	0.022144647284410894
77680000	0.022220116749405862
77720000	0.02218358546216041
77760000	0.021799462473765015
77800000	0.021615087626501918
77840000	0.02156295634713024
77880000	0.02111988176498562
77920000	0.021589656062424183
77960000	0.021847910952568054
78000000	0.021227828181535006
78040000	0.02132256480436772
78080000	0.021342340406402944
78120000	0.021424137372896074
78160000	0.021706670052930713
78200000	0.02172622870747
78240000	0.021761411650292575
78280000	0.02166970449797809
78320000	0.02196106157321483
78360000	0.02165633078366518
78400000	0.021736835493333637
78440000	0.021742091329954565
78480000	0.021574396032467486
78520000	0.022304517121985553
78560000	0.02189329823292792
78600000	0.021618341213651002
78640000	0.02193167271912098
78680000	0.02224590899925679
78720000	0.022091425145976246
78760000	0.02136541340779513
78800000	0.021466196249052882
78840000	0.0215299416732043
78880000	0.021622197653912007
78920000	0.022080197883956133
78960000	0.022256051943451167
79000000	0.021501610211655496
79040000	0.021802214442938565
79080000	0.02170082146618515
79120000	0.021688040410727263
79160000	0.021829150384105742
79200000	0.022134185783751308
79240000	0.02169866291899234
79280000	0.021203037867322565
79320000	0.021170427152886986
79360000	0.020817472907714546
79400000	0.02129509480986744
79440000	0.020706597090885043
79480000	0.02065522391796112
79520000	0.02098701227940619
79560000	0.021644286875613032
79600000	0.020930839479342104
79640000	0.021497517164982854
79680000	0.02148395578507334
79720000	0.021429451658390462
79760000	0.021192470545321702
79800000	0.022090423729084433
79840000	0.021941996776685117
79880000	0.022139596982859076
79920000	0.022729097749106586
79960000	0.021766597352735697
80000000	0.02198604436405003
80040000	0.021858805766515433
80080000	0.02148846233803779
80120000	0.021663397135958076
80160000	0.022456097843125463
80200000	0.022319783942587674
80240000	0.021731538664363323
80280000	0.02216256737988442
80320000	0.022146684641391037
80360000	0.023218665718846024
80400000	0.022357616419158875
80440000	0.022728144021704793
80480000	0.02310885661393404
80520000	0.02284193391483277
80560000	0.021858049312978984
80600000	0.02219457457382232
80640000	0.021986065863072873
80680000	0.02229306374657899
80720000	0.022122144008614123
80760000	0.02242240568622947
80800000	0.02134083047490567
80840000	0.022191242684610188
80880000	0.02217965417690575
80920000	0.02214733126796782
80960000	0.021996450749598443
81000000	0.022149451900832354
81040000	0.02271042739637196
81080000	0.02266964393723756
81120000	0.02189405682273209
81160000	0.022780637762509288
81200000	0.023179463355988264
81240000	0.02267464365977794
81280000	0.02273174991440028
81320000	0.02277556165549904
81360000	0.022798461673222484
81400000	0.022530208534188568
81440000	0.022636837974749507
81480000	0.022419730786792935
81520000	0.02283485918585211
81560000	0.022553966170176864
81600000	0.02244032834880054
81640000	0.022371749836951494
81680000	0.022551893034018576
81720000	0.02213825804069638
81760000	0.022271911959722637
81800000	0.022641236973926424
81840000	0.023368349384702742
81880000	0.023328806923516094
81920000	0.02307384780496359
81960000	0.02257448473442346
82000000	0.022915140936523675
82040000	0.022363515553995968
82080000	0.02195391574520618
82120000	0.02277424893155694
82160000	0.022265635004080832
82200000	0.022578128220327197
82240000	0.02251201599892229
82280000	0.022518627214804292
82320000	0.02243638189919293
82360000	0.02235986567698419
82400000	0.021705297869071365
82440000	0.02217451854534447
82480000	0.02213403644505888
82520000	0.02167757304087281
82560000	0.021532022661156953
82600000	0.021290235935151575
82640000	0.02183951148148626
82680000	0.021188982096128166
82720000	0.02138810323700309
82760000	0.021790528709627686
82800000	0.021291160715743898
82840000	0.021321629491075873
82880000	0.02138452507611364
82920000	0.02093576221819967
82960000	0.020897738400660455
83000000	0.02074575934354216
83040000	0.020993638420291245
83080000	0.021271372933499514
83120000	0.020604312755540012
83160000	0.020984864084795118
83200000	0.020981973074562846
83240000	0.02158211742602289
83280000	0.02185696166548878
83320000	0.021502034397609532
83360000	0.02102808957248926
83400000	0.02081808323841542
83440000	0.020983744349330664
83480000	0.02139670989997685
83520000	0.02184207716062665
83560000	0.02171155087668449
83600000	0.021655422359332443
83640000	0.021493777458928526
83680000	0.021856358202546836
83720000	0.02166719294823706
83760000	0.021297278611175717
83800000	0.021375799171067775
83840000	0.02158587180469185
83880000	0.021333818137645722
83920000	0.0210558422382921
83960000	0.021399474105983973
84000000	0.020805534397624434
84040000	0.02079615860823542
84080000	0.02099058596752584
84120000	0.021395778651349246
84160000	0.022243280724808575
84200000	0.0212060408054851
84240000	0.02220119893886149
84280000	0.021336843401379882
84320000	0.02161759742833674
84360000	0.020992227177508177
84400000	0.02078669574316591
84440000	0.02129123314451426
84480000	0.02134989964328706
84520000	0.020971227843500674
84560000	0.02145029942486435
84600000	0.021432667056657372
84640000	0.021173335889540613
84680000	0.021415073563344777
84720000	0.021657151184417307
84760000	0.022031669679284095
84800000	0.02196791712064296
84840000	0.021561664830707015
84880000	0.02160639109816402
84920000	0.021774514156766237
84960000	0.021307668093964456
85000000	0.02089718460198492
85040000	0.021287066961452366
85080000	0.02133530333098024
85120000	0.020860565454885363
85160000	0.021704604205861688
85200000	0.02092362426556647
85240000	0.0204654153611511
85280000	0.020693597690574824
85320000	0.020664806309156118
85360000	0.02122446833848953
85400000	0.020330623902566732
85440000	0.021069874483160674
85480000	0.020881442852318285
85520000	0.02056421810928732
85560000	0.020333226270787416
85600000	0.02020315294098109
85640000	0.019880170926637946
85680000	0.020005162923038007
85720000	0.019792268131300805
85760000	0.019708746532164513
85800000	0.020196729927137495
85840000	0.020352075849100947
85880000	0.019997335727885365
85920000	0.0205062573293224
85960000	0.01990851310454309
86000000	0.02040120204538107
86040000	0.02018828899860382
86080000	0.020424322771467267
86120000	0.020642445017211138
86160000	0.02050255869962275
86200000	0.020902096921764313
86240000	0.020862844772823155
86280000	0.020624201377667486
86320000	0.020547224446944894
86360000	0.020726164304092527
86400000	0.020490509322844446
86440000	0.02035892013963312
86480000	0.020437431419827044
86520000	0.02032538830693811
86560000	0.020660485382564365
86600000	0.020277456422522665
86640000	0.020110563383623957
86680000	0.020525253443978726
86720000	0.019723379290103912
86760000	0.02002387983035296
86800000	0.020416664862446487
86840000	0.020570674774236977
86880000	0.020279871332086623
86920000	0.019902888197824358
86960000	0.0199195073582232
87000000	0.01981210513655096
87040000	0.020586649558879434
87080000	0.02057960152104497
87120000	0.020823458318598567
87160000	0.02131493686530739
87200000	0.020301513881981374
87240000	0.02025205436386168
87280000	0.020350461317971347
87320000	0.020530910482816397
87360000	0.020702185298316182
87400000	0.020900976054184138
87440000	0.020853073481470346
87480000	0.020810068875737487
87520000	0.021178272060118616
87560000	0.021307012894004582
87600000	0.021777395692281425
87640000	0.021073375712148845
87680000	0.02050665842015296
87720000	0.021218676116503774
87760000	0.020677403084747494
87800000	0.020753811795823276
87840000	0.020400761304609476
87880000	0.02056877067759633
87920000	0.02056858958732337
87960000	0.02027736053224653
88000000	0.020570194400660692
88040000	0.020716696777939796
88080000	0.02086678744032979
88120000	0.021233628863096238
88160000	0.02155753993652761
88200000	0.02136705018337816
88240000	0.02112771627418697
88280000	0.02096780038997531
88320000	0.02121270296294242
88360000	0.0213945327995345
88400000	0.021683428089506924
88440000	0.021336657205410302
88480000	0.02151847079638392
88520000	0.021303123623505234
88560000	0.02163115790784359
88600000	0.021051410581730306
88640000	0.021004742805287243
88680000	0.021244865357875824
88720000	0.02133786314893514
88760000	0.021270692444592714
88800000	0.021187909487634896
88840000	0.021187078404612838
88880000	0.020706686797179283
88920000	0.02116133086271584
88960000	0.0206427199665457
89000000	0.021221853750571607
89040000	0.020798047914914786
89080000	0.020956650373898447
89120000	0.021108007040992378
89160000	0.021158941910043357
89200000	0.021077123627997935
89240000	0.021033451032824814
89280000	0.021294687661342324
89320000	0.02115992909464985
89360000	0.021148123824410142
89400000	0.020109341138973832
89440000	0.019985632602125405
89480000	0.02062894685547799
89520000	0.0206637794977054
89560000	0.02062919159978628
89600000	0.020606737402826546
89640000	0.020925922598689795
89680000	0.02049688256699592
89720000	0.020329573171399534
89760000	0.019969743690732865
89800000	0.020042334027774632
89840000	0.01979464533235878
89880000	0.02013849204555154
89920000	0.020105549658276142
89960000	0.01985620885062963
90000000	0.019914711466245353
90040000	0.020324476737715303
90080000	0.020559722457826137
90120000	0.02046480142902583
90160000	0.01995367606803775
90200000	0.020494594216533005
90240000	0.0201948551857844
90280000	0.019893952761217953
90320000	0.020392963833175598
90360000	0.02066542928405106
90400000	0.020560336087830363
90440000	0.020772185225598514
90480000	0.02058938521947712
90520000	0.020878495453484358
90560000	0.021241984453611074
90600000	0.021252226925082506
90640000	0.020886881909146907
90680000	0.021124918439425527
90720000	0.02102848409060389
90760000	0.022471046561561524
90800000	0.02152915418446064
90840000	0.021628162267804146
90880000	0.02126876993663609
90920000	0.021038761367462574
90960000	0.0208941411530599
91000000	0.021038919674232603
91040000	0.021544252828136087
91080000	0.021246180531196295
91120000	0.02059577533286065
91160000	0.02129989147577435
91200000	0.020754202423617245
91240000	0.021303556556254627
91280000	0.020640447050333022
91320000	0.021193422833271323
91360000	0.020958722782321273
91400000	0.02115067736916244
91440000	0.02076710807774216
91480000	0.02065099165737629
91520000	0.020385287631116807
91560000	0.020782750949822366
91600000	0.021212443530000746
91640000	0.02169006606154144
91680000	0.021260548010095952
91720000	0.021184945117868483
91760000	0.021315202859044074
91800000	0.02115664374958724
91840000	0.02088066591564566
91880000	0.021041299665160478
91920000	0.021184312992356718
91960000	0.020513766530901194
92000000	0.020882129618525504
92040000	0.020728477338328957
92080000	0.020187108573131263
92120000	0.020438688794896007
92160000	0.02099410908408463
92200000	0.020934141718782485
92240000	0.020876496139913797
92280000	0.020824524079076947
92320000	0.021307645582035184
92360000	0.021761149330250917
92400000	0.0215719778560102
92440000	0.021090465576760472
92480000	0.02105239720121026
92520000	0.021692052363418042
92560000	0.021532416210882366
92600000	0.021643536717258393
92640000	0.021285657966136934
92680000	0.021430342186428607
92720000	0.021201386240497232
92760000	0.021196157430298627
92800000	0.021268820298928768
92840000	0.02079294058214873
92880000	0.02076208843253553
92920000	0.020802841997891664
92960000	0.02073113864008337
93000000	0.020061838075332343
93040000	0.02052354705501348
93080000	0.020478269764594735
93120000	0.020571947864443062
93160000	0.021235228199325502
93200000	0.02105813323557377
93240000	0.021296281729079783
93280000	0.02113601280003786
93320000	0.021276034537702798
93360000	0.02155775602925569
93400000	0.02094916445631534
93440000	0.020751810087636113
93480000	0.021285130949132144
93520000	0.021020765857584774
93560000	0.021822774089872838
93600000	0.02182871295232326
93640000	0.021104536173678936
93680000	0.02162370318174362
93720000	0.02101015821285546
93760000	0.02157456561997533
93800000	0.021221671203337608
93840000	0.021291281165741385
93880000	0.02047354907207191
93920000	0.02133114766776562
93960000	0.02153113589864224
94000000	0.020872250460088254
94040000	0.021169566233083605
94080000	0.021306683440878986
94120000	0.020922659705393018
94160000	0.020876208124682306
94200000	0.020609081838652493
94240000	0.020763068241626024
94280000	0.02023188044540584
94320000	0.020936614612676204
94360000	0.020612791114859284
94400000	0.021040412686206402
94440000	0.020871988220326602
94480000	0.021790913556702436
94520000	0.021013701994158328
94560000	0.021545687975920737
94600000	0.02105646330360323
94640000	0.02128246498350054
94680000	0.02133894060514867
94720000	0.02166451956499368
94760000	0.021221133852563797
94800000	0.021433762767538427
94840000	0.02154868041407317
94880000	0.021999097444675864
94920000	0.021669934158213437
94960000	0.021664491343311967
95000000	0.021749596201628446
95040000	0.02085201830752194
95080000	0.021744162525236605
95120000	0.021518952091783287
95160000	0.021419047461636365
95200000	0.02128829294014722
95240000	0.021597044557891788
95280000	0.021472052689827978
95320000	0.021301138989441096
95360000	0.022431616992503404
95400000	0.021864165337756276
95440000	0.021792711231671275
95480000	0.021642916165851057
95520000	0.02175919800233096
95560000	0.02137483216840774
95600000	0.021069233207404614
95640000	0.021421803625300526
95680000	0.021854667300730945
95720000	0.021765505312755704
95760000	0.021935044307261706
95800000	0.022171614062041045
95840000	0.022674893130362035
95880000	0.021829671891219912
95920000	0.022478119312599302
95960000	0.02171617112085223
96000000	0.022018257400393485
96040000	0.02245842504668981
96080000	0.021734944801777602
96120000	0.02164031109865755
96160000	0.02111958365421742
96200000	0.021521751143597067
96240000	0.021358895621262492
96280000	0.020683078314736484
96320000	0.02070657125208527
96360000	0.020849858920648695
96400000	0.02068084060959518
96440000	0.02132765036523342
96480000	0.021490508029609917
96520000	0.02124724244810641
96560000	0.02127722304649651
96600000	0.02191601933427155
96640000	0.02146258645299822
96680000	0.02143558133766055
96720000	0.02215673232190311
96760000	0.020803992999345065
96800000	0.020593810176849366
96840000	0.0209163343032822
96880000	0.02168420596998185
96920000	0.021379977440088987
96960000	0.021291494711115955
97000000	0.02113240880072117
97040000	0.021687111130915582
97080000	0.02053543582316488
97120000	0.020895433469116688
97160000	0.020855851237848402
97200000	0.020646399364061655
97240000	0.020715920854173602
97280000	0.020057642205804586
97320000	0.02005777426995337
97360000	0.020292369083501398
97400000	0.020930105586349963
97440000	0.020624575644358992
97480000	0.020755764400400223
97520000	0.020822233971767128
97560000	0.020865974886342883
97600000	0.020950929655507208
97640000	0.02112855029217899
97680000	0.02106973444763571
97720000	0.020546350237727166
97760000	0.02057997785527259
97800000	0.02082144320588559
97840000	0.020683135401830078
97880000	0.021111409961618484
97920000	0.02053278649728745
97960000	0.020654312153719365
98000000	0.020935739566013217
98040000	0.020611344774626197
98080000	0.01989087969409302
98120000	0.020198064978793263
98160000	0.020199368460848927
98200000	0.02075888633597642
98240000	0.02099740416444838
98280000	0.020916653485782446
98320000	0.02051088620442897
98360000	0.021100613078381868
98400000	0.020471363286674024
98440000	0.02034049598518759
98480000	0.02092599200401455
98520000	0.020606845722347496
98560000	0.020481055858917536
98600000	0.020317889984697104
98640000	0.020776945678703487
98680000	0.01997312814295292
98720000	0.020173546240106224
98760000	0.02017861398626119
98800000	0.020405050386302172
98840000	0.020188220872171224
98880000	0.020463750533014535
98920000	0.02036255834940821
98960000	0.020626940705440938
99000000	0.02053705032840371
99040000	0.020894918856583535
99080000	0.020887728399597107
99120000	0.02116725643798709
99160000	0.02079348575472832
99200000	0.020384576172940434
99240000	0.020464766390249134
99280000	0.02027326037362218
99320000	0.02017049813643098
99360000	0.0199946618527174
99400000	0.02033087787590921
99440000	0.01999764704760164
99480000	0.019837008878402413
99520000	0.020615031143277885
99560000	0.02043328471388668
99600000	0.020074234588909893
99640000	0.0203509532013908
99680000	0.020509403925575317
99720000	0.01997658564299345
99760000	0.020143607150390746
99800000	0.020099122463166714
99840000	0.01929168262537569
99880000	0.019676254439912735
99920000	0.020406777495145797
99960000	0.019106465484760703
100000000	0.019298653977550567
