240000	0.054012791026569903
280000	0.1877379486120306
320000	0.3619703817717731
360000	0.3882320736683905
400000	0.47199097266867757
440000	0.4492821421995759
480000	0.3051631899677217
520000	0.2726641558885574
560000	0.1962356626406312
600000	0.17827843885496258
640000	0.18970099131017923
680000	0.22053690638244153
720000	0.23520734573453664
760000	0.2109001054659486
800000	0.3229457021161914
840000	0.3226906231969595
880000	0.3261187473341823
920000	0.3509233242839575
960000	0.3385906154856086
1000000	0.3402304462864995
1040000	0.2990866487249732
1080000	0.30794190690219403
1120000	0.29181768896877763
1160000	0.3400471212282777
1200000	0.4541254635602236
1240000	0.36111995481699705
1280000	0.3173788833886385
1320000	0.3269967838063836
1360000	0.3268059069439769
1400000	0.38056313028484584
1440000	0.36647027219235895
1480000	0.40974063981473446
1520000	0.3654587357625365
1560000	0.3820330011054873
1600000	0.39914029802531004
1640000	0.42282287286072967
1680000	0.5355522697210312
1720000	0.4280766568005085
1760000	0.40506488218456504
1800000	0.44839321847856045
1840000	0.40811011461764574
1880000	0.47551700855344536
1920000	0.6217525306239724
1960000	0.49739491576850414
2000000	0.47572987369000913
2040000	0.415492865306139
2080000	0.41237254064828155
2120000	0.3974618031516671
2160000	0.5437349640548229
2200000	0.5176613092213869
2240000	0.5619764247119426
2280000	0.52163874912709
2320000	0.49037013088166714
2360000	0.4279512616634369
2400000	0.38162076504528525
2440000	0.3886771810427308
2480000	0.4034951653301716
2520000	0.34993819931894543
2560000	0.4059105594813824
2600000	0.35540209841132164
2640000	0.3608108198195696
2680000	0.37025960813760755
2720000	0.3745285704925656
2760000	0.3531702714398503
2800000	0.29545161389783026
2840000	0.36018116127848626
2880000	0.3568810341998935
2920000	0.38506352313607933
2960000	0.3846689380571246
3000000	0.3799236997961998
3040000	0.43036922415718437
3080000	0.38825002522468566
3120000	0.3483877033852041
3160000	0.3174264312595129
3200000	0.3278730176240206
3240000	0.3062326547071338
3280000	0.3502112892895937
3320000	0.3429586853720248
3360000	0.3574762742497027
3400000	0.3910131898254156
3440000	0.41463594302088025
3480000	0.3391618996500969
3520000	0.35118278467431663
3560000	0.35499774527177214
3600000	0.386029588791728
3640000	0.33058311707004906
3680000	0.3384483100995421
3720000	0.3309068150602281
3760000	0.3831983280688524
3800000	0.3569897701859474
3840000	0.3162962874904275
3880000	0.3208682550288737
3920000	0.3565994364656508
3960000	0.3156148357257247
4000000	0.29798664651066065
4040000	0.3287123478204012
4080000	0.33530848279371855
4120000	0.3005798673801124
4160000	0.3258826175510883
4200000	0.2815581413008273
4240000	0.31264212664663793
4280000	0.35088902987092735
4320000	0.33953286353573203
4360000	0.34813474724665283
4400000	0.35875013068765405
4440000	0.30320309119299055
4480000	0.2431464805200696
4520000	0.2855204749323428
4560000	0.32190256370231507
4600000	0.33423107898086307
4640000	0.29002557835802434
4680000	0.28432136793285606
4720000	0.2689429755777121
4760000	0.28800152794867756
4800000	0.33187351257950065
4840000	0.29753863692730664
4880000	0.3347079911544919
4920000	0.2932307654604316
4960000	0.29638285974264145
5000000	0.2731080348581076
5040000	0.30764575318694115
5080000	0.2537990694850683
5120000	0.25019413729831574
5160000	0.23793032252043486
5200000	0.22190134834721684
5240000	0.25292655489593746
5280000	0.2397195803232491
5320000	0.2529458245098591
5360000	0.2480392848096788
5400000	0.2613686016380787
5440000	0.24673703639954328
5480000	0.24267418480962516
5520000	0.26070253915861247
5560000	0.23978620273694395
5600000	0.2096133709870279
5640000	0.2328643212594092
5680000	0.2420562768779695
5720000	0.24060090277567506
5760000	0.2345162715435028
5800000	0.24533649303764105
5840000	0.21082239402458072
5880000	0.19989978709742426
5920000	0.2273262129597366
5960000	0.23570905144810678
6000000	0.21992353322207928
6040000	0.21759104737341403
6080000	0.24874152168780564
6120000	0.22087559190690517
6160000	0.2142042503796518
6200000	0.23167584229037166
6240000	0.2270155352510512
6280000	0.25019048221483825
6320000	0.23720799768269063
6360000	0.22322390589490532
6400000	0.22021763697341085
6440000	0.2404214513629675
6480000	0.22228730322644114
6520000	0.2269137318044901
6560000	0.21204966540187598
6600000	0.18358295408710837
6640000	0.22084122454449534
6680000	0.24617545467540622
6720000	0.2131715342387557
6760000	0.20151668182462454
6800000	0.20773160843178629
6840000	0.20686038506999613
6880000	0.202946084471792
6920000	0.18410143832117318
6960000	0.1997657112583518
7000000	0.20125719982609153
7040000	0.21071014170646668
7080000	0.2061625654771924
7120000	0.19023761223703622
7160000	0.19525623036399484
7200000	0.21814330266863108
7240000	0.21072264674529434
7280000	0.18416116765365004
7320000	0.17630588923469187
7360000	0.1815282565139234
7400000	0.20611786439791321
7440000	0.19356611572504043
7480000	0.17902340865768493
7520000	0.17680414697229863
7560000	0.17462917002812028
7600000	0.20082365764081478
7640000	0.18365744600966571
7680000	0.18580533358305693
7720000	0.19862303097248077
7760000	0.20331515861973168
7800000	0.2050086849845946
7840000	0.1910931137315929
7880000	0.19272064913585782
7920000	0.20583206846937538
7960000	0.2072308157160878
8000000	0.22155906133055686
8040000	0.22051803490668534
8080000	0.20309293125271796
8120000	0.19764661960676314
8160000	0.20064799862727523
8200000	0.1803348190650344
8240000	0.19225613696351648
8280000	0.1999797987177968
8320000	0.19129199687168003
8360000	0.1938857515335083
8400000	0.17980993838384748
8440000	0.2000337080217898
8480000	0.18586576650738715
8520000	0.1990009773798287
8560000	0.190170152592659
8600000	0.1646591074772179
8640000	0.18032244961559774
8680000	0.18327347382977605
8720000	0.17582077751457692
8760000	0.18398897106200457
8800000	0.17025258227735757
8840000	0.1952920361213386
8880000	0.1914259939864278
8920000	0.18951576268970965
8960000	0.19616068174540996
9000000	0.18982412422969938
9040000	0.19836690829917789
9080000	0.1970700176499784
9120000	0.18193250219523907
9160000	0.18541914613619448
9200000	0.18540504510477185
9240000	0.18142634559497237
9280000	0.17321733193285763
9320000	0.18800230379477142
9360000	0.18548192163184285
9400000	0.17957042091786862
9440000	0.19408099552318453
9480000	0.1812394582696259
9520000	0.17369222187548874
9560000	0.17960853241235017
9600000	0.16961349973529577
9640000	0.1755082037270069
9680000	0.17347020297124982
9720000	0.17165930644348265
9760000	0.17622266080379487
9800000	0.16645734632015227
9840000	0.16544521836340428
9880000	0.16477370101213457
9920000	0.1749240523956716
9960000	0.1994036996126175
10000000	0.1943607051052153
10040000	0.16510269837975503
10080000	0.1669386072576046
10120000	0.1651883921124041
10160000	0.16779795909672976
10200000	0.1769063004553318
10240000	0.1721203349173069
10280000	0.18273280541077255
10320000	0.1810848021902144
10360000	0.15015677440911532
10400000	0.17125614701434969
10440000	0.16632270259931684
10480000	0.15660785356089474
10520000	0.16491179635599257
10560000	0.18613830569982528
10600000	0.17946850209385157
10640000	0.1706173795580864
10680000	0.1677388423152268
10720000	0.18625723627209664
10760000	0.18408810009211302
10800000	0.17483157483935355
10840000	0.17507893313914538
10880000	0.1674319961771369
10920000	0.1615651433877647
10960000	0.17870118078514935
11000000	0.16460168490409852
11040000	0.1736558707818389
11080000	0.1819805784791708
11120000	0.17012046339958906
11160000	0.15687956818118692
11200000	0.1624032287426293
11240000	0.17238903537616135
11280000	0.17350863268077374
11320000	0.17013198894634843
11360000	0.15562041607275606
11400000	0.16527588336616755
11440000	0.1655771298184991
11480000	0.17084580078944564
11520000	0.16193798031657936
11560000	0.16534069182127714
11600000	0.16777593488171696
11640000	0.16579028863683343
11680000	0.16186206978559495
11720000	0.14453301244825126
11760000	0.15241325186491012
11800000	0.15144139202311635
11840000	0.15502541561052202
11880000	0.14671297150924803
11920000	0.15131005434021352
11960000	0.1528065114490688
12000000	0.16824710014536975
12040000	0.1563720111876726
12080000	0.15675825222581624
12120000	0.149562111043185
12160000	0.13663464923799037
12200000	0.14646892985999585
12240000	0.17853083881884813
12280000	0.1583476806730032
12320000	0.15211745371446014
12360000	0.15218640799596905
12400000	0.14273566239550708
12440000	0.1333746306091547
12480000	0.14165615792870523
12520000	0.1556697208121419
12560000	0.12967201164141298
12600000	0.15226858309805394
12640000	0.15828699171319605
12680000	0.16204581832885742
12720000	0.15359882169738412
12760000	0.165767106025666
12800000	0.14530666402876377
12840000	0.14303863286823035
12880000	0.14761421463489532
12920000	0.16109965010583402
12960000	0.1408879465583712
13000000	0.15882316741868854
13040000	0.1600443036876619
13080000	0.16679918073564767
13120000	0.14895669962763786
13160000	0.1533139557093382
13200000	0.1392172916263342
13240000	0.14815763613805175
13280000	0.15856744208708407
13320000	0.15297115077599882
13360000	0.15039148088172077
13400000	0.14145235031470657
13440000	0.14344646150395274
13480000	0.1401154682159424
13520000	0.16814546760171653
13560000	0.15943040965497493
13600000	0.13706834369972348
13640000	0.14108304904848337
13680000	0.14098123478442431
13720000	0.1534565943464637
13760000	0.14223738902807237
13800000	0.15196521041840313
13840000	0.15069384372085332
13880000	0.1536260797843337
13920000	0.15527387217357755
13960000	0.14900802976340055
14000000	0.12322368979677557
14040000	0.13595277052670718
14080000	0.13940993730351328
14120000	0.13706071990132332
14160000	0.13037733787968755
14200000	0.13742053655162453
14240000	0.13842557465806604
14280000	0.13755075220391155
14320000	0.13680449638366698
14360000	0.15207902369350196
14400000	0.13605579257160424
14440000	0.14421562058702111
14480000	0.14979507790207863
14520000	0.15650215868540107
14560000	0.15178713050112128
14600000	0.1414262268509716
14640000	0.14155684741735458
14680000	0.13792088827341795
14720000	0.14119930142611264
14760000	0.13507053946778178
14800000	0.1303703676342964
14840000	0.13023762011379003
14880000	0.1324172056056559
14920000	0.15090484833940865
14960000	0.14882906634956597
15000000	0.14565351293236017
15040000	0.1491530155710876
15080000	0.14819896196871996
15120000	0.14494067216962575
15160000	0.141118916105479
15200000	0.14276198241710664
15240000	0.15571278798729182
15280000	0.13519195003621282
15320000	0.1418896379761398
15360000	0.13225075739175082
15400000	0.13193496689870954
15440000	0.1426204174697399
15480000	0.1497365738630295
15520000	0.1394743308700621
15560000	0.14993270507901907
15600000	0.14202306698709727
15640000	0.13808157696425916
15680000	0.13463544979617
15720000	0.12801002571508288
15760000	0.11594285723641515
15800000	0.12707232140526176
15840000	0.1299608663752675
15880000	0.12810557218044996
15920000	0.1305814223714173
15960000	0.13975521278604866
16000000	0.13708201818838717
16040000	0.14218715400993823
16080000	0.14107180242389442
16120000	0.13845499615371226
16160000	0.14977102753147484
16200000	0.14090943031311035
16240000	0.1524294341146946
16280000	0.135260465503484
16320000	0.142091501378268
16360000	0.14058290886580943
16400000	0.13653820455297827
16440000	0.13224460472166538
16480000	0.14102487723082305
16520000	0.13246894696205855
16560000	0.13061647674366833
16600000	0.14273558493554592
16640000	0.13778460895046593
16680000	0.13727383067235352
16720000	0.14593185219317675
16760000	0.1360895543448627
16800000	0.13205615538693966
16840000	0.12827151785194874
16880000	0.14158363693878054
16920000	0.13825585573464633
16960000	0.13645121683329345
17000000	0.13216640837043525
17040000	0.12969316326528788
17080000	0.1378369482897222
17120000	0.14322164639160037
17160000	0.144346503482759
17200000	0.14774768538847566
17240000	0.15825257624164224
17280000	0.16982566523849965
17320000	0.15714798542261124
17360000	0.14607745831683278
17400000	0.13679286202266813
17440000	0.13242364677488805
17480000	0.14695665197223426
17520000	0.11528138661235571
17560000	0.12579364685565234
17600000	0.14240437399148942
17640000	0.14370380294024945
17680000	0.14890785071253776
17720000	0.14341830057278276
17760000	0.16292515820041298
17800000	0.15929011335223914
17840000	0.15693935140296816
17880000	0.16265399219840765
17920000	0.141808969578892
17960000	0.1425567909039557
18000000	0.13344231216162444
18040000	0.13094574582278729
18080000	0.13117542923390865
18120000	0.13775358058214188
18160000	0.1478719235278666
18200000	0.14794419255927205
18240000	0.14847425003275275
18280000	0.14712585266306996
18320000	0.13635656188353895
18360000	0.13304396785870196
18400000	0.13995089344754816
18440000	0.13103248226121067
18480000	0.1472485277749598
18520000	0.1387238523878157
18560000	0.12699563926681876
18600000	0.13709891331642865
18640000	0.12822973845526575
18680000	0.12797247707918286
18720000	0.12864113414138556
18760000	0.13318863519355656
18800000	0.13568716643676162
18840000	0.12962618333362044
18880000	0.1332706805396825
18920000	0.12671121751070022
18960000	0.13286983954273165
19000000	0.13399358436465264
19040000	0.14125529358386993
19080000	0.13502035842984914
19120000	0.13783229371979833
19160000	0.1312411372385919
19200000	0.12444069796279073
19240000	0.12906557956524192
19280000	0.1301322545468807
19320000	0.14339635220095515
19360000	0.1426348147660494
19400000	0.13608646595552565
19440000	0.13847338197901846
19480000	0.14473761740624905
19520000	0.13912229843959212
19560000	0.1392289781190455
19600000	0.13971801878809928
19640000	0.15047298574224113
19680000	0.13377620719969271
19720000	0.12730107647255062
19760000	0.12180240173004568
19800000	0.12429277993291617
19840000	0.12635627224221826
19880000	0.1342506998360157
19920000	0.1343508026961237
19960000	0.13218208064436912
20000000	0.14417963785082102
20040000	0.14439747412279247
20080000	0.13454471262320877
20120000	0.1374322610475123
20160000	0.1370132004097104
20200000	0.12938948768675326
20240000	0.13155838737711312
20280000	0.12518661611303686
20320000	0.1324415988240391
20360000	0.12164206514731049
20400000	0.13309318227246403
20440000	0.13319227023124694
20480000	0.12007718259915709
20520000	0.13169409457743167
20560000	0.12763688038513066
20600000	0.1387920063510537
20640000	0.13401349439024926
20680000	0.13433975881263613
20720000	0.142117482817173
20760000	0.14809256520420314
20800000	0.13374861634224652
20840000	0.13770536783263088
20880000	0.1469066424138844
20920000	0.13686467302888633
20960000	0.12642829639613629
21000000	0.1333088917568326
21040000	0.12382103176377714
21080000	0.13612899029925465
21120000	0.13735237254947424
21160000	0.14859251451864838
21200000	0.15563615113496782
21240000	0.14346057729423045
21280000	0.13368697831332685
21320000	0.13871880467534065
21360000	0.123891119877249
21400000	0.1320182229027152
21440000	0.15372911410406231
21480000	0.15755208240821958
21520000	0.13020692353919147
21560000	0.1272166539169848
21600000	0.1279229928031564
21640000	0.12515111708939075
21680000	0.1250826333247125
21720000	0.1255057130984962
21760000	0.12239358716793358
21800000	0.13162325119227172
21840000	0.12493434778824448
21880000	0.12565809956267476
21920000	0.12621856915801763
21960000	0.13806373181641102
22000000	0.13618482185006142
22040000	0.13629683347195387
22080000	0.14160111944526435
22120000	0.14642999738901855
22160000	0.14649740638285874
22200000	0.14261157153099777
22240000	0.12564397121071816
22280000	0.12606103154197335
22320000	0.12622595915496349
22360000	0.12863391365632415
22400000	0.13179766417592764
22440000	0.11997226775884628
22480000	0.11925890329480171
22520000	0.12998355327472091
22560000	0.12155595698654652
22600000	0.12354581594914198
22640000	0.1330202753126621
22680000	0.1503065769933164
22720000	0.14400987468510867
22760000	0.15335705077946185
22800000	0.14670309520587324
22840000	0.13265677510648965
22880000	0.12618390341438354
22920000	0.11453303379714488
22960000	0.12553319655656814
23000000	0.13330118262544274
23040000	0.13952904643341899
23080000	0.1375811740987003
23120000	0.13061387960910797
23160000	0.12912367411106826
23200000	0.13299588017314673
23240000	0.1298010472178459
23280000	0.12711532305255532
23320000	0.12493268253430724
23360000	0.11827496372163296
23400000	0.12445199190303684
23440000	0.12117255014926195
23480000	0.13902524906992914
23520000	0.13284613277167082
23560000	0.13366659313514828
23600000	0.13800637994110584
23640000	0.1341560213536024
23680000	0.1292278711743653
23720000	0.13641779105216265
23760000	0.12074675481468439
23800000	0.1176708044745028
23840000	0.11315612674281002
23880000	0.1132782902315259
23920000	0.11933920030519367
23960000	0.11490994423180818
24000000	0.12591586593538523
24040000	0.12586180951446294
24080000	0.1280637875907123
24120000	0.1234669063910842
24160000	0.1183070110052824
24200000	0.12571581176072358
24240000	0.12425866437107325
24280000	0.12861759446412324
24320000	0.11339645199850201
24360000	0.127762490709126
24400000	0.1198573002241552
24440000	0.1190855813652277
24480000	0.12142466398626565
24520000	0.12614863681346178
24560000	0.12885762582458557
24600000	0.12300374647937715
24640000	0.12058496013060212
24680000	0.13082040587216615
24720000	0.1219268871076405
24760000	0.1207819538898766
24800000	0.11567579435929656
24840000	0.1193823823466897
24880000	0.12058375857174397
24920000	0.11910663020312787
24960000	0.11903906973153353
25000000	0.10909316488355399
25040000	0.1096755502037704
25080000	0.11158390219509602
25120000	0.11399852882027627
25160000	0.11687816743329167
25200000	0.11114755709171295
25240000	0.10976678111255168
25280000	0.12404084817245603
25320000	0.11616051057353616
25360000	0.1165427723646164
25400000	0.11312537426352501
25440000	0.1152287740021944
25480000	0.11977705640047788
25520000	0.10945202589929104
25560000	0.10387571939602494
25600000	0.11991565484106541
25640000	0.11691199521198868
25680000	0.11667907833978534
25720000	0.1114449254475534
25760000	0.12477079141438008
25800000	0.12026275364905596
25840000	0.12062523583844303
25880000	0.1242282490760088
25920000	0.12548712196722628
25960000	0.12177526204809547
26000000	0.12232824726849795
26040000	0.11825980239957572
26080000	0.11670913120955229
26120000	0.1216936243608594
26160000	0.12012465335130691
26200000	0.11935955718010664
26240000	0.10969724532365799
26280000	0.11807419218644499
26320000	0.10929306565448642
26360000	0.10991045099571348
26400000	0.10998475437685848
26440000	0.11816032707616687
26480000	0.1090002051629126
26520000	0.10885561353564262
26560000	0.11688472971469165
26600000	0.11688098390102386
26640000	0.10881072136089205
26680000	0.10934247961267829
26720000	0.13078516102209686
26760000	0.12741723668277263
26800000	0.13069009637758136
26840000	0.12358288190253079
26880000	0.1175558176651597
26920000	0.13384554599002005
26960000	0.13799762393087148
27000000	0.140523093111068
27040000	0.11307276588827371
27080000	0.11879664442017675
27120000	0.12909255903735756
27160000	0.12310504281446338
27200000	0.1378524620771408
27240000	0.1306891249321401
27280000	0.1279188680462539
27320000	0.12976217018961905
27360000	0.13329183719307183
27400000	0.14023186746016145
27440000	0.13134990251734852
27480000	0.13551129779815674
27520000	0.12220778124108911
27560000	0.12288923888206482
27600000	0.12108524914309382
27640000	0.13311602568477393
27680000	0.12345508308410645
27720000	0.11685035269707442
27760000	0.1140352791249752
27800000	0.11853002615869045
27840000	0.11008319002538919
27880000	0.10848574243783951
27920000	0.12185432304888964
27960000	0.11867407460287213
28000000	0.12775733056403696
28040000	0.11868745677992701
28080000	0.12270902645811439
28120000	0.11531370942890644
28160000	0.1086386214658618
28200000	0.11397213624045253
28240000	0.11035832722336054
28280000	0.11711140075996518
28320000	0.12761826929524542
28360000	0.10855118037387729
28400000	0.11881424782127142
28440000	0.13347416320070624
28480000	0.1230626199901104
28520000	0.12263887715563178
28560000	0.12734756925627588
28600000	0.12307602855712176
28640000	0.12090250621438027
28680000	0.11286294956356287
28720000	0.12445689927488565
28760000	0.11749933948367834
28800000	0.11867598075047135
28840000	0.12349836063906551
28880000	0.11432084720991552
28920000	0.11596518266350031
28960000	0.12088863242790103
29000000	0.12131342809125781
29040000	0.11673150696232915
29080000	0.11461297879964114
29120000	0.10550186180993915
29160000	0.10681944986656308
29200000	0.10178719371855259
29240000	0.11402420100271701
29280000	0.11204123073220253
29320000	0.10370549625828862
29360000	0.10735960660651327
29400000	0.10816954383924604
29440000	0.10710127683654427
29480000	0.10862914528995753
29520000	0.10637073469758034
29560000	0.10556597594320774
29600000	0.1019861770413816
29640000	0.11063163451701402
29680000	0.10940186842158436
29720000	0.11223356859758496
29760000	0.12172496573030948
29800000	0.11852454119697213
29840000	0.11562252751141787
29880000	0.12101603010445833
29920000	0.11694757110252976
29960000	0.11582909047305584
30000000	0.12288331828936934
30040000	0.12150836994349956
30080000	0.10948997066244483
30120000	0.10657820904701948
30160000	0.11750954651534558
30200000	0.12037633854597807
30240000	0.12045840050056576
30280000	0.11733598460555077
30320000	0.1216988042242825
30360000	0.1256879086613655
30400000	0.1322487292408943
30440000	0.12858080793395638
30480000	0.13225046128332615
30520000	0.12361096438169479
30560000	0.11573859253674745
30600000	0.12623774530813098
30640000	0.11721193941235543
30680000	0.11442680724561215
30720000	0.11497126944065093
30760000	0.12257223387286068
30800000	0.1178167894512415
30840000	0.11781378889530897
30880000	0.11472872269526124
30920000	0.11655547692701221
30960000	0.10562457738220692
31000000	0.10657530954703688
31040000	0.10947239475473762
31080000	0.11415974865332246
31120000	0.11413084956929087
31160000	0.11366152031049133
31200000	0.10851856886893511
31240000	0.11039590727612376
31280000	0.10817923359572887
31320000	0.10260891470015049
31360000	0.11391133965328336
31400000	0.10976244309693575
31440000	0.10927686323747039
31480000	0.11679877490103245
31520000	0.1061229195304215
31560000	0.10708858554810285
31600000	0.10775107701644301
31640000	0.10732234391719103
31680000	0.10920468674749136
31720000	0.10565613764934242
31760000	0.11049657054841519
31800000	0.12318533398509025
31840000	0.11608987964205444
31880000	0.1163529341802001
31920000	0.12169217496365309
31960000	0.12169748504981398
32000000	0.11656733646988869
32040000	0.12091483253091574
32080000	0.10876884899064898
32120000	0.10870520460903645
32160000	0.10538359479904175
32200000	0.09775615501180292
32240000	0.10210982848107815
32280000	0.09940458500906825
32320000	0.10390458234101534
32360000	0.09873033219724893
32400000	0.0999638720318675
32440000	0.10358427431285382
32480000	0.11046286545246839
32520000	0.11226790430769325
32560000	0.11545240061879158
32600000	0.11206107469499112
32640000	0.10824846863523126
32680000	0.09712355077117682
32720000	0.10899389696344733
32760000	0.1006125844694674
32800000	0.09909838137328625
32840000	0.10323806335926056
32880000	0.11320516426935792
32920000	0.11073600473031402
32960000	0.11272739955186843
33000000	0.10470732797309756
33040000	0.1031384546481073
33080000	0.1019609940469265
33120000	0.10582803964987397
33160000	0.10832524239495396
33200000	0.1030420490168035
33240000	0.1021673628333956
33280000	0.10477845930308104
33320000	0.11149250941127539
33360000	0.11421761085614562
33400000	0.11995575366318226
33440000	0.11010091602876783
33480000	0.11252853004001082
33520000	0.10783679494634271
33560000	0.10986873372867703
33600000	0.10721318487972022
33640000	0.09737072056531906
33680000	0.10043219031393529
33720000	0.1068558214969933
33760000	0.10403093216568232
33800000	0.1058037897489965
33840000	0.10585181633606552
33880000	0.10717106785997749
33920000	0.10678880400806666
33960000	0.10794408042430878
34000000	0.11256350464969873
34040000	0.11681964390054345
34080000	0.11886598745137453
34120000	0.11789309764429927
34160000	0.10850856414735317
34200000	0.10052144577987492
34240000	0.10836429637894035
34280000	0.10170687312558294
34320000	0.09940330043956637
34360000	0.10536065579280257
34400000	0.10775203928872942
34440000	0.11058433079868556
34480000	0.10552744430750609
34520000	0.09872763748914003
34560000	0.09938271746858954
34600000	0.10779991541877389
34640000	0.1087850777991116
34680000	0.10493506465554238
34720000	0.11015368437543512
34760000	0.11528634391054511
34800000	0.10914463812708855
34840000	0.10514256689697504
34880000	0.1120968011982739
34920000	0.10337009750530124
34960000	0.10295427477061748
35000000	0.10006419229134918
35040000	0.09839228957816959
35080000	0.10313617309182882
35120000	0.09642259587943554
35160000	0.09249945833086967
35200000	0.09461825102865697
35240000	0.0932708601526916
35280000	0.10171809175163507
35320000	0.09953367032259702
35360000	0.09696314816996456
35400000	0.09433505690842867
35440000	0.09341023617386818
35480000	0.1054333450332284
35520000	0.10537709235846997
35560000	0.10270836440101266
35600000	0.10086918665543199
35640000	0.10160281945690512
35680000	0.09992609852030873
35720000	0.09918311084136366
35760000	0.09821945714578033
35800000	0.09718351179584861
35840000	0.09902381822615862
35880000	0.1007588769942522
35920000	0.09742297008484602
35960000	0.09761288194209337
36000000	0.09691105805188417
36040000	0.09537649285569787
36080000	0.1067472526870668
36120000	0.09765547820441425
36160000	0.09222617320045828
36200000	0.0980491406828165
36240000	0.09665411301404238
36280000	0.0931028610356152
36320000	0.09144357108697296
36360000	0.09923112282678485
36400000	0.10511464125439525
36440000	0.1022416862897575
36480000	0.09202100359201432
36520000	0.09189767457842826
36560000	0.09103796277344227
36600000	0.09356387049630284
36640000	0.0901172010704875
36680000	0.0909302814181894
36720000	0.09194168384224176
36760000	0.09098544932603836
36800000	0.09054564611688257
36840000	0.09668985354304313
36880000	0.09532920146659017
36920000	0.0946270126119256
36960000	0.0943909966122359
37000000	0.10093528241589665
37040000	0.09970868002176285
37080000	0.09858666338399052
37120000	0.10072246596291662
37160000	0.09786607576906681
37200000	0.09492947633787989
37240000	0.09366872485131025
37280000	0.09416856777518988
37320000	0.09394677176773548
37360000	0.09129807248264551
37400000	0.09307856036424637
37440000	0.0888444196395576
37480000	0.09228912790119648
37520000	0.09005295972302556
37560000	0.08663319035582244
37600000	0.08727352724671364
37640000	0.09825743085816503
37680000	0.09488164576664566
37720000	0.09404610981345177
37760000	0.08993875060528517
37800000	0.08739077280461788
37840000	0.0905275667823851
37880000	0.09397357208654285
37920000	0.09229601950868964
37960000	0.09125209394022822
38000000	0.09002302049547434
38040000	0.09188144995495677
38080000	0.08929690857008099
38120000	0.09232929681688547
38160000	0.09224482952654361
38200000	0.09467965834662319
38240000	0.09190662949681282
38280000	0.08946005121469498
38320000	0.09034574481472372
38360000	0.09027343928664923
38400000	0.08907237284705043
38440000	0.09242529300563038
38480000	0.09049100358858704
38520000	0.0844030511714518
38560000	0.08575900601074099
38600000	0.09230983138605953
38640000	0.08742429710626602
38680000	0.08983730610460043
38720000	0.08956769553571939
38760000	0.09349005573242902
38800000	0.0893658419571817
38840000	0.08569994877576828
38880000	0.08524710192978383
38920000	0.09039410850703716
38960000	0.09044523537643254
39000000	0.09616055320352315
39040000	0.09004977154731751
39080000	0.08497127682864666
39120000	0.08771973427236081
39160000	0.0879269267052412
39200000	0.08568263874277472
39240000	0.08822494754865766
39280000	0.08641518129855394
39320000	0.08697118174433709
39360000	0.09056729638054967
39400000	0.08686715201660991
39440000	0.09044410355314612
39480000	0.09026985697373748
39520000	0.08472585173621773
39560000	0.08523930894434452
39600000	0.08498212523534894
39640000	0.08517444281503558
39680000	0.08712314804047346
39720000	0.08876327063590288
39760000	0.08651604044884444
39800000	0.08534983834400774
39840000	0.08451184563487768
39880000	0.0829667351283133
39920000	0.08047623008489609
39960000	0.08000558989569545
40000000	0.07852213383503258
40040000	0.0749729457013309
40080000	0.08049472645372152
40120000	0.0787980768583715
40160000	0.07752738577798009
40200000	0.08445881941393017
40240000	0.08306788887381554
40280000	0.08561155408769847
40320000	0.08647083307690918
40360000	0.09101145839169622
40400000	0.0945347162425518
40440000	0.09074032007530332
40480000	0.09393992842808366
40520000	0.0844170660018921
40560000	0.08535750540420413
40600000	0.08446013447716832
40640000	0.08229819796532392
40680000	0.08468466275781393
40720000	0.08304933268800378
40760000	0.08339194062501191
40800000	0.08618426173478365
40840000	0.08569959228560328
40880000	0.08531921956315637
40920000	0.08519154338464141
40960000	0.08397373953089118
41000000	0.08542543158046902
41040000	0.08526867179647088
41080000	0.0828119211986661
41120000	0.08405470114648342
41160000	0.08646072713807225
41200000	0.08702727343812584
41240000	0.08041598458960653
41280000	0.08597871561609209
41320000	0.08985540613643825
41360000	0.08636074529439211
41400000	0.09048251013346016
41440000	0.09048165286555886
41480000	0.08563985401801764
41520000	0.08604741584435105
41560000	0.08640226604267955
41600000	0.09759898525848985
41640000	0.08669854787737132
41680000	0.0872731114923954
41720000	0.09238994178622961
41760000	0.09582495921701192
41800000	0.08933478044159711
41840000	0.09024552899077534
41880000	0.08428410585001112
41920000	0.08475987108796836
41960000	0.08262986643016339
42000000	0.08466032857894898
42040000	0.08785791202634573
42080000	0.08538570377975702
42120000	0.08937407424375415
42160000	0.08705263569578528
42200000	0.08664573678150773
42240000	0.08431484777629375
42280000	0.08482305037900806
42320000	0.08396025354601443
42360000	0.08607213782556355
42400000	0.08218121094703675
42440000	0.08772976047471166
42480000	0.08613933413475752
42520000	0.08460401056036353
42560000	0.0874785860773176
42600000	0.08650727907419205
42640000	0.08672063267678022
42680000	0.09241711794622243
42720000	0.08812754035741091
42760000	0.0924516693368554
42800000	0.08798185803964734
42840000	0.08765133450776338
42880000	0.08476145289093256
42920000	0.08364108606502414
42960000	0.08097584354430437
43000000	0.07946312830522656
43040000	0.08327434662282467
43080000	0.08449377546608448
43120000	0.08310802216529846
43160000	0.08552088248357177
43200000	0.0894878362737596
43240000	0.08862939268499613
43280000	0.0894941060230136
43320000	0.08685483501404524
43360000	0.08822511860653758
43400000	0.08673369993194938
43440000	0.08945721267387272
43480000	0.08799731993675232
43520000	0.08429248575270176
43560000	0.08057284395284951
43600000	0.08048002403117717
43640000	0.08135066819041967
43680000	0.08024694436118007
43720000	0.08457869327738882
43760000	0.08359876191839576
43800000	0.08574178153946996
43840000	0.08671715458929538
43880000	0.084424729988724
43920000	0.08407106201052665
43960000	0.08350261399634182
44000000	0.08320310031920672
44040000	0.08429531101994217
44080000	0.08676938908547163
44120000	0.08464298882186413
44160000	0.08578470068238675
44200000	0.08512763363718986
44240000	0.08194185358360409
44280000	0.08633310496285558
44320000	0.08633438781872392
44360000	0.0855801768667996
44400000	0.08538945750147105
44440000	0.08657595105171204
44480000	0.0916534977376461
44520000	0.08767686269655824
44560000	0.086041757915169
44600000	0.08222700929977
44640000	0.0886909658320248
44680000	0.08796230013370514
44720000	0.08667811760082841
44760000	0.08626298585496843
44800000	0.08007588558085263
44840000	0.0825718811482191
44880000	0.08508978436663747
44920000	0.08365155370086431
44960000	0.08770571861043572
45000000	0.08537127459421753
45040000	0.0857468966215849
45080000	0.08693618261888623
45120000	0.08180947427451611
45160000	0.0876751554735005
45200000	0.08369956992045045
45240000	0.08633154143765569
45280000	0.09273619600310921
45320000	0.09369240709841252
45360000	0.08898955487906933
45400000	0.09172248052060604
45440000	0.09189165024831891
45480000	0.09242475581467152
45520000	0.0849329234007746
45560000	0.09125133519023657
45600000	0.09453817649409176
45640000	0.08693225129917263
45680000	0.08369187737628818
45720000	0.08749133924618363
45760000	0.08858364736884833
45800000	0.08344641282521188
45840000	0.08812336666807533
45880000	0.08781235883161426
45920000	0.09418052932843565
45960000	0.09077660430446267
46000000	0.08647857201658189
46040000	0.08514802472442388
46080000	0.08988789903149008
46120000	0.0950968226313591
46160000	0.09098475258350372
46200000	0.08655646694898605
46240000	0.09115980443358421
46280000	0.08723699855059386
46320000	0.08642816752418876
46360000	0.07888073981851339
46400000	0.08067600633949042
46440000	0.08465263578742742
46480000	0.07840309448316693
46520000	0.07890522908568383
46560000	0.08170417880862951
46600000	0.07962159589007496
46640000	0.08135648720748723
46680000	0.08201819304302335
46720000	0.08080013838112354
46760000	0.08070948967635631
46800000	0.08013928473070264
46840000	0.08341083838790656
46880000	0.08903442966043949
46920000	0.08530543021559715
46960000	0.07886206806898118
47000000	0.07874660110399127
47040000	0.08069364849850535
47080000	0.08390520827621221
47120000	0.08503680126518011
47160000	0.08556742571517825
47200000	0.08360336776077747
47240000	0.08542647798582911
47280000	0.08535618223845959
47320000	0.08259530383199454
47360000	0.08399868832826614
47400000	0.08145878743156791
47440000	0.08094398236051202
47480000	0.0811735644981265
47520000	0.08413461074903607
47560000	0.08147830433547497
47600000	0.08239748942404986
47640000	0.07777928986400366
47680000	0.07663464172333478
47720000	0.07944027532413601
47760000	0.08391304248347878
47800000	0.08338033383004367
47840000	0.0785271264642477
47880000	0.07773724334836006
47920000	0.07621795346848667
47960000	0.07577563792094588
48000000	0.07786844016835094
48040000	0.07645405825525523
48080000	0.07598334232755005
48120000	0.08308616856262088
48160000	0.07910800076723098
48200000	0.08127569654732943
48240000	0.07984344432651996
48280000	0.07690656397640705
48320000	0.08055347457677126
48360000	0.07922381594330072
48400000	0.08032778314575553
48440000	0.08204547784402967
48480000	0.07973903194144367
48520000	0.08058274628296494
48560000	0.08264173741489649
48600000	0.07953843303769827
48640000	0.07692403266727925
48680000	0.07548980943486094
48720000	0.07855600688830018
48760000	0.08137307588905096
48800000	0.07746756777875126
48840000	0.07395933935791255
48880000	0.07495316733121872
48920000	0.07904967177286744
48960000	0.08003830685392022
49000000	0.08223911012783647
49040000	0.08049048331603408
49080000	0.0853867378756404
49120000	0.07966196333691478
49160000	0.08068756278157234
49200000	0.08089467211514711
49240000	0.08021579921543598
49280000	0.07826179925650358
49320000	0.07971817807108164
49360000	0.08287901737168431
49400000	0.08157507960014045
49440000	0.08173859820924699
49480000	0.08042435229755938
49520000	0.07640636996179818
49560000	0.07834872667342424
49600000	0.08069751016572117
49640000	0.08182135413438081
49680000	0.08333348639085889
49720000	0.07976411609575153
49760000	0.07788753503933549
49800000	0.07346803383827209
49840000	0.07531748227700591
49880000	0.07709013602361083
49920000	0.0780201400578022
49960000	0.08082428520470858
50000000	0.07831750544384122
50040000	0.07732078545168042
50080000	0.0771939052466303
50120000	0.07580221142992377
50160000	0.07558017951920629
50200000	0.07984717884212732
50240000	0.07685738518834113
50280000	0.07374942944645882
50320000	0.07803978793174028
50360000	0.08003763742484152
50400000	0.08135776207149029
50440000	0.07767521129176021
50480000	0.07354082463160157
50520000	0.07258724394477904
50560000	0.07504742829278112
50600000	0.07562841944396496
50640000	0.07685253419652581
50680000	0.07631229457706212
50720000	0.07814651489853859
50760000	0.07563434904143214
50800000	0.07560553771592676
50840000	0.07353905421867966
50880000	0.07408079237863421
50920000	0.07452390335276723
50960000	0.0740204762749374
51000000	0.07376154687665402
51040000	0.0735386568248272
51080000	0.07639502941332757
51120000	0.07414831631779671
51160000	0.07505955530330538
51200000	0.07746406656131148
51240000	0.07313083283528686
51280000	0.07542641931176186
51320000	0.07268004908077419
51360000	0.07150950958915055
51400000	0.0734980735078454
51440000	0.07281564262136817
51480000	0.07376980157457293
51520000	0.07340674232244492
51560000	0.07477719209119678
51600000	0.07369216691888869
51640000	0.0800111850425601
51680000	0.08199659934788943
51720000	0.07309104452803732
51760000	0.072292282345891
51800000	0.07073686710447073
51840000	0.06955930009335279
51880000	0.0718064707800746
51920000	0.06820650733560324
51960000	0.07440114588215947
52000000	0.07559655668362975
52040000	0.07217012356743216
52080000	0.07335632048696279
52120000	0.07391703637689352
52160000	0.07121792427562178
52200000	0.0735891595967114
52240000	0.0740859282463789
52280000	0.07426333232596517
52320000	0.0749546410113573
52360000	0.07299948340468108
52400000	0.0749030654527247
52440000	0.071863632401824
52480000	0.07306433160826564
52520000	0.07591033814027906
52560000	0.07293490323647857
52600000	0.0724477164581418
52640000	0.07256507184654475
52680000	0.07314697770923376
52720000	0.0705692181598395
52760000	0.07236423311755061
52800000	0.06665326757393777
52840000	0.06996154784485697
52880000	0.07247656499147415
52920000	0.07480126153230666
52960000	0.07102843849174678
53000000	0.0705433967679739
53040000	0.07188233680501581
53080000	0.06893066901229322
53120000	0.06949401850551366
53160000	0.06984909375682473
53200000	0.06975427985489369
53240000	0.07225758192576467
53280000	0.07161097600311041
53320000	0.06778519956842065
53360000	0.06926687598787248
53400000	0.06837680911980569
53440000	0.06781494125723839
53480000	0.07024389240853489
53520000	0.07114019443541765
53560000	0.07111992843672633
53600000	0.0727625954542309
53640000	0.07105639185458422
53680000	0.07084737327210605
53720000	0.06684525545574725
53760000	0.06880873622894287
53800000	0.07136296107023954
53840000	0.06823060705773533
53880000	0.06793140042312443
53920000	0.06797609133049845
53960000	0.06806169176399708
54000000	0.0684606707457453
54040000	0.07163748047053814
54080000	0.07299432883672416
54120000	0.0699014608360827
54160000	0.06760726835466921
54200000	0.07041864191964269
54240000	0.06794648408107459
54280000	0.07072555684968829
54320000	0.07277188350707292
54360000	0.06678246752358973
54400000	0.06431182326823473
54440000	0.06892713099531829
54480000	0.07099239144101739
54520000	0.07242894649393856
54560000	0.07444568802267312
54600000	0.07408816150613129
54640000	0.07361257677674293
54680000	0.07033961521610618
54720000	0.07103723420910538
54760000	0.06826973183602095
54800000	0.07151321950256824
54840000	0.07562278031371533
54880000	0.07597008090205491
54920000	0.06970671826675534
54960000	0.07289488809257745
55000000	0.06886111270189285
55040000	0.06872534362263978
55080000	0.06940274570062757
55120000	0.06916876720786094
55160000	0.06995796031989157
55200000	0.07218673505336046
55240000	0.06667751489393413
55280000	0.06784624662995338
55320000	0.0685864647641778
55360000	0.06597014196701348
55400000	0.06538542754426599
55440000	0.06952532766014338
55480000	0.07069265467152
55520000	0.07035356968902051
55560000	0.06717718034908175
55600000	0.06634638728499413
55640000	0.0708043793015182
55680000	0.07065531972050666
55720000	0.0686542658381164
55760000	0.07040124066583812
55800000	0.0694011123597622
55840000	0.06792364723235368
55880000	0.06749345162585378
55920000	0.07102121773660183
55960000	0.06994604414179921
56000000	0.06705626710802316
56040000	0.06944791330173612
56080000	0.06863087836429477
56120000	0.07010095756649971
56160000	0.07020214626938105
56200000	0.07058010464981199
56240000	0.06874517314322293
56280000	0.06631250000968575
56320000	0.06798911997005344
56360000	0.0688570179283619
56400000	0.06335914066694677
56440000	0.06466958493292331
56480000	0.06784322748817503
56520000	0.06576127421557904
56560000	0.06756058884300292
56600000	0.06599947720244527
56640000	0.06918820808455348
56680000	0.07017597459107637
56720000	0.06712043715342879
56760000	0.06743891793787479
56800000	0.06929166884720325
56840000	0.06503214486092329
56880000	0.07010593107715249
56920000	0.06651415459029376
56960000	0.06687114567421376
57000000	0.06898394763544202
57040000	0.06789123314656317
57080000	0.06824604394584895
57120000	0.06818744751140475
57160000	0.07058528198860586
57200000	0.07112089718207718
57240000	0.06743551334775984
57280000	0.06786017240509391
57320000	0.07105589679181576
57360000	0.06843816631995142
57400000	0.0671161262061447
57440000	0.07133736970871687
57480000	0.07197521237395704
57520000	0.07036061859317123
57560000	0.0681301599573344
57600000	0.07174112481474876
57640000	0.07006864598169923
57680000	0.07025034012235701
57720000	0.06844794513992965
57760000	0.06719688453003764
57800000	0.06991258968673647
57840000	0.06571929306872189
57880000	0.06923166600987316
57920000	0.06869791286885739
57960000	0.06930854585841298
58000000	0.06910045734867454
58040000	0.06822731998749078
58080000	0.06679772993661463
58120000	0.06778954609930515
58160000	0.07096455015912652
58200000	0.0683827628199011
58240000	0.06996352651230991
58280000	0.067341273663193
58320000	0.06744356554485857
58360000	0.06770157767869532
58400000	0.06632836013548077
58440000	0.07076622047051788
58480000	0.06710910822302103
58520000	0.0671514526180923
58560000	0.07096276940777897
58600000	0.0676570416919887
58640000	0.06849738559797407
58680000	0.0693854777649045
58720000	0.06647147640734911
58760000	0.0657198264863342
58800000	0.0677007344532758
58840000	0.067062244553864
58880000	0.07088886338621378
58920000	0.0683798482041806
58960000	0.06848856145516038
59000000	0.06662848123274744
59040000	0.0656238437615335
59080000	0.06798170281276107
59120000	0.06755288760438562
59160000	0.06689947699010372
59200000	0.06805963101014495
59240000	0.06622554604411125
59280000	0.06475249424502254
59320000	0.06566014869324863
59360000	0.06492610992789269
59400000	0.06708361192271113
59440000	0.06808731899783015
59480000	0.06726548987366258
59520000	0.06816888567321003
59560000	0.0664830357708037
59600000	0.06439509815238416
59640000	0.0690736256506294
59680000	0.06520858191624283
59720000	0.06851953585259617
59760000	0.0679194956023246
59800000	0.06724607407152652
59840000	0.06670704821199179
59880000	0.06615356852076948
59920000	0.06627950241193176
59960000	0.06330526886060833
60000000	0.0664901632051915
60040000	0.06706027177646756
60080000	0.0671726109649986
60120000	0.06812732786033303
60160000	0.06951542288661003
60200000	0.0694772432424128
60240000	0.06708593085482717
60280000	0.07126879368647933
60320000	0.06843180094920098
60360000	0.06734008653983474
60400000	0.06847358475215733
60440000	0.06703441794924438
60480000	0.06944656962417066
60520000	0.06928837206028401
60560000	0.06928465485386551
60600000	0.06754421671181918
60640000	0.06858758119121194
60680000	0.06537033239156008
60720000	0.06356433322504162
60760000	0.06617451507225633
60800000	0.06496365108750761
60840000	0.07005265573561191
60880000	0.06697151646837592
60920000	0.06922832678183913
60960000	0.06423300800696015
61000000	0.0681948116865009
61040000	0.06500988045893609
61080000	0.06575622754283249
61120000	0.066971151753515
61160000	0.06482631896585227
61200000	0.07162792920656502
61240000	0.06491481288261712
61280000	0.06491723307445646
61320000	0.06555122215971351
61360000	0.06201374590359628
61400000	0.06456391782239079
61440000	0.0635725551828742
61480000	0.06811169723495841
61520000	0.06377976244203747
61560000	0.06411699599400163
61600000	0.06441143920011819
61640000	0.06383208836317063
61680000	0.06593041438758374
61720000	0.06754027753956617
61760000	0.06085804423168301
61800000	0.060275246365740894
61840000	0.0652445400197059
61880000	0.06607841653488576
61920000	0.06403817134276032
61960000	0.0665254652749747
62000000	0.06333531025052071
62040000	0.06219485163390637
62080000	0.06253437004946172
62120000	0.0607003268994391
62160000	0.06323833362646401
62200000	0.0654388915643096
62240000	0.0636220424246043
62280000	0.06561019781567157
62320000	0.0643927841372788
62360000	0.06365854709856213
62400000	0.06250315364673734
62440000	0.06502132540792227
62480000	0.0641644139252603
62520000	0.06340333127118647
62560000	0.06393031666874885
62600000	0.06872603016011417
62640000	0.06572740711346269
62680000	0.06302095007933677
62720000	0.06247208019942045
62760000	0.06400612226612866
62800000	0.06100191807895899
62840000	0.06322654064334929
62880000	0.06432553261741995
62920000	0.06705089520439506
62960000	0.06510382190272213
63000000	0.06341417480818927
63040000	0.06267750468999148
63080000	0.06355087109357119
63120000	0.06654921169355511
63160000	0.0645362484946847
63200000	0.069432405526191
63240000	0.06422801018171012
63280000	0.06189314221069217
63320000	0.06395880685821176
63360000	0.06385743948295712
63400000	0.06457887613810599
63440000	0.06555179312042891
63480000	0.06723481075279415
63520000	0.06519790614396334
63560000	0.06403463200889528
63600000	0.06403836119733751
63640000	0.06332487687170506
63680000	0.06469144235216082
63720000	0.06273264083899557
63760000	0.0643718699671328
63800000	0.06272419131621719
63840000	0.06452906674668193
63880000	0.06623371687009931
63920000	0.06803605053797364
63960000	0.0661729847714305
64000000	0.06581446178592741
64040000	0.06752308380492032
64080000	0.06508790037296712
64120000	0.06385634136870504
64160000	0.06528908485993742
64200000	0.0665846650827676
64240000	0.06691567320227623
64280000	0.06825528836734593
64320000	0.06738956499919295
64360000	0.06491328083388508
64400000	0.06987661503180861
64440000	0.06743979841135442
64480000	0.07005793425142764
64520000	0.0659878441490233
64560000	0.07079276411086322
64600000	0.06623727849088609
64640000	0.06516637218408286
64680000	0.06585900426991284
64720000	0.06567781416326761
64760000	0.0681090055834502
64800000	0.06825863320417702
64840000	0.06617033253721893
64880000	0.06733341471366584
64920000	0.06863117052540182
64960000	0.06815299099572003
65000000	0.06555514583736657
65040000	0.06648531877584755
65080000	0.06536149776391685
65120000	0.07187769298031926
65160000	0.07256260314770042
65200000	0.068550906964764
65240000	0.06896571704372764
65280000	0.06570104074776173
65320000	0.06803747086450458
65360000	0.06701714258417488
65400000	0.06845683082565665
65440000	0.069227468200773
65480000	0.07145968276746571
65520000	0.06600681316815317
65560000	0.06794409426935018
65600000	0.06613869547210634
65640000	0.06405949931815266
65680000	0.06611790057271719
65720000	0.06371320580989122
65760000	0.06850026602596045
65800000	0.0639145842961967
65840000	0.06337438115701079
65880000	0.062155109568312765
65920000	0.06394757710546255
65960000	0.06517361687086523
66000000	0.06563061735704541
66040000	0.06501845047362148
66080000	0.0645505196209997
66120000	0.06536837492100894
66160000	0.06387410041838884
66200000	0.06502472638227046
66240000	0.0627285295072943
66280000	0.06170811261460185
66320000	0.06448058519139886
66360000	0.06528792039528489
66400000	0.06223664515055716
66440000	0.060726584157720205
66480000	0.061676030652970074
66520000	0.0641077755279839
66560000	0.06362236970067024
66600000	0.06340749258622527
66640000	0.06331231063045561
66680000	0.06411575427651406
66720000	0.06431322886161506
66760000	0.06437807663865387
66800000	0.06282895472235978
66840000	0.0635023522671312
66880000	0.06170921143181622
66920000	0.06207139721550047
66960000	0.06428103384636343
67000000	0.061919630869477986
67040000	0.06218848112747073
67080000	0.06326925775036216
67120000	0.06297049337513745
67160000	0.06277497664391994
67200000	0.06503219143562018
67240000	0.06067687841579318
67280000	0.06298820775672793
67320000	0.06415384851694107
67360000	0.06281068497560918
67400000	0.06526138846799731
67440000	0.06430406257733702
67480000	0.06428818980082869
67520000	0.0625883946955204
67560000	0.06001238986104727
67600000	0.06359939758591354
67640000	0.06319322648458182
67680000	0.0613082021150738
67720000	0.05914956464618444
67760000	0.06206273451969028
67800000	0.062069413075968624
67840000	0.06171810360141099
67880000	0.06179263873398304
67920000	0.06215779150426388
67960000	0.06341476825475693
68000000	0.06185489610247314
68040000	0.06276724105328321
68080000	0.06240062119103968
68120000	0.06488717578686774
68160000	0.06184356299526989
68200000	0.06188027396798134
68240000	0.06097493331991136
68280000	0.06516538529247046
68320000	0.06282313895076513
68360000	0.06520187553800642
68400000	0.0657704659551382
68440000	0.06426868606843054
68480000	0.06237243767417967
68520000	0.062467011223733424
68560000	0.06387212585620582
68600000	0.062184958780929445
68640000	0.06498032774552703
68680000	0.0663153675287962
68720000	0.06617173106744885
68760000	0.06331512580215931
68800000	0.06412902569659054
68840000	0.06302533760219813
68880000	0.06456947407834232
68920000	0.06263593549728394
68960000	0.0645263510402292
69000000	0.06052054739519954
69040000	0.061981382931396364
69080000	0.06157707378678024
69120000	0.06431779056191445
69160000	0.06564358236044646
69200000	0.06521400152258575
69240000	0.0637180135909468
69280000	0.06427340040020645
69320000	0.06456624771952629
69360000	0.06253881040662528
69400000	0.0643452800527215
69440000	0.06251269531436264
69480000	0.06167432066723704
69520000	0.06345285339131951
69560000	0.0648434082724154
69600000	0.06579901955649256
69640000	0.06308203848525881
69680000	0.06238952895514667
69720000	0.06310266816467047
69760000	0.060248090351372956
69800000	0.06298217251561582
69840000	0.061461168040707705
69880000	0.06139161848127842
69920000	0.065135963030532
69960000	0.06345306034386158
70000000	0.06025689098909497
70040000	0.06403285415694117
70080000	0.06306330205723644
70120000	0.0623171128205955
70160000	0.0625241064183414
70200000	0.0627781669177115
70240000	0.06171334903202951
70280000	0.06353504825010896
70320000	0.06352341139093041
70360000	0.06319219968728722
70400000	0.06159319794885814
70440000	0.06275959087088705
70480000	0.062295408023521306
70520000	0.06634478890933096
70560000	0.06812887608930468
70600000	0.061123313732072714
70640000	0.0644434964209795
70680000	0.060771096345037225
70720000	0.06204367091059685
70760000	0.06251832764111459
70800000	0.06772544828951359
70840000	0.06460503783151507
70880000	0.06435391520857811
70920000	0.06490143035799265
70960000	0.0626091896828264
71000000	0.06324914075694978
71040000	0.06299958481118083
71080000	0.06059102034382522
71120000	0.06577158784158528
71160000	0.0645059919539839
71200000	0.06568909954950214
71240000	0.06180530070625245
71280000	0.06162772013656795
71320000	0.06135573312975466
71360000	0.06124845839627087
71400000	0.06488899085372686
71440000	0.06351694250404835
71480000	0.06394412326589227
71520000	0.06789464111700654
71560000	0.06267246189452708
71600000	0.06070988294035196
71640000	0.06200318737439811
71680000	0.06323216756172478
71720000	0.0651108523670584
71760000	0.06577154690846801
71800000	0.06291108263283968
71840000	0.06144061894491315
71880000	0.06073764863722026
71920000	0.06425710548982025
71960000	0.06013857913017273
72000000	0.061340493477135896
72040000	0.0628161868698895
72080000	0.06197875778488815
72120000	0.06317398145981133
72160000	0.06130670001283288
72200000	0.06580602262206375
72240000	0.06206353535763919
72280000	0.06170587934479117
72320000	0.06760901101380587
72360000	0.06311493945457042
72400000	0.06018633217252791
72440000	0.06274116052314639
72480000	0.06221314069628715
72520000	0.0632847815785557
72560000	0.06004596910849214
72600000	0.061628409718722105
72640000	0.06052103635855019
72680000	0.0611177278984338
72720000	0.06066893910728395
72760000	0.061371428295224906
72800000	0.06181925093047321
72840000	0.060280369890853766
72880000	0.05971898215301335
72920000	0.06383252976872027
72960000	0.06753787505701184
73000000	0.0640636255696416
73040000	0.06339005709514021
73080000	0.06180071413107217
73120000	0.061000556054711344
73160000	0.06159436985552311
73200000	0.06134864351972938
73240000	0.06099379467591643
73280000	0.05954098715446889
73320000	0.060455771708860996
73360000	0.05863870539925992
73400000	0.05937872748039663
73440000	0.059675856828689575
73480000	0.06020742569752038
73520000	0.06009916789680719
73560000	0.05916230861395597
73600000	0.05938767035715282
73640000	0.0589360137745738
73680000	0.06052722413390875
73720000	0.06152724509947002
73760000	0.061154826150462034
73800000	0.059777964654937385
73840000	0.05981533359289169
73880000	0.060228080416470764
73920000	0.0596184410110116
73960000	0.06007571117691696
74000000	0.05962469501495361
74040000	0.05588362885080278
74080000	0.0587419876717031
74120000	0.059974333408847454
74160000	0.057985308683663604
74200000	0.05841937341839075
74240000	0.0576093800637871
74280000	0.06052408338673413
74320000	0.06247340727597475
74360000	0.060122170070558784
74400000	0.061236556077748534
74440000	0.06184478810019791
74480000	0.06338246921114624
74520000	0.0598699622604996
74560000	0.0584021144784987
74600000	0.058258348536491394
74640000	0.06186744007207453
74680000	0.05995096741989255
74720000	0.05974454035572708
74760000	0.06223849034383893
74800000	0.059477743166312574
74840000	0.06075964253246784
74880000	0.058342964953556654
74920000	0.05672733878791332
74960000	0.059241681579872967
75000000	0.061589535199850796
75040000	0.05955896706953645
75080000	0.05935242211148143
75120000	0.05677022166438401
75160000	0.05742295793257654
75200000	0.06029747457690537
75240000	0.058145614232122896
75280000	0.058469162605330346
75320000	0.0586318778436631
75360000	0.06077889993488789
75400000	0.05984331024065614
75440000	0.06057565075159073
75480000	0.06102017759755254
75520000	0.05903151948563755
75560000	0.061796612506359816
75600000	0.06223982342481613
75640000	0.05681259553283453
75680000	0.05764863509349525
75720000	0.0565683746021241
75760000	0.05817509475722909
75800000	0.059949224229156974
75840000	0.0606001457516104
75880000	0.05919644372165203
75920000	0.05787804440297186
75960000	0.058030185233056544
76000000	0.05672240629456937
76040000	0.05731856293492019
76080000	0.059442774764075876
76120000	0.0605183149561286
76160000	0.05913590963333845
76200000	0.059675347013771536
76240000	0.058219174902141096
76280000	0.058912257528305055
76320000	0.06194386240616441
76360000	0.05887939311340451
76400000	0.05780840724669397
76440000	0.057134277170524
76480000	0.057717246110364794
76520000	0.05976230909265578
76560000	0.05892685739174485
76600000	0.06044044866859913
76640000	0.05956336171813309
76680000	0.0580134442511946
76720000	0.05820970835313201
76760000	0.057779694835469124
76800000	0.058757638283073906
76840000	0.057243022180721165
76880000	0.059078317095711826
76920000	0.05841574469618499
76960000	0.060733455190435055
77000000	0.0570491477265954
77040000	0.05855654467865825
77080000	0.058870016659796236
77120000	0.058297768864780664
77160000	0.05965939081683755
77200000	0.058870537674427036
77240000	0.06016796228252351
77280000	0.06121072064563632
77320000	0.06026328397579491
77360000	0.05951409338079393
77400000	0.06101492595635354
77440000	0.06212915213853121
77480000	0.05885747144892812
77520000	0.0620718074567616
77560000	0.059883978908509015
77600000	0.05818432626761496
77640000	0.05891924213469028
77680000	0.06102712859660387
77720000	0.06033575750328601
77760000	0.06213284850381315
77800000	0.05744185306429863
77840000	0.05713076597452164
77880000	0.060474591204896566
77920000	0.06051598290242255
77960000	0.05873298533111811
78000000	0.05783917392380536
78040000	0.0621718921110034
78080000	0.06064780381694436
78120000	0.05999147020801902
78160000	0.05719027738459408
78200000	0.05690898124165833
78240000	0.058954793512448665
78280000	0.057083035025373104
78320000	0.0597369872238487
78360000	0.05719353280179203
78400000	0.06432027829438448
78440000	0.060358119775354865
78480000	0.061977688139304515
78520000	0.05931583679839968
78560000	0.05847757707834244
78600000	0.058194705717638136
78640000	0.05956697358042002
78680000	0.061849133884906767
78720000	0.06304352000914513
78760000	0.06104779246076941
78800000	0.06220011340789497
78840000	0.06354316473267972
78880000	0.05910035776905716
78920000	0.060242041253298524
78960000	0.056062960561737415
79000000	0.05842281988151372
79040000	0.060911602367088195
79080000	0.06069303545095026
79120000	0.059843375647813085
79160000	0.05961051216125488
79200000	0.05865674132630229
79240000	0.06268303721733391
79280000	0.06459954803958536
79320000	0.061697736939042805
79360000	0.062127343111857775
79400000	0.062226929526403546
79440000	0.061386035429686306
79480000	0.05901331168524921
79520000	0.062387583034858106
79560000	0.06235729707814753
79600000	0.06208208172284067
79640000	0.06012798698320985
79680000	0.06106070813909173
79720000	0.05947519307844341
79760000	0.05944168828316033
79800000	0.058775516935065386
79840000	0.06259034010432661
79880000	0.058833778029680255
79920000	0.05948775006681681
79960000	0.05983769719302654
80000000	0.0619706244289875
80040000	0.059888843825086954
80080000	0.057892115829139945
80120000	0.05833734053708613
80160000	0.06070469553656876
80200000	0.06271335351988673
80240000	0.0575953274525702
80280000	0.06031985266655684
80320000	0.058746514173597095
80360000	0.058721215816959736
80400000	0.060807202831283214
80440000	0.05824774442128837
80480000	0.05875187115557492
80520000	0.0586636296518147
80560000	0.05759739072360098
80600000	0.05625484095588326
80640000	0.054344807943701744
80680000	0.05761771337836981
80720000	0.056670171463117
80760000	0.0552381024621427
80800000	0.05701105557195842
80840000	0.05961194652915001
80880000	0.05783949049860239
80920000	0.056719529860839245
80960000	0.05917963641323149
81000000	0.05659628762118518
81040000	0.05914646703414619
81080000	0.05732324520945549
81120000	0.059715903260558846
81160000	0.05878097529485822
81200000	0.055415336893871424
81240000	0.05818903753906488
81280000	0.05492486870884895
81320000	0.058653617991507055
81360000	0.05629948126599193
81400000	0.06006664268225431
81440000	0.05779643534831703
81480000	0.05847543660923839
81520000	0.05724565768390894
81560000	0.05460576657131314
81600000	0.05642910162582993
81640000	0.05765452139265835
81680000	0.054703013694658874
81720000	0.055116601468622684
81760000	0.05728172744177282
81800000	0.056278920138254765
81840000	0.05917419472560286
81880000	0.05813414561711252
81920000	0.05799041590280831
81960000	0.06109693572074175
82000000	0.0577277274556458
82040000	0.055922940069064495
82080000	0.05693582883141935
82120000	0.056400815734639766
82160000	0.056791915642470124
82200000	0.058394054528325794
82240000	0.06144528518691659
82280000	0.0574964043032378
82320000	0.055293559182062746
82360000	0.057897630052641036
82400000	0.0553739100266248
82440000	0.05833413402251899
82480000	0.05651928631514311
82520000	0.05827369973696768
82560000	0.05842045607082546
82600000	0.05803697474077344
82640000	0.05798777576163411
82680000	0.05601437056288123
82720000	0.05829731004163623
82760000	0.056867056837677954
82800000	0.056712857328355314
82840000	0.05908502538092435
82880000	0.05773304749913514
82920000	0.05741494664214551
82960000	0.058655897876992824
83000000	0.05927995016239584
83040000	0.06065791651383042
83080000	0.055802366199344394
83120000	0.055396576839312914
83160000	0.05735408613532782
83200000	0.059030719661712645
83240000	0.05760163407623768
83280000	0.06016436873227358
83320000	0.05846877254769206
83360000	0.056273627802729605
83400000	0.057472484645619985
83440000	0.0590188235681504
83480000	0.057401015392318365
83520000	0.061849157800525426
83560000	0.059932500942796466
83600000	0.05681302721649408
83640000	0.0577991207242012
83680000	0.05959287653118372
83720000	0.05917282256297767
83760000	0.05566109547391534
83800000	0.05882690933868289
83840000	0.05747121837101877
83880000	0.058300463157892224
83920000	0.054640604604408144
83960000	0.057723413364589214
84000000	0.05573103964813054
84040000	0.055507383073866365
84080000	0.055273273447155956
84120000	0.06127505989931524
84160000	0.056979183492437004
84200000	0.0571430511791259
84240000	0.05718817591033876
84280000	0.0577693235617131
84320000	0.05738645770102739
84360000	0.05567332714162767
84400000	0.05523019122183323
84440000	0.057607711924239996
84480000	0.0563134283516556
84520000	0.05545843409374356
84560000	0.05655873475112021
84600000	0.060743399438634514
84640000	0.05909420800879598
84680000	0.057102141073718665
84720000	0.05859060980901122
84760000	0.05882544885277748
84800000	0.05540711890719831
84840000	0.0577522065795958
84880000	0.06031522174887359
84920000	0.060318024312332276
84960000	0.057939709236845376
85000000	0.056770826207101346
85040000	0.05764555639065802
85080000	0.05895911812037229
85120000	0.05900284132473171
85160000	0.05874757417403161
85200000	0.06187255578413606
85240000	0.057464613932371136
85280000	0.05832087641619146
85320000	0.058450813234224915
85360000	0.05408779021725058
85400000	0.05751627147756517
85440000	0.056910271338373425
85480000	0.059644718990847466
85520000	0.05811268049404025
85560000	0.05787309701777995
85600000	0.055496144195646045
85640000	0.05758181602060795
85680000	0.06023356757834554
85720000	0.05897867474965751
85760000	0.05902906689569354
85800000	0.061389063837751744
85840000	0.05505106694810093
85880000	0.060362241570279
85920000	0.057110598182678225
85960000	0.060934133191406725
86000000	0.05835274771079421
86040000	0.05919567110575735
86080000	0.05785015114173293
86120000	0.05989542410671711
86160000	0.05849361980892718
86200000	0.0590428162317723
86240000	0.06107992349863053
86280000	0.05949700981900096
86320000	0.06064222645387053
86360000	0.06058747937679291
86400000	0.05609183698780835
86440000	0.05815096989572048
86480000	0.05718332587666809
86520000	0.05739745875187218
86560000	0.0577979475915432
86600000	0.05923100607804954
86640000	0.05961580492518842
86680000	0.0608628069922328
86720000	0.061370405864343044
86760000	0.0581197093911469
86800000	0.057750931265950205
86840000	0.05791702339313924
86880000	0.056850355692580345
86920000	0.05910379671640694
86960000	0.05815200626961887
87000000	0.05846939043477178
87040000	0.05797289405427873
87080000	0.05638927550390363
87120000	0.055908190382272
87160000	0.06013169908970594
87200000	0.059068102147057655
87240000	0.05684385102316737
87280000	0.05608099836409092
87320000	0.05766317398808896
87360000	0.0602431209422648
87400000	0.058821059738099576
87440000	0.05607594415694475
87480000	0.057525438741594555
87520000	0.0570329091578722
87560000	0.058738782023265955
87600000	0.05649537688530982
87640000	0.05583745439685881
87680000	0.05966640274599194
87720000	0.05816345972977579
87760000	0.05898990061432123
87800000	0.05693225784115493
87840000	0.06125508699566126
87880000	0.061578160779550674
87920000	0.06124331455975771
87960000	0.062396063891798255
88000000	0.05858650455251336
88040000	0.0611524939738214
88080000	0.06053118686154485
88120000	0.062039122642576695
88160000	0.06374760025627911
88200000	0.05801219907999039
88240000	0.05778641038760543
88280000	0.057212911722436546
88320000	0.05831700814291835
88360000	0.05810377200767398
88400000	0.059701748652756216
88440000	0.058366962883993984
88480000	0.058582869093865154
88520000	0.059653604903072116
88560000	0.060965552993863824
88600000	0.06019570694640279
88640000	0.05758263376057148
88680000	0.05949892908334732
88720000	0.06120988694913685
88760000	0.058022984758391974
88800000	0.060828386140987276
88840000	0.06418091169148683
88880000	0.06005520748011768
88920000	0.06285983728244901
88960000	0.06233050532266498
89000000	0.059635404793918136
89040000	0.060104106853529814
89080000	0.059387003871798516
89120000	0.06195783234201371
89160000	0.061247982455790044
89200000	0.06003899697512388
89240000	0.059702501494064926
89280000	0.05486682393550873
89320000	0.058913083404675125
89360000	0.05762924091927707
89400000	0.05634776321835816
89440000	0.05874452963918447
89480000	0.05827088644988835
89520000	0.05968927265889943
89560000	0.05641726754382253
89600000	0.059588880725950005
89640000	0.058506680617854
89680000	0.05936794678382575
89720000	0.057416392014920714
89760000	0.058641729464009404
89800000	0.05652416692338884
89840000	0.05505255863033235
89880000	0.05883686732314527
89920000	0.05697199336923659
89960000	0.05954798531420529
90000000	0.05749059922657907
90040000	0.05858920746520162
90080000	0.058711018871888516
90120000	0.06042868613824248
90160000	0.05708080545812845
90200000	0.056737998916208746
90240000	0.0589215576954186
90280000	0.05969581114910543
90320000	0.058302028775960205
90360000	0.06031114500910044
90400000	0.05931579092182219
90440000	0.0570016945913434
90480000	0.05989462586119771
90520000	0.05949624807611108
90560000	0.057816743072867396
90600000	0.054893430510535836
90640000	0.060505632442608474
90680000	0.05441671616882086
90720000	0.05750335868857801
90760000	0.055733603193238376
90800000	0.0575261249139905
90840000	0.05891341470219195
90880000	0.055936591298505665
90920000	0.05411044939905405
90960000	0.05849450665898621
91000000	0.05850946595780551
91040000	0.058309771315008405
91080000	0.060049128526449204
91120000	0.05865090194940567
91160000	0.05742820771411061
91200000	0.05680126271992922
91240000	0.06061607992127538
91280000	0.056807388303801415
91320000	0.05576621635593474
91360000	0.059804094999283554
91400000	0.05634483015649021
91440000	0.05685931676402688
91480000	0.059156703719124196
91520000	0.05850083338618278
91560000	0.057319171380251645
91600000	0.05572498854883015
91640000	0.05497394465096295
91680000	0.05819063915461302
91720000	0.06089076840281486
91760000	0.059822310451045635
91800000	0.05950060827843845
91840000	0.05652777913808823
91880000	0.06016865251325071
91920000	0.05875010749325156
91960000	0.0588571462970227
92000000	0.05836179710738361
92040000	0.05962609165608883
92080000	0.060940967044234275
92120000	0.05929437974952161
92160000	0.06366763276569545
92200000	0.06292987673766912
92240000	0.06018750817142427
92280000	0.06448604034520686
92320000	0.06742363905385136
92360000	0.06454269718788565
92400000	0.06791520366482437
92440000	0.06382513952627777
92480000	0.06167153050750494
92520000	0.06426138476729393
92560000	0.06353542789965869
92600000	0.06229322524741292
92640000	0.06152314222119749
92680000	0.06426431149616837
92720000	0.06312279039211571
92760000	0.06430945103839039
92800000	0.06203966154120862
92840000	0.061410197730362416
92880000	0.06315787279978395
92920000	0.06459499961733818
92960000	0.064623411802575
93000000	0.0652437250789255
93040000	0.06111085074208677
93080000	0.059587897040694955
93120000	0.06280067690014839
93160000	0.05865784588381648
93200000	0.058336205688863996
93240000	0.05769521913789213
93280000	0.05943405555561185
93320000	0.06030816947259009
93360000	0.058815896822884677
93400000	0.0603178198043257
93440000	0.05685836229808629
93480000	0.0580201981253922
93520000	0.0599887847121805
93560000	0.06161567986421287
93600000	0.07210837742239237
93640000	0.06156706966683269
93680000	0.05958647677898407
93720000	0.059276404708996415
93760000	0.060190709342435
93800000	0.061561875632032755
93840000	0.05745634187720716
93880000	0.0583182092409581
93920000	0.060790321949496864
93960000	0.05706619003489614
94000000	0.05762224578522146
94040000	0.05831262936033309
94080000	0.05942386076003313
94120000	0.05935594658665359
94160000	0.06344903861172498
94200000	0.06750774789974093
94240000	0.06525720532648266
94280000	0.06213401554040611
94320000	0.06287174366340041
94360000	0.0612770760986954
94400000	0.06357334068305791
94440000	0.06467615402564407
94480000	0.06694426406025887
94520000	0.06519988423362374
94560000	0.06598744282759726
94600000	0.0657622400496155
94640000	0.06616974911019206
94680000	0.06794771613292395
94720000	0.06687139524929225
94760000	0.06711572923585772
94800000	0.0660553032398224
94840000	0.06681034982912243
94880000	0.06455935629159212
94920000	0.06722990291379392
94960000	0.06426858892254532
95000000	0.0637241332732141
95040000	0.06314952144250274
95080000	0.06460885872542858
95120000	0.06487193920202554
95160000	0.06790737860053778
95200000	0.06393922761417925
95240000	0.06671906293965876
95280000	0.06382773638181388
95320000	0.062631727784127
95360000	0.0633378525018692
95400000	0.06391585996225477
95440000	0.06341946595087647
95480000	0.06459048906974495
95520000	0.062388875022903086
95560000	0.06581428742371499
95600000	0.06291086892597378
95640000	0.06445762663669884
95680000	0.06289498881623148
95720000	0.0630602863997221
95760000	0.06026184786707163
95800000	0.058999627272039654
95840000	0.059215391394123434
95880000	0.05850319263637066
95920000	0.06194718133509159
95960000	0.06084215572848916
96000000	0.06339730936400592
96040000	0.06569592837691307
96080000	0.0615960121165961
96120000	0.06348591770753265
96160000	0.06170839560255408
96200000	0.06362271819300949
96240000	0.06430446088835597
96280000	0.060966228829696774
96320000	0.06227982686385512
96360000	0.059799734742566946
96400000	0.06264185466989874
96440000	0.06400829889811575
96480000	0.06020136617049575
96520000	0.05822705985307693
96560000	0.059006863674521445
96600000	0.059836809727177025
96640000	0.059211532332748174
96680000	0.05770865393020213
96720000	0.0616831647541374
96760000	0.06035691299811006
96800000	0.0642975404150784
96840000	0.06066002508699894
96880000	0.0626943121548742
96920000	0.06354070649817586
96960000	0.06386575401835144
97000000	0.06099249123223126
97040000	0.059265214695036414
97080000	0.05730833769403398
97120000	0.06074786492101848
97160000	0.05884473594129085
97200000	0.05979750686399639
97240000	0.05696522091031075
97280000	0.05828732478246093
97320000	0.061122767714783546
97360000	0.0587444202773273
97400000	0.06040162006393075
97440000	0.05966368955560029
97480000	0.05848510766550898
97520000	0.058820268693193796
97560000	0.06095882787294686
97600000	0.05844546385779977
97640000	0.058151990081742405
97680000	0.057349035646393896
97720000	0.061191038463637236
97760000	0.056618099039793014
97800000	0.05652126730643213
97840000	0.056338251016289
97880000	0.060012654089927675
97920000	0.05909298086538911
97960000	0.058122375394776465
98000000	0.06365038463436067
98040000	0.06209037162028253
98080000	0.06130433385930956
98120000	0.05944642602801323
98160000	0.06173402563817799
98200000	0.05924497795403004
98240000	0.05795844230465591
98280000	0.05739357436001301
98320000	0.05710757718253881
98360000	0.05849423422627151
98400000	0.05667514622285962
98440000	0.05782575811482966
98480000	0.05867614241465926
98520000	0.06238610950522125
98560000	0.05995844016000629
98600000	0.061347584868595005
98640000	0.05678787585347891
98680000	0.05634023884050548
98720000	0.05629865592569113
98760000	0.05696782762557268
98800000	0.05675428432449699
98840000	0.05998944226540625
98880000	0.05549278342574835
98920000	0.05716059741489589
98960000	0.0600307876136154
99000000	0.05627338661029935
99040000	0.05717121574394405
99080000	0.060007167631015185
99120000	0.058505630050972104
99160000	0.05732049456238747
99200000	0.05829564542993903
99240000	0.05826895657144487
99280000	0.058047596323490144
99320000	0.05597389828749001
99360000	0.06031415579393506
99400000	0.05744178456030786
99440000	0.058931698453053835
99480000	0.05943308550976217
99520000	0.05957151075862348
99560000	0.056119146536663174
99600000	0.056826229741424324
99640000	0.05615640309974551
99680000	0.0545223578993231
99720000	0.05485450552329421
99760000	0.05672970003299415
99800000	0.05598236264772713
99840000	0.05561162375956774
99880000	0.05669701764658094
99920000	0.05656705096364021
99960000	0.0590297199845314
100000000	0.0579016542263329
