240000	0.021339197002537547
280000	0.044354305649874734
320000	0.0612411763664335
360000	0.07010457906499505
400000	0.08473558497615158
440000	0.11060065397545696
480000	0.12594922915548087
520000	0.1568698869884014
560000	0.1875501312337816
600000	0.20395391134917737
640000	0.23928972765356302
680000	0.25594135119467976
720000	0.2543098350420594
760000	0.23439063256531953
800000	0.2214978066921234
840000	0.2118640197828412
880000	0.2070451204583049
920000	0.2121449620679021
960000	0.20778113720864058
1000000	0.203380297139287
1040000	0.2018102753356099
1080000	0.17638437358811498
1120000	0.20110899737924337
1160000	0.20335403750240802
1200000	0.1963236926138401
1240000	0.18641288827359676
1280000	0.18673558376282454
1320000	0.18186735350042582
1360000	0.19940033491402864
1400000	0.22141424241513014
1440000	0.22273036026358606
1480000	0.24232687856554985
1520000	0.26643845613002776
1560000	0.30790838706344364
1600000	0.31105046859383584
1640000	0.3259220842897892
1680000	0.34547317626923324
1720000	0.37328181916326286
1760000	0.38660934002697467
1800000	0.3569040797919035
1840000	0.3768490284398198
1880000	0.40159690828174355
1920000	0.39039169122725725
1960000	0.3910222816437483
2000000	0.3960617489024997
2040000	0.362216465562582
2080000	0.35076879470199346
2120000	0.3500087642341852
2160000	0.3530261096253991
2200000	0.33533459634631874
2240000	0.3444987763389945
2280000	0.3695099342674017
2320000	0.3657380720302463
2360000	0.3899070534542203
2400000	0.3867815735414624
2440000	0.4047818254947662
2480000	0.41786429922133683
2520000	0.4313376160234213
2560000	0.4264218697711825
2600000	0.4368519558049738
2640000	0.41306360699981454
2680000	0.37358287143558266
2720000	0.3507481509461999
2760000	0.349266369818151
2800000	0.3282227567255497
2840000	0.3307426008030772
2880000	0.327856323954463
2920000	0.319181028162688
2960000	0.3220193228840828
3000000	0.3133344041347504
3040000	0.306902708286047
3080000	0.30356828825846316
3120000	0.28739498513489964
3160000	0.28612009546756745
3200000	0.28109879466369747
3240000	0.2766758930400014
3280000	0.2783200506180525
3320000	0.28135118696540595
3360000	0.29781896175220607
3400000	0.32517242442965505
3440000	0.3029059651762247
3480000	0.28477813511490824
3520000	0.3015493827469647
3560000	0.29790180930942295
3600000	0.3642431577414274
3640000	0.34372737379670143
3680000	0.3134005823425949
3720000	0.27492270482107994
3760000	0.28217199466079473
3800000	0.2829699005998671
3840000	0.2721568499736488
3880000	0.28409807139635085
3920000	0.2826704616814852
3960000	0.29217949631512163
4000000	0.2745771118462086
4040000	0.2834113011687994
4080000	0.26306158233731985
4120000	0.25208671857342124
4160000	0.24702366381585597
4200000	0.26821831679344177
4240000	0.26993130218833683
4280000	0.27583711530715227
4320000	0.2768533793270588
4360000	0.24294673064947128
4400000	0.2331184700794518
4440000	0.2353657944150269
4480000	0.23916032933220266
4520000	0.2419294755794108
4560000	0.24811658735722303
4600000	0.2312423307262361
4640000	0.24185125596374274
4680000	0.2303486013457179
4720000	0.2149123817972839
4760000	0.2275920172378421
4800000	0.22023585296273232
4840000	0.20922848135381936
4880000	0.1969767386369407
4920000	0.18785270477682353
4960000	0.1845309632629156
5000000	0.19110687196776271
5040000	0.216843275244534
5080000	0.22897439458966254
5120000	0.2205274728961289
5160000	0.24624023916162552
5200000	0.2283810349702835
5240000	0.23567157728075983
5280000	0.23560705506056548
5320000	0.20651647408604623
5360000	0.2119643828444183
5400000	0.2109628820449114
5440000	0.19379638596996665
5480000	0.2253797524869442
5520000	0.22283164859712123
5560000	0.2057077342644334
5600000	0.2001699060216546
5640000	0.20682479191347958
5680000	0.21920434798300267
5720000	0.23127202706634997
5760000	0.2346083079740405
5800000	0.2283633780963719
5840000	0.20589215250387788
5880000	0.20013910221979023
5920000	0.19575347600355744
5960000	0.2040749368071556
6000000	0.216389007139951
6040000	0.20599063694104552
6080000	0.21579207301586867
6120000	0.2366717041440308
6160000	0.2305108092047274
6200000	0.22070030695870518
6240000	0.20523641922771932
6280000	0.19915795794799923
6320000	0.18977982473373414
6360000	0.19548981954976916
6400000	0.20874845803752543
6440000	0.20914034792408348
6480000	0.2232866946220398
6520000	0.2123934788890183
6560000	0.20466748731285334
6600000	0.20830286528170108
6640000	0.22501354398056864
6680000	0.18479245243519546
6720000	0.17077429366335273
6760000	0.1692181099846959
6800000	0.17980256696864963
6840000	0.17759731546714902
6880000	0.17956513417437672
6920000	0.18836171889603137
6960000	0.20074647111743688
7000000	0.20477579899579287
7040000	0.1997997964769602
7080000	0.20001142242997885
7120000	0.2021615278147161
7160000	0.1896810961097479
7200000	0.17780299347862602
7240000	0.18765268450006842
7280000	0.16816214883625508
7320000	0.17839197538793086
7360000	0.19066881379261613
7400000	0.17968912922143937
7440000	0.18012718517258763
7480000	0.1850682057760656
7520000	0.17686284332722427
7560000	0.18351154984608292
7600000	0.19250838588550687
7640000	0.19026614036336542
7680000	0.18749586776569485
7720000	0.18521685902103782
7760000	0.18752650269046425
7800000	0.18812664258033038
7840000	0.18532774711176753
7880000	0.17689789305329323
7920000	0.17235376898050309
7960000	0.15661270482987166
8000000	0.16537644665762782
8040000	0.16293499829247593
8080000	0.1646293063737452
8120000	0.16351005625128745
8160000	0.1597832732602954
8200000	0.16631456763744354
8240000	0.16048291157111524
8280000	0.14597579337731004
8320000	0.14299968277588487
8360000	0.15835975899621843
8400000	0.15476785807162524
8440000	0.1636846295982599
8480000	0.15926556913480164
8520000	0.15966493085101247
8560000	0.16188127208203076
8600000	0.18326747364997864
8640000	0.17567554590217768
8680000	0.15744432095140218
8720000	0.167148191973567
8760000	0.1626945660814643
8800000	0.16281515751853584
8840000	0.15848924859389663
8880000	0.15799544134810567
8920000	0.1604460581153631
8960000	0.1422597081594169
9000000	0.15920784826278686
9040000	0.1560918503113091
9080000	0.15809207846224307
9120000	0.15353460875228048
9160000	0.15317579288110136
9200000	0.1494589581914246
9240000	0.15888550071194768
9280000	0.16304458615854384
9320000	0.16451014173179865
9360000	0.159370765594393
9400000	0.1723988628640771
9440000	0.15748480291888117
9480000	0.1721108470186591
9520000	0.1653516889438033
9560000	0.1606011528633535
9600000	0.16282963328659533
9640000	0.1733558432765305
9680000	0.17293775150105356
9720000	0.17236109766289592
9760000	0.15035630957335233
9800000	0.1628011198014021
9840000	0.16086773828193546
9880000	0.16120980728566647
9920000	0.15539430715590716
9960000	0.14393262965455653
10000000	0.147857997700572
10040000	0.1508202046133578
10080000	0.15785328227952122
10120000	0.16404138047657907
10160000	0.15485791242197156
10200000	0.1700430868409574
10240000	0.15182692544609308
10280000	0.1524480202652514
10320000	0.14564225151315333
10360000	0.1469314549230039
10400000	0.155377430280298
10440000	0.15419540344849228
10480000	0.15806080915406345
10520000	0.1594234886288643
10560000	0.17079869089201094
10600000	0.16403723916336893
10640000	0.15845724612921477
10680000	0.17423359827846288
10720000	0.18018804010525347
10760000	0.16677676807120442
10800000	0.17497148790284991
10840000	0.17681451830416917
10880000	0.17690874807089568
10920000	0.17097594517841935
10960000	0.17060101165622474
11000000	0.16837198107019066
11040000	0.16255427496284247
11080000	0.16521835631653667
11120000	0.15624027713313698
11160000	0.15236609144583343
11200000	0.16094056028276682
11240000	0.15422409456521272
11280000	0.17114055282324553
11320000	0.1778877830080688
11360000	0.1608770917519927
11400000	0.14081811606734992
11440000	0.1522156239528209
11480000	0.15114930809475483
11520000	0.1419743024021387
11560000	0.14618830733820795
11600000	0.14462933708876372
11640000	0.14592302412316202
11680000	0.16094588492512704
11720000	0.17212296922802925
11760000	0.17432379684001206
11800000	0.16872293965891003
11840000	0.16075232469812037
11880000	0.16822027415111662
11920000	0.16860259641557931
11960000	0.16388840044662356
12000000	0.17132853039056062
12040000	0.15927666461765766
12080000	0.16122586441114545
12120000	0.15973949819207192
12160000	0.16762106694951653
12200000	0.16067700658142567
12240000	0.1612675994925201
12280000	0.15372495581507684
12320000	0.1455380681104958
12360000	0.14393824840188027
12400000	0.14832625950723888
12440000	0.14775630068853499
12480000	0.1571506515495479
12520000	0.17433964405208827
12560000	0.18074430088847876
12600000	0.16966404447183012
12640000	0.1647584407567978
12680000	0.15570687675774098
12720000	0.15453790134489537
12760000	0.1622636776305735
12800000	0.18037066677734256
12840000	0.1802906685501337
12880000	0.20197431741580368
12920000	0.17519042781963945
12960000	0.173215778721869
13000000	0.168235933778435
13040000	0.16889211750403046
13080000	0.1562613344721496
13120000	0.15164283233806491
13160000	0.13897484696805476
13200000	0.13764523507207632
13240000	0.14598907131180167
13280000	0.13820496428087353
13320000	0.14096203076839448
13360000	0.14695311869904398
13400000	0.1458621025905013
13440000	0.1412346042469144
13480000	0.13698017249256372
13520000	0.1390892022073269
13560000	0.1317113397538662
13600000	0.12748933201283216
13640000	0.13019550542980432
13680000	0.1317555205233395
13720000	0.13726971858888865
13760000	0.141409346999228
13800000	0.1288790539033711
13840000	0.14102393666803836
13880000	0.13334402170106768
13920000	0.1311099278628826
13960000	0.12451713285073637
14000000	0.1399254774324596
14040000	0.15078251984268426
14080000	0.14567025716230272
14120000	0.1435775925114751
14160000	0.13927010476961732
14200000	0.13781783525794744
14240000	0.1377609978914261
14280000	0.13869931953772902
14320000	0.14365480822920798
14360000	0.1328490325331688
14400000	0.14274128394797445
14440000	0.14321423768997193
14480000	0.1430981259919703
14520000	0.14476733568161726
14560000	0.15123373779132962
14600000	0.1486057457834482
14640000	0.14478350898995995
14680000	0.15068051762133836
14720000	0.14291975520402192
14760000	0.14468052995242178
14800000	0.13567398217618465
14840000	0.13412042892351747
14880000	0.13587547145187856
14920000	0.13508729613646864
14960000	0.13023376527801156
15000000	0.14356556321009994
15040000	0.13900817242637276
15080000	0.13553046478703618
15120000	0.13439453346803784
15160000	0.13977306871786713
15200000	0.13106343181580304
15240000	0.13855217056944966
15280000	0.14668997207209467
15320000	0.14019945856109262
15360000	0.13113722921386362
15400000	0.13975471006780862
15440000	0.13916634367853403
15480000	0.13150047327205538
15520000	0.12236866650879383
15560000	0.13095483065098523
15600000	0.12509508751556278
15640000	0.12337039780020714
15680000	0.11944497617036104
15720000	0.11516515837907791
15760000	0.12818133016899227
15800000	0.13220471031814815
15840000	0.13087395401298998
15880000	0.13421089647263287
15920000	0.1354170330695808
15960000	0.1288381369717419
16000000	0.13175773115828635
16040000	0.1293442022882402
16080000	0.13244977350085974
16120000	0.13912584412768483
16160000	0.14273939427882432
16200000	0.13115182897001504
16240000	0.13332384670078753
16280000	0.13759080932065845
16320000	0.1304517391733825
16360000	0.13029861315488817
16400000	0.12229386476948857
16440000	0.1315699511423707
16480000	0.12405002242699266
16520000	0.1311268392674625
16560000	0.1344576835386455
16600000	0.12691070130318402
16640000	0.1261470438078046
16680000	0.13323605285286905
16720000	0.1337372201487422
16760000	0.13417077163383365
16800000	0.14428326457440854
16840000	0.1397161201186478
16880000	0.14191969245448707
16920000	0.13855336051508785
16960000	0.14130929633975028
17000000	0.1367248521760106
17040000	0.13158106206953527
17080000	0.1358497604906559
17120000	0.13624028012678027
17160000	0.1307723757237196
17200000	0.1321001996539533
17240000	0.13268440911918877
17280000	0.13115778836831452
17320000	0.13205862713754177
17360000	0.1373079934552312
17400000	0.12976037159487605
17440000	0.12779274242445826
17480000	0.12916587956696748
17520000	0.13559987405091525
17560000	0.1310592243731022
17600000	0.12832902999669313
17640000	0.12773116812258958
17680000	0.1414261374257505
17720000	0.13748326814994216
17760000	0.13843445010259747
17800000	0.1326784806728363
17840000	0.13446382300555706
17880000	0.13466610347554087
17920000	0.1370770705193281
17960000	0.1322259091757238
18000000	0.14169672029912472
18040000	0.1374267427638173
18080000	0.13563513239547612
18120000	0.1301662425391376
18160000	0.130465322804451
18200000	0.13451615936532615
18240000	0.13117557549476624
18280000	0.13369627109467982
18320000	0.1398743408381939
18360000	0.14371205119639635
18400000	0.15638784239962697
18440000	0.151718209772557
18480000	0.14688704177513717
18520000	0.15703864801749587
18560000	0.15208284950479864
18600000	0.15008335415348412
18640000	0.14502453434318305
18680000	0.14866349972859025
18720000	0.13612334342226387
18760000	0.13022104212641716
18800000	0.1375919930547476
18840000	0.1330787425927818
18880000	0.11849753468185663
18920000	0.1170315601363778
18960000	0.1159291415758431
19000000	0.1141816919542849
19040000	0.11830974255800247
19080000	0.11796413879320025
19120000	0.1235119348153472
19160000	0.11998809103816747
19200000	0.12621714792996644
19240000	0.13007767208814622
19280000	0.12645437592044473
19320000	0.1350198655448854
19360000	0.12679137051329017
19400000	0.13082055431827902
19440000	0.12223382347598671
19480000	0.12548572841137648
19520000	0.12481993327215314
19560000	0.12422525266408921
19600000	0.12420496888011694
19640000	0.12586260606646538
19680000	0.11973576586917042
19720000	0.12592938479557633
19760000	0.12430735394954681
19800000	0.12902819038927554
19840000	0.13163945963084697
19880000	0.12881150046885015
19920000	0.12977000031247735
19960000	0.13751842241585255
20000000	0.13184385980516672
20040000	0.14241562220305204
20080000	0.13811519652977586
20120000	0.13695925539582968
20160000	0.13672002194449306
20200000	0.12898282534629107
20240000	0.1361962939083576
20280000	0.12637762112244963
20320000	0.1267412075795233
20360000	0.14102429289333523
20400000	0.13588319358080625
20440000	0.14247232565805315
20480000	0.14157165370583535
20520000	0.13207558421194554
20560000	0.13868373102247716
20600000	0.13333184657618402
20640000	0.12935529419109226
20680000	0.13590134643390775
20720000	0.1371171335466206
20760000	0.13630919877067207
20800000	0.12863171595409512
20840000	0.13320574769079685
20880000	0.14124184415563942
20920000	0.13787445604279638
20960000	0.13918957829400896
21000000	0.14406311091035603
21040000	0.1441405766941607
21080000	0.1495883174702525
21120000	0.1508401764124632
21160000	0.15339435567855836
21200000	0.16019086116030812
21240000	0.1590138979330659
21280000	0.16082173742726444
21320000	0.16185427589267493
21360000	0.15009852290675044
21400000	0.15158514036908746
21440000	0.1532303887732327
21480000	0.1547845331594348
21520000	0.14925513977855445
21560000	0.14411925978586076
21600000	0.14307472447529435
21640000	0.14192977901548148
21680000	0.1364140363007784
21720000	0.13846618055477738
21760000	0.14057744686082005
21800000	0.13031895418465136
21840000	0.1366224739447236
21880000	0.1392395810097456
21920000	0.13278678208962083
21960000	0.1321658945374191
22000000	0.12247654588893056
22040000	0.13097847928851844
22080000	0.13683676267489792
22120000	0.1367727367401123
22160000	0.13445272280946374
22200000	0.1301023094370961
22240000	0.1373104848906398
22280000	0.13057118441537022
22320000	0.13526072196289898
22360000	0.14081499931290745
22400000	0.1279757138364017
22440000	0.12895970737040044
22480000	0.12154968378543854
22520000	0.12371313781067729
22560000	0.12509191433265807
22600000	0.12377639765739441
22640000	0.1284911479316652
22680000	0.13448244391009212
22720000	0.1348267962858081
22760000	0.1343960910618305
22800000	0.13575646475180983
22840000	0.12409426382817328
22880000	0.12558169518336654
22920000	0.11903241960927843
22960000	0.12534529048278928
23000000	0.14315406748354434
23040000	0.13563161615654826
23080000	0.13423170366808773
23120000	0.13576098084896804
23160000	0.13163965555876495
23200000	0.1358765361867845
23240000	0.13125432895720004
23280000	0.1360410068422556
23320000	0.14095442958325147
23360000	0.13302536559551953
23400000	0.13813866520896553
23440000	0.1341439785696566
23480000	0.12395190867781639
23520000	0.126419112746045
23560000	0.12123834423273802
23600000	0.12648561306223274
23640000	0.12064735301211477
23680000	0.12045364309549332
23720000	0.11456591249927878
23760000	0.11100331114679575
23800000	0.11564492225572467
23840000	0.11104269262328743
23880000	0.11020029004141689
23920000	0.1176110218808055
23960000	0.11072594946622849
24000000	0.11139536362588405
24040000	0.1136290213674307
24080000	0.12219759563207626
24120000	0.11491739638522268
24160000	0.1135380778759718
24200000	0.11871467491313815
24240000	0.109855035161227
24280000	0.11030710412636399
24320000	0.1114766617923975
24360000	0.10472368387803435
24400000	0.11185933346822857
24440000	0.1077602550521493
24480000	0.10786394085139037
24520000	0.10725698037445545
24560000	0.10771208098679781
24600000	0.10447200370058417
24640000	0.10344944274574518
24680000	0.11322824979797005
24720000	0.10570338581725955
24760000	0.1059555513806641
24800000	0.10965668485686184
24840000	0.11312394439205527
24880000	0.10370977940745651
24920000	0.11145260659530759
24960000	0.1083324023284018
25000000	0.11126616066917777
25040000	0.10696485320478678
25080000	0.1133670891456306
25120000	0.11228403208255767
25160000	0.11331212457641959
25200000	0.11440634071305394
25240000	0.11404287149906159
25280000	0.11255857911631464
25320000	0.10975884786248206
25360000	0.10884080478549003
25400000	0.11191151755675674
25440000	0.10741907011121511
25480000	0.10958267809674144
25520000	0.10810782664269208
25560000	0.11284727677032351
25600000	0.11600749266818165
25640000	0.10981464254409075
25680000	0.10743885201066733
25720000	0.10660483030825853
25760000	0.10515919305533171
25800000	0.10655219680964947
25840000	0.10701161513850092
25880000	0.1060563840225339
25920000	0.10690993317067624
25960000	0.11300583518110216
26000000	0.1157555630788207
26040000	0.1160593478858471
26080000	0.11702636735737323
26120000	0.113833888733387
26160000	0.11670571653619409
26200000	0.11765915341004729
26240000	0.11885339528769255
26280000	0.12240509485155344
26320000	0.11628808070048689
26360000	0.11224795387163758
26400000	0.12091850407645106
26440000	0.11805432232320309
26480000	0.11073281566128135
26520000	0.12262163463309407
26560000	0.11634605678990484
26600000	0.11235457186698913
26640000	0.10704266785830259
26680000	0.10924015672802925
26720000	0.1097432733297348
26760000	0.10531974385976792
26800000	0.11761436665281653
26840000	0.11268484043478966
26880000	0.1188420076802373
26920000	0.11910517715662718
26960000	0.11136058465242386
27000000	0.11115415035635233
27040000	0.12078610313758253
27080000	0.12086985313743352
27120000	0.12222152726054192
27160000	0.1218330192424357
27200000	0.12411240188777446
27240000	0.12742910805270075
27280000	0.12785506739243865
27320000	0.13309775346592068
27360000	0.12712682737261058
27400000	0.12602216043770315
27440000	0.12151907282024622
27480000	0.12170224754363299
27520000	0.1268583474047482
27560000	0.13883740935996175
27600000	0.13739465624541045
27640000	0.1323573887601495
27680000	0.13204221021980048
27720000	0.1318468756377697
27760000	0.12696030708774925
27800000	0.13525638293623923
27840000	0.12310025438591837
27880000	0.12955658967643977
27920000	0.12051058889850974
27960000	0.1190012773513794
28000000	0.1152874177262187
28040000	0.11810359274968504
28080000	0.11981870859563351
28120000	0.12194271272644401
28160000	0.12851671673208476
28200000	0.1258057489722967
28240000	0.12591594007387757
28280000	0.12147186485007405
28320000	0.12244507590532303
28360000	0.11542905719354749
28400000	0.11845089752450585
28440000	0.11687376709654927
28480000	0.12111925758421421
28520000	0.12051964944079518
28560000	0.1159232263930142
28600000	0.11573541621863842
28640000	0.11466916072666646
28680000	0.11074067094773055
28720000	0.11432794749289751
28760000	0.11116648021489382
28800000	0.10326135600134731
28840000	0.10341563389077782
28880000	0.10063528696224093
28920000	0.09998679438382387
28960000	0.10024770788922906
29000000	0.1060503296457231
29040000	0.10483262536674738
29080000	0.107660104547441
29120000	0.10662721104994416
29160000	0.10320226752720774
29200000	0.09866987547725439
29240000	0.09856867667511106
29280000	0.1001396814443171
29320000	0.10295071172490716
29360000	0.10221084667891264
29400000	0.10619845611825586
29440000	0.10306462722420692
29480000	0.11399460953250527
29520000	0.11410342625677586
29560000	0.1118011068880558
29600000	0.11474823068454862
29640000	0.1122420682668686
29680000	0.11624102961197495
29720000	0.10887481846511364
29760000	0.11061014740988612
29800000	0.10631687142252923
29840000	0.10483234280645848
29880000	0.10803719283863902
29920000	0.10390696799755096
29960000	0.10645075103417038
30000000	0.10098787529766559
30040000	0.10509477822855115
30080000	0.10354858570173382
30120000	0.1083752800695598
30160000	0.10397449099645019
30200000	0.10404819961488247
30240000	0.10261875887140631
30280000	0.10747943212091923
30320000	0.10964802218750119
30360000	0.11100699702948331
30400000	0.10349203691035509
30440000	0.10215879515334964
30480000	0.11152711414694787
30520000	0.10178501823842526
30560000	0.11045926195755601
30600000	0.10674987424314022
30640000	0.11252509304583072
30680000	0.11501424180269242
30720000	0.10541310197487473
30760000	0.10788508912473917
30800000	0.10560055505931377
30840000	0.10533105068132281
30880000	0.10564273099824786
30920000	0.11058879071399569
30960000	0.10924095796346664
31000000	0.10581824133396149
31040000	0.10495577417090535
31080000	0.10283638613149523
31120000	0.10584381549805402
31160000	0.10666993814110756
31200000	0.10582511972934007
31240000	0.10383771783635021
31280000	0.09998837376311422
31320000	0.1001117263443768
31360000	0.10151238630190491
31400000	0.1013183543637395
31440000	0.10227620834782719
31480000	0.09794993976131082
31520000	0.09610387750864029
31560000	0.10332610078155995
31600000	0.10095757401734591
31640000	0.10053785001635551
31680000	0.10737798222079874
31720000	0.10438690329045057
31760000	0.1037816773764789
31800000	0.10272091085463762
31840000	0.10449900044873357
31880000	0.10011576518677175
31920000	0.10106874942258
31960000	0.09997145009413362
32000000	0.10191906810700893
32040000	0.0978201589770615
32080000	0.10479405779764056
32120000	0.10468898187279702
32160000	0.10064992464780807
32200000	0.10003261506184935
32240000	0.10210199337601662
32280000	0.10577480482161045
32320000	0.10154922402352094
32360000	0.10404632099345326
32400000	0.10095302861705423
32440000	0.10247152294367552
32480000	0.10319925830066204
32520000	0.10527617136389017
32560000	0.10219437370151281
32600000	0.10051015089973807
32640000	0.10112290062904358
32680000	0.09724746214449406
32720000	0.09795438997372985
32760000	0.1019270111747086
32800000	0.09651039473041892
32840000	0.10126126466989517
32880000	0.09867969537302852
32920000	0.09565075734555721
32960000	0.09865847598835827
33000000	0.09564698030352592
33040000	0.09968424632847309
33080000	0.09407155288681388
33120000	0.09530596038103104
33160000	0.09465061071515084
33200000	0.09557758464887738
33240000	0.09676230388060213
33280000	0.09809239361062647
33320000	0.10193460261821746
33360000	0.10102597590237856
33400000	0.10209853056818247
33440000	0.09725983619466425
33480000	0.09900283336490392
33520000	0.09842045355588197
33560000	0.09727489905580879
33600000	0.09662482189163565
33640000	0.09537870901748538
33680000	0.09845953461974859
33720000	0.09671084234565497
33760000	0.09883983702883124
33800000	0.09555551180914044
33840000	0.0992128987930715
33880000	0.09723252976685762
33920000	0.09258125310093164
33960000	0.09470461143776775
34000000	0.10230761255696416
34040000	0.10520250176265836
34080000	0.10665667418166995
34120000	0.10362788638323546
34160000	0.10719548979997635
34200000	0.10617479690536856
34240000	0.10704231813028454
34280000	0.10114576618596911
34320000	0.10259807674735784
34360000	0.09863694795444608
34400000	0.09750837012678384
34440000	0.09408750705197454
34480000	0.09731616920381785
34520000	0.09453125105574726
34560000	0.0975977756306529
34600000	0.09866404627487063
34640000	0.09773028418272733
34680000	0.09562658220231533
34720000	0.09283038881607354
34760000	0.09382089347168804
34800000	0.10078319296762348
34840000	0.09559565623849631
34880000	0.09385968993008137
34920000	0.09911149223670364
34960000	0.09117212344706059
35000000	0.09494552508741617
35040000	0.09750881468653678
35080000	0.09544582837149501
35120000	0.09121766631230711
35160000	0.09557005311325192
35200000	0.0917395433664322
35240000	0.0930744214259088
35280000	0.09233183148726821
35320000	0.09189657407924533
35360000	0.09065526807233691
35400000	0.08990552837923169
35440000	0.09329660969376564
35480000	0.10125851087346673
35520000	0.09970422811061144
35560000	0.09867494128495455
35600000	0.10246535040587187
35640000	0.09897741442844271
35680000	0.09730430267304183
35720000	0.09522042549103499
35760000	0.09685690510198473
35800000	0.08889135825000703
35840000	0.09320413407981396
35880000	0.09027863536849617
35920000	0.09146627328544855
35960000	0.09148674478307367
36000000	0.09060937229916453
36040000	0.09047519358694553
36080000	0.08616281695440411
36120000	0.09225445014573634
36160000	0.09168041726723314
36200000	0.09312679665088654
36240000	0.09306109836027027
36280000	0.09303987252041697
36320000	0.09369726518392563
36360000	0.09507965044304728
36400000	0.09826409439891577
36440000	0.09788329900950193
36480000	0.09822570365443825
36520000	0.09595198068246245
36560000	0.093142108887434
36600000	0.09161008294820785
36640000	0.0889231324762106
36680000	0.08708729716539383
36720000	0.08863183753937483
36760000	0.08971391735225916
36800000	0.08676106784120202
36840000	0.08698239223137498
36880000	0.09203464556708932
36920000	0.08863250685930252
36960000	0.08869500083327293
37000000	0.09008245716802776
37040000	0.08998533939048647
37080000	0.09146261476054787
37120000	0.08811780808642507
37160000	0.08809493583217264
37200000	0.09120504720248282
37240000	0.09532934955433012
37280000	0.09154190989285707
37320000	0.09073231919258833
37360000	0.09432502871751786
37400000	0.08883319302424789
37440000	0.08972040882334113
37480000	0.09350560289621353
37520000	0.0882961160197854
37560000	0.09060144013762474
37600000	0.09157146692350507
37640000	0.0909401693083346
37680000	0.09076997115686536
37720000	0.09214097250327467
37760000	0.09113396198228002
37800000	0.09058254361823201
37840000	0.09186268729791046
37880000	0.09229018700271845
37920000	0.09177630807831884
37960000	0.08873476642221212
38000000	0.08939188361465931
38040000	0.08904883112832904
38080000	0.090888874014467
38120000	0.09119314179196954
38160000	0.09411384423077107
38200000	0.08824802758172154
38240000	0.09206503852680326
38280000	0.09063193243592978
38320000	0.09288677125796675
38360000	0.09399276082366705
38400000	0.09322696476355195
38440000	0.08883294544443487
38480000	0.0876993584163487
38520000	0.08804933016896248
38560000	0.0880221257597208
38600000	0.0885224116884172
38640000	0.09159000936374068
38680000	0.0895081074513495
38720000	0.08720020737275481
38760000	0.08759713945761323
38800000	0.08815249519199132
38840000	0.08561003451198339
38880000	0.08174231579639017
38920000	0.08164761395081878
38960000	0.08364088131189347
39000000	0.08314983900114895
39040000	0.08295713598355652
39080000	0.0866749459259212
39120000	0.08749813540279865
39160000	0.0874074267886579
39200000	0.09160156969875097
39240000	0.08597341911494732
39280000	0.08721980582401156
39320000	0.08951854569762945
39360000	0.08831061534807086
39400000	0.08434374177902937
39440000	0.08318333869352937
39480000	0.08348912436142564
39520000	0.084297390717268
39560000	0.08350969936363399
39600000	0.0812049197793007
39640000	0.08340560241937638
39680000	0.0801508728928864
39720000	0.07843686490133404
39760000	0.08317689711302519
39800000	0.08714010199531913
39840000	0.0896016545675695
39880000	0.08633686220571399
39920000	0.08549887450039387
39960000	0.08898255715593696
40000000	0.09088336324617266
40040000	0.09203504826650023
40080000	0.09187071810439229
40120000	0.08783807768076658
40160000	0.0899553960852325
40200000	0.08880140199884773
40240000	0.08794102464467288
40280000	0.09050339607521891
40320000	0.08997938980907202
40360000	0.0908856480024755
40400000	0.08644011299088597
40440000	0.08595398143455386
40480000	0.09047576786875725
40520000	0.09244567124545575
40560000	0.09136868888810278
40600000	0.08725899989753962
40640000	0.08794292560964823
40680000	0.08645331553891301
40720000	0.0932947861224413
40760000	0.08797195722237229
40800000	0.08954320316463708
40840000	0.09324673711508512
40880000	0.08914173877388239
40920000	0.08954239488765597
40960000	0.08750069647058845
41000000	0.08760515212714672
41040000	0.08671935723274946
41080000	0.08437928347811102
41120000	0.08516212354004384
41160000	0.08579848329350352
41200000	0.08335127008929849
41240000	0.08076378665119409
41280000	0.07946532756015659
41320000	0.08164858702719212
41360000	0.08226614699289203
41400000	0.08240292268581688
41440000	0.08197624265402556
41480000	0.08592004373148084
41520000	0.08140823355168104
41560000	0.08484759327247739
41600000	0.08191605286970735
41640000	0.08162333115711808
41680000	0.08299496531412005
41720000	0.0826202072031796
41760000	0.08170744009017944
41800000	0.08383888745605945
41840000	0.08732889716625214
41880000	0.08682930202186108
41920000	0.0857228453822434
41960000	0.08234918475300074
42000000	0.08168386455699801
42040000	0.081531657602638
42080000	0.08011587608978152
42120000	0.08135216123536229
42160000	0.08191440248638392
42200000	0.079639041775465
42240000	0.08423779358193278
42280000	0.0812547364935279
42320000	0.0813301669895649
42360000	0.08283576961979269
42400000	0.08621276825666428
42440000	0.08429817235320806
42480000	0.08339799570515752
42520000	0.08381427511423827
42560000	0.08512951746881008
42600000	0.08080692222863435
42640000	0.07862719051092863
42680000	0.07852711725831031
42720000	0.08248177112936973
42760000	0.08437790492400526
42800000	0.0841776245161891
42840000	0.08333744137510657
42880000	0.08452068793773651
42920000	0.08243148619234562
42960000	0.08367703079283237
43000000	0.0840633541226387
43040000	0.08594741430133582
43080000	0.08529530061334371
43120000	0.08152769389264286
43160000	0.08171643855124712
43200000	0.08328795534893871
43240000	0.07968692038953304
43280000	0.08150689111202955
43320000	0.08099229675158859
43360000	0.08395017323717475
43400000	0.08546170122027397
43440000	0.08320198761969805
43480000	0.08639119135215878
43520000	0.087178775601089
43560000	0.08688784068748355
43600000	0.08707485879771411
43640000	0.08454549253210425
43680000	0.08665494968891144
43720000	0.08717471268028021
43760000	0.0868468155503273
43800000	0.08839920886307955
43840000	0.08944080651849508
43880000	0.08816375624239445
43920000	0.08847801284566521
43960000	0.0877420948728919
44000000	0.08563829053267837
44040000	0.08404004553556442
44080000	0.08589919862672686
44120000	0.08433038889318704
44160000	0.08500272106453777
44200000	0.08511880638599396
44240000	0.08818044332042337
44280000	0.08583329787179828
44320000	0.09200757994651794
44360000	0.08992012250870467
44400000	0.0904284585699439
44440000	0.08990870290882885
44480000	0.0934530023150146
44520000	0.09119078398868441
44560000	0.0921564445257187
44600000	0.0882385178629309
44640000	0.09045216903835535
44680000	0.0887714232198894
44720000	0.09053561330810189
44760000	0.08723874262794852
44800000	0.092306592194736
44840000	0.09006616156697274
44880000	0.09195933659225702
44920000	0.0939796131528914
44960000	0.09149056973084807
45000000	0.08885046883821487
45040000	0.08706577358320355
45080000	0.08735077586621046
45120000	0.09000570461452008
45160000	0.08902856722250581
45200000	0.08533548071235418
45240000	0.08843033533245324
45280000	0.08783120462447405
45320000	0.08698203801959753
45360000	0.08719519960209728
45400000	0.08702028421163559
45440000	0.08759863789230585
45480000	0.08850600244104863
45520000	0.0885257839500904
45560000	0.08475774856880307
45600000	0.08680536958649754
45640000	0.0828054274611175
45680000	0.08870583465918899
45720000	0.08592711915522813
45760000	0.08446880832239985
45800000	0.08550771084725857
45840000	0.08672639461383223
45880000	0.08651573310121893
45920000	0.08870356708467007
45960000	0.08760479941889644
46000000	0.09202413292378187
46040000	0.08978276830241085
46080000	0.08999864117279649
46120000	0.08685944019258023
46160000	0.08799592297673225
46200000	0.08872940727621317
46240000	0.08781569042429328
46280000	0.08881696065291762
46320000	0.08740436792671681
46360000	0.08368354091569781
46400000	0.08455124589577317
46440000	0.08670902225002647
46480000	0.08362433686330914
46520000	0.08530878340378403
46560000	0.08629028376750648
46600000	0.08339759550243617
46640000	0.08073533839210868
46680000	0.08009170774891973
46720000	0.08108580914884805
46760000	0.0802445378281176
46800000	0.08045017722472549
46840000	0.0765137839987874
46880000	0.07932922165170311
46920000	0.07740612605586648
46960000	0.07706085465848446
47000000	0.0775362963721156
47040000	0.07953212096020579
47080000	0.0788196838542819
47120000	0.07499087714254857
47160000	0.07568447078168392
47200000	0.07901711225286126
47240000	0.07756503753438591
47280000	0.07808751580193639
47320000	0.07980498643144965
47360000	0.07899607679322362
47400000	0.07591276879385114
47440000	0.07404440501928329
47480000	0.07301738004684448
47520000	0.07529763158410788
47560000	0.07210181980356574
47600000	0.0697776759058237
47640000	0.07643474464938045
47680000	0.07544493805915117
47720000	0.07525273559167982
47760000	0.07654680834412575
47800000	0.07317804626822472
47840000	0.0731490231949836
47880000	0.07323856318071485
47920000	0.07350022144839168
47960000	0.07340140869393945
48000000	0.07282630030736327
48040000	0.0712340622290969
48080000	0.07296722123324871
48120000	0.07278051424771548
48160000	0.07468212703242898
48200000	0.07432165849134326
48240000	0.0741249759875238
48280000	0.07510078459307551
48320000	0.07594294428303838
48360000	0.0791178613089025
48400000	0.07659324163347482
48440000	0.08070406671315432
48480000	0.0754147886827588
48520000	0.07731918963044881
48560000	0.07617872835360467
48600000	0.07668554881811142
48640000	0.07617666405141353
48680000	0.07760105741620064
48720000	0.0784397916637361
48760000	0.07400708249881864
48800000	0.07425632709637284
48840000	0.07593938459455966
48880000	0.07633948848322034
48920000	0.07469102495908737
48960000	0.07631007112041116
49000000	0.07903816439881921
49040000	0.07738528482466936
49080000	0.07665482057854534
49120000	0.07595094138123094
49160000	0.07520118563100696
49200000	0.07683684566281736
49240000	0.07742155078873038
49280000	0.07532618934065104
49320000	0.07582373268604278
49360000	0.08161315611749888
49400000	0.07835680522322655
49440000	0.07791557874903082
49480000	0.07773167727068067
49520000	0.07913782718107104
49560000	0.08190492074489593
49600000	0.07921796295270324
49640000	0.08159793444499373
49680000	0.08122571137621999
49720000	0.08161183842271566
49760000	0.0771882960088551
49800000	0.07601651564016938
49840000	0.0788881528891623
49880000	0.07610367614924908
49920000	0.0795959217980504
49960000	0.07570383883491158
50000000	0.07632125841826201
50040000	0.07637123290896415
50080000	0.07695007084980607
50120000	0.07482421484589577
50160000	0.07721800720319152
50200000	0.0784946891196072
50240000	0.08143260367885231
50280000	0.07988268927559257
50320000	0.0788816734522581
50360000	0.08000613419823349
50400000	0.07837364426329732
50440000	0.07884564562290906
50480000	0.07866513004228473
50520000	0.07787980439886451
50560000	0.07653997440859675
50600000	0.07755857272446155
50640000	0.08167177683487535
50680000	0.07888975754156709
50720000	0.07884397530630231
50760000	0.07835308983549476
50800000	0.07709770678021013
50840000	0.07860332052335144
50880000	0.07749893738627434
50920000	0.08599520036503673
50960000	0.08077249601185321
51000000	0.08102780655249953
51040000	0.07475694384798408
51080000	0.07328003730550409
51120000	0.07670879262909293
51160000	0.085374169010669
51200000	0.07790793115906418
51240000	0.0825622747182846
51280000	0.08613181427791715
51320000	0.08581130070388317
51360000	0.08407779930308461
51400000	0.0842458910048008
51440000	0.08153791380003095
51480000	0.08372785598486662
51520000	0.08500182950347662
51560000	0.07627049826905132
51600000	0.08177397610843182
51640000	0.09655865506902338
51680000	0.12642070455998183
51720000	0.09623556765243411
51760000	0.08441200568974018
51800000	0.10518776888102294
51840000	0.09923623247742652
51880000	0.08849079714901745
51920000	0.1112617684610188
51960000	0.09855762851387262
52000000	0.10997358902841807
52040000	0.10309205757677554
52080000	0.10693854453936219
52120000	0.10945823550894856
52160000	0.11770156326591968
52200000	0.10287595790028572
52240000	0.10899337283745408
52280000	0.15812790750414132
52320000	0.11670111695230007
52360000	0.13839389695078136
52400000	0.14212062839269637
52440000	0.1548583909265697
52480000	0.1312981125384569
52520000	0.16665683920904995
52560000	0.153507348947227
52600000	0.1706302251111716
52640000	0.1597155881933868
52680000	0.16341011226698757
52720000	0.1258560673419386
52760000	0.18263958374857903
52800000	0.1314258671209216
52840000	0.10687845904752612
52880000	0.09149690263867379
52920000	0.0809856471657753
52960000	0.07935195470154285
53000000	0.08318141855075956
53040000	0.08829783094525337
53080000	0.08538582883775234
53120000	0.08619493238441646
53160000	0.08852295659929514
53200000	0.08245026462376118
53240000	0.0847604418464005
53280000	0.08267084480300546
53320000	0.08177762632369995
53360000	0.08507107303030789
53400000	0.07869223680049181
53440000	0.09296702638044953
53480000	0.08674865541309118
53520000	0.0845681564822793
53560000	0.08196201623082161
53600000	0.0825465890660882
53640000	0.08989879621602595
53680000	0.09970857096016407
53720000	0.11262121056467295
53760000	0.10181371046379209
53800000	0.08563694541752338
53840000	0.1286491029061377
53880000	0.11852504124343395
53920000	0.1079546398639679
53960000	0.09490445292815566
54000000	0.12537698758989574
54040000	0.10756014360636473
54080000	0.13829536299332976
54120000	0.16533491771668196
54160000	0.18300311500392855
54200000	0.16461318430006505
54240000	0.18081146702393888
54280000	0.19376879040822387
54320000	0.15127244509868323
54360000	0.27563362309411166
54400000	0.20506226050555706
54440000	0.1659414651043713
54480000	0.1576688651949167
54520000	0.14080941486880183
54560000	0.133010056065768
54600000	0.16361614135727287
54640000	0.234022592433542
54680000	0.11105123079791665
54720000	0.08862151974588632
54760000	0.08506462442353367
54800000	0.08556374283507466
54840000	0.08314990859031678
54880000	0.08162119443267583
54920000	0.07888699499331414
54960000	0.081136020873487
55000000	0.0789862274955958
55040000	0.08051620475873351
55080000	0.0788174220353365
55120000	0.08081209017857909
55160000	0.07947226264029741
55200000	0.08073248796984553
55240000	0.07692073111273348
55280000	0.07752277081087232
55320000	0.07767904551550746
55360000	0.07593630391061305
55400000	0.07495506711527705
55440000	0.07586319302022457
55480000	0.07457104779705405
55520000	0.07426253974437713
55560000	0.07532015299461782
55600000	0.07434546443521976
55640000	0.0769961102835834
55680000	0.08000578664839268
55720000	0.07747342732995749
55760000	0.079162540794909
55800000	0.0792508284881711
55840000	0.07608872995004058
55880000	0.07869226388856769
55920000	0.0775923480052501
55960000	0.07783555410802365
56000000	0.07893819891437888
56040000	0.08179598943069577
56080000	0.07681081960387529
56120000	0.07633979997523128
56160000	0.07809899450093508
56200000	0.07480456713438034
56240000	0.07832846436053514
56280000	0.07563877066969872
56320000	0.071962685097754
56360000	0.07149132757596671
56400000	0.07418570226505398
56440000	0.07389534446895123
56480000	0.0753788300730288
56520000	0.07132420345880092
56560000	0.071171528031677
56600000	0.07369070733636618
56640000	0.07482660907357931
56680000	0.07365429628789424
56720000	0.07306014671027661
56760000	0.07345328654274344
56800000	0.07372109718248249
56840000	0.07288798931613565
56880000	0.07251379590556026
56920000	0.07471639682129025
56960000	0.07185975400954485
57000000	0.07242507522366941
57040000	0.06957818510755896
57080000	0.07125960630290211
57120000	0.07262412766069173
57160000	0.07107549292370677
57200000	0.07223040409386158
57240000	0.07214248722493649
57280000	0.07406389859728515
57320000	0.07056452287100255
57360000	0.07217340939342975
57400000	0.07205166273340582
57440000	0.07124588056132197
57480000	0.07045997898727656
57520000	0.07069921675734223
57560000	0.06919395883716643
57600000	0.0718867988422513
57640000	0.07059152533970774
57680000	0.06902648121789098
57720000	0.07258639865517616
57760000	0.0700359440125525
57800000	0.07215038055069745
57840000	0.07111996947601437
57880000	0.06838461620509624
57920000	0.0680916481051594
57960000	0.068624972223863
58000000	0.06859894125536084
58040000	0.06910849336311221
58080000	0.06906904956176876
58120000	0.06882240189313889
58160000	0.06704246777445078
58200000	0.06658050821498036
58240000	0.06775216469541193
58280000	0.0659069010220468
58320000	0.0659212135374546
58360000	0.06554341602660715
58400000	0.06853158187530935
58440000	0.06929978433772921
58480000	0.06798879107311367
58520000	0.06823737275712193
58560000	0.06555454488880932
58600000	0.06677024756483733
58640000	0.06699465782120824
58680000	0.06755721853636205
58720000	0.06899749069288373
58760000	0.06682911253347992
58800000	0.06698805295675993
58840000	0.06437606785781681
58880000	0.06485760637223721
58920000	0.06743092861324548
58960000	0.0663202403139323
59000000	0.06513340267837048
59040000	0.06551443810611964
59080000	0.06475772772803903
59120000	0.06580770981758832
59160000	0.06536759003177285
59200000	0.06556041381843387
59240000	0.06419230334497988
59280000	0.06769111367315053
59320000	0.0663826433159411
59360000	0.06757769220992922
59400000	0.0692322796471417
59440000	0.06838243239969015
59480000	0.06760678823962808
59520000	0.06957746463268995
59560000	0.068503959839046
59600000	0.07109251582771539
59640000	0.06896016728654504
59680000	0.07165612614080309
59720000	0.07195964988023043
59760000	0.07000172657594085
59800000	0.06683344256877899
59840000	0.07067008853890001
59880000	0.07273506072238088
59920000	0.07186676699891686
59960000	0.07039553486332298
60000000	0.07190994724445045
60040000	0.07250447837486863
60080000	0.07158397226929665
60120000	0.06945255884975195
60160000	0.07012362443469465
60200000	0.06777657759338618
60240000	0.06881983770355582
60280000	0.07006803575716913
60320000	0.0733474023912102
60360000	0.07070002174153923
60400000	0.07005101207606494
60440000	0.06862819778993726
60480000	0.07013658420592546
60520000	0.06944513655230403
60560000	0.06867146927267313
60600000	0.07076154565364122
60640000	0.07068856274411082
60680000	0.07089257585257291
60720000	0.06989681382030248
60760000	0.06972353636696935
60800000	0.06970689292326569
60840000	0.06997603092864156
60880000	0.06850704445764422
60920000	0.06816914393082261
60960000	0.07024498630762101
61000000	0.06608270510062575
61040000	0.06746230947002768
61080000	0.06477753809839487
61120000	0.0647730878740549
61160000	0.06457193096429109
61200000	0.0670936281170696
61240000	0.06378620830439032
61280000	0.06316278754360974
61320000	0.06311486797481776
61360000	0.06405785446725785
61400000	0.06314038337469101
61440000	0.06641366188079119
61480000	0.06685615494027734
61520000	0.06735619609355926
61560000	0.06583090248331427
61600000	0.06709546543285251
61640000	0.0647836327765137
61680000	0.06427872040569782
61720000	0.06389303050227463
61760000	0.06310422038808465
61800000	0.06294188705421984
61840000	0.06390228643789887
61880000	0.0616768059220165
61920000	0.06129479535222054
61960000	0.060820627591386435
62000000	0.06204103608243167
62040000	0.06378756277263165
62080000	0.06299929163083434
62120000	0.06423042578771711
62160000	0.0625779707506299
62200000	0.06184425340071321
62240000	0.06327192525081336
62280000	0.0638301552131772
62320000	0.06624295709580183
62360000	0.06644837042540312
62400000	0.06645148045495153
62440000	0.06741645066589116
62480000	0.06524495377168059
62520000	0.06936344193704426
62560000	0.06559133621789515
62600000	0.0626139985140413
62640000	0.06485871391333639
62680000	0.0676302223611623
62720000	0.06727557061724365
62760000	0.06757094155065715
62800000	0.0667195917673409
62840000	0.0632844865836203
62880000	0.06460678191147745
62920000	0.06270207230187952
62960000	0.06339014546610415
63000000	0.06490569287836552
63040000	0.06664412856251001
63080000	0.06573838862627744
63120000	0.06683217212259769
63160000	0.06578334510661661
63200000	0.06515774145424366
63240000	0.06456019387245178
63280000	0.06491416514515877
63320000	0.06610090733468532
63360000	0.06553310832753778
63400000	0.0621745523147285
63440000	0.06570375249236822
63480000	0.0680869027737528
63520000	0.06787491002604365
63560000	0.06560464924275874
63600000	0.06480922667942941
63640000	0.06545631418153644
63680000	0.06441612189523875
63720000	0.06411698068380356
63760000	0.06320408872626722
63800000	0.06142333524264395
63840000	0.06131611190214753
63880000	0.062085249145329
63920000	0.0599477822702378
63960000	0.061644012162834404
64000000	0.061129255964607
64040000	0.059024064402654765
64080000	0.05955366964153946
64120000	0.059158453773707154
64160000	0.06073619189858437
64200000	0.06150938033983112
64240000	0.0628948377750814
64280000	0.06439130861125887
64320000	0.06500073856338859
64360000	0.06350912894830107
64400000	0.06466804504133761
64440000	0.06444921863116324
64480000	0.06430705340951681
64520000	0.064484688276425
64560000	0.06332425372898579
64600000	0.062373594380915165
64640000	0.06313917186744511
64680000	0.06312549119219184
64720000	0.06387768601551652
64760000	0.06412689781785011
64800000	0.06307465763352811
64840000	0.0646320181876421
64880000	0.06294512240588665
64920000	0.06503857999742031
64960000	0.0644440272461623
65000000	0.06560832933261991
65040000	0.06456214031875133
65080000	0.06530177184864878
65120000	0.061916704681143166
65160000	0.06251222352571785
65200000	0.06492806005477905
65240000	0.06433691325783729
65280000	0.06558414227515459
65320000	0.06614267479591071
65360000	0.06410321340970696
65400000	0.06328592883944512
65440000	0.0656494996830821
65480000	0.06765150776058436
65520000	0.0682855747051537
65560000	0.06772980948798359
65600000	0.07021238703355193
65640000	0.07182796806767583
65680000	0.06813622699975967
65720000	0.07028576025217771
65760000	0.06975937303677202
65800000	0.07055235658660532
65840000	0.06952367853149771
65880000	0.06866456220597028
65920000	0.06621435731053352
65960000	0.0669341134659946
66000000	0.06997887394949794
66040000	0.06903909686766564
66080000	0.07192709550596774
66120000	0.0669128582932055
66160000	0.0689125328142196
66200000	0.06483761800080538
66240000	0.06988743144795298
66280000	0.07377328887581826
66320000	0.07240605236142873
66360000	0.0744335819568485
66400000	0.06825053906589747
66440000	0.06663970189392567
66480000	0.06742780182212592
66520000	0.06789193065091968
66560000	0.08031664139926434
66600000	0.08358282794840634
66640000	0.07321382129490375
66680000	0.06769283903762698
66720000	0.07326202645860612
66760000	0.06941948637254536
66800000	0.06413319917432964
66840000	0.07734048319049179
66880000	0.07818854552581907
66920000	0.07708072167150676
66960000	0.0987247622653842
67000000	0.08736265502125025
67040000	0.08173401217348873
67080000	0.06879301489628852
67120000	0.08405465894564987
67160000	0.0814386599726975
67200000	0.09738692482672631
67240000	0.07046952756531537
67280000	0.08663463222682476
67320000	0.09686864836402237
67360000	0.08423057600557804
67400000	0.09162916263639927
67440000	0.08351188875511288
67480000	0.07983762495070695
67520000	0.11830756144672633
67560000	0.06909130589962005
67600000	0.06701251948587597
67640000	0.06610692634172738
67680000	0.06589336431026459
67720000	0.06395305073745548
67760000	0.06589911067634821
67800000	0.06352716966867447
67840000	0.06436654509305954
67880000	0.06687293864451349
67920000	0.06505423242785037
67960000	0.06710477764122189
68000000	0.06349040593765676
68040000	0.06419382691085339
68080000	0.06442211459092796
68120000	0.062179858792200685
68160000	0.060139646902680394
68200000	0.06149803791046143
68240000	0.06178413286060095
68280000	0.06160874302089214
68320000	0.062125343012437224
68360000	0.06051425024569035
68400000	0.06309297868981957
68440000	0.05984077168181538
68480000	0.06065750783532858
68520000	0.061525195409357546
68560000	0.06148351102769375
68600000	0.06081734049245715
68640000	0.06273750728927553
68680000	0.06410291348174214
68720000	0.06388474828153849
68760000	0.06304458162933588
68800000	0.0629575333200395
68840000	0.06404046438671648
68880000	0.06333099699392915
68920000	0.06227422642074525
68960000	0.0643769940212369
69000000	0.06488725193142891
69040000	0.06409257878549397
69080000	0.06325272112451494
69120000	0.06518964834213258
69160000	0.06575094826184213
69200000	0.06497077040188015
69240000	0.06840335089191794
69280000	0.06400710780061782
69320000	0.06332466253377497
69360000	0.06318272600248456
69400000	0.06466075256988406
69440000	0.06446190763488412
69480000	0.06339867973290383
69520000	0.062105934422835705
69560000	0.06162851966358721
69600000	0.06118020753636956
69640000	0.06018452853858471
69680000	0.06498773127421736
69720000	0.0641319165840745
69760000	0.06329433489441871
69800000	0.061949010614678265
69840000	0.06309785762354732
69880000	0.06310198133066297
69920000	0.06309872398413718
69960000	0.06292637561932206
70000000	0.06300994289033116
70040000	0.06240139833725989
70080000	0.06301302834078669
70120000	0.06349539338499308
70160000	0.06299961932227016
70200000	0.06079840301573276
70240000	0.06195923466235399
70280000	0.061063012494519356
70320000	0.062263065201044084
70360000	0.06130151344276965
70400000	0.06121053728125989
70440000	0.0627237624436617
70480000	0.06284112893678248
70520000	0.0612173501521349
70560000	0.06408525860905648
70600000	0.06227766211144626
70640000	0.060596179998666046
70680000	0.06160657919272781
70720000	0.06353762917295099
70760000	0.062041648408770564
70800000	0.061818028381094334
70840000	0.06508934965878725
70880000	0.06631672365926206
70920000	0.062349658304452896
70960000	0.06411223534606397
71000000	0.0645328257367015
71040000	0.06966009421795606
71080000	0.06677264449633658
71120000	0.0664840338844806
71160000	0.06676847288161517
71200000	0.06985404670089483
71240000	0.06543537925891578
71280000	0.06548909003436565
71320000	0.06824529738090933
71360000	0.0664537622526288
71400000	0.06030162767767906
71440000	0.06356223400346935
71480000	0.06146848972737789
71520000	0.05977867618240416
71560000	0.06135946678519249
71600000	0.06070664154179394
71640000	0.059762373615428806
71680000	0.058092707422748205
71720000	0.060311277345940474
71760000	0.060505614709854126
71800000	0.06125079794041812
71840000	0.061279566397145394
71880000	0.060187398527190086
71920000	0.05900736354701221
71960000	0.05688574714921415
72000000	0.05605813781395554
72040000	0.058534361538290974
72080000	0.05921995721012354
72120000	0.0590103055935353
72160000	0.057918931267783046
72200000	0.05776597843505442
72240000	0.05736070686355233
72280000	0.05651037147566676
72320000	0.057629991241544484
72360000	0.05623069667629898
72400000	0.05784834157936275
72440000	0.05526016112603247
72480000	0.05740764928981662
72520000	0.059030544727668166
72560000	0.058989944146946076
72600000	0.05779757101126015
72640000	0.05916653115488589
72680000	0.05648878377117217
72720000	0.05597623075246811
72760000	0.053862688525021074
72800000	0.05604097360856831
72840000	0.05842658733613789
72880000	0.05767893215753138
72920000	0.05759953963309526
72960000	0.058838893526419994
73000000	0.058783835980296135
73040000	0.05855506832748651
73080000	0.06246184192635119
73120000	0.06157466041781008
73160000	0.06049094501957297
73200000	0.06125123781934381
73240000	0.056507674879580735
73280000	0.05706507934108376
73320000	0.05648590333983302
73360000	0.05762979905381799
73400000	0.05637245203368366
73440000	0.055083438148722054
73480000	0.05556781121082604
73520000	0.05622000679597258
73560000	0.056660709358751775
73600000	0.0573245015732944
73640000	0.05683309303820133
73680000	0.05484393578730524
73720000	0.056272341643273834
73760000	0.05521406655795872
73800000	0.055780573873966934
73840000	0.055786195645481346
73880000	0.05717678353898227
73920000	0.05680189877413213
73960000	0.05567523099370301
74000000	0.05551315062716603
74040000	0.056702725550532344
74080000	0.05500302222035825
74120000	0.05686768831796944
74160000	0.055196316543966534
74200000	0.055735832498595116
74240000	0.05520105856470764
74280000	0.054639225913956764
74320000	0.055054087801650164
74360000	0.05460079465545714
74400000	0.05501360504515469
74440000	0.05441396606527269
74480000	0.05538148436136544
74520000	0.05678846831694245
74560000	0.055361968951299786
74600000	0.053257408091053365
74640000	0.05522020538598299
74680000	0.05549703864641488
74720000	0.05516951008476317
74760000	0.054509552614390853
74800000	0.05370972779355943
74840000	0.0541512611400336
74880000	0.05536872048340738
74920000	0.054739948397502305
74960000	0.05722163049764931
75000000	0.05671813722327351
75040000	0.05686916471719742
75080000	0.05760905932188034
75120000	0.05638626832552254
75160000	0.05501495998427272
75200000	0.056190426785498855
75240000	0.05509947184436023
75280000	0.05625409762486815
75320000	0.05551064238213003
75360000	0.054904260332882406
75400000	0.056764191967993975
75440000	0.05608980839066208
75480000	0.05446818052120507
75520000	0.056605007283762096
75560000	0.05473235739246011
75600000	0.054796013763919474
75640000	0.055640038427338
75680000	0.0562053898781538
75720000	0.05746740129515528
75760000	0.05678917116895318
75800000	0.057698523509502414
75840000	0.05796484208554029
75880000	0.05763472395017743
75920000	0.058366526963561774
75960000	0.05817028470747173
76000000	0.057103425301238894
76040000	0.05708426863998175
76080000	0.05595329564698041
76120000	0.05522085637152195
76160000	0.05519728350713849
76200000	0.05498467159643769
76240000	0.05432330438047647
76280000	0.05850631502456963
76320000	0.056165099220722915
76360000	0.05592689487673342
76400000	0.05596267387382686
76440000	0.05445669409036636
76480000	0.05440017413720489
76520000	0.054565291616693136
76560000	0.056913828401640054
76600000	0.05487008003666997
76640000	0.05476395971551538
76680000	0.055668487758561966
76720000	0.05578038542605936
76760000	0.05356645221821964
76800000	0.05357285797409713
76840000	0.05450338163748383
76880000	0.054562302319332956
76920000	0.053878933450952175
76960000	0.053663115518540146
77000000	0.05330918852835893
77040000	0.0539421971257776
77080000	0.052532918467000124
77120000	0.05262181284613907
77160000	0.054704774339869616
77200000	0.0551533101901412
77240000	0.055623708467930556
77280000	0.05507721162736416
77320000	0.05637641608417034
77360000	0.05548182308152318
77400000	0.05399618746712804
77440000	0.05445562492646277
77480000	0.054534064905717966
77520000	0.055294511498510834
77560000	0.05303106639161706
77600000	0.0549279749955982
77640000	0.05330745503269136
77680000	0.053844056763127444
77720000	0.052798276337981224
77760000	0.05079117917567492
77800000	0.053118213782832026
77840000	0.05214805791135877
77880000	0.05276518619731069
77920000	0.052721431967243555
77960000	0.05441330820545554
78000000	0.054077907337620856
78040000	0.053630048264563086
78080000	0.05353706139810383
78120000	0.055485208650678394
78160000	0.052480711817368866
78200000	0.053394356306269763
78240000	0.05240007060542703
78280000	0.05274675286263227
78320000	0.0534203214276582
78360000	0.05281438030786812
78400000	0.05418945476002991
78440000	0.05374146221578121
78480000	0.05374905422776938
78520000	0.05143291453011334
78560000	0.05374592132866383
78600000	0.05297403639256954
78640000	0.05135291703529656
78680000	0.04991301612146199
78720000	0.05134904277548194
78760000	0.052320332881435755
78800000	0.05290464639477432
78840000	0.05033970927335322
78880000	0.05066857006661594
78920000	0.04999688436165452
78960000	0.0499268418468535
79000000	0.04977953072153032
79040000	0.0521709221271798
79080000	0.050385936200246215
79120000	0.05045780441537499
79160000	0.05105839692428708
79200000	0.05191765407435596
79240000	0.052329780627042057
79280000	0.05308600570522249
79320000	0.05325881468802691
79360000	0.05267324301414192
79400000	0.051640918377414344
79440000	0.05197859580479562
79480000	0.050451160269230605
79520000	0.04984435825161636
79560000	0.04898522333540022
79600000	0.0488266418993473
79640000	0.049685074689239266
79680000	0.05061002385094762
79720000	0.051783224538341166
79760000	0.05029734157286584
79800000	0.049337589669600126
79840000	0.05054023598730564
79880000	0.05141586507894099
79920000	0.050463112009316684
79960000	0.05159396372623742
80000000	0.049606723568588494
80040000	0.05069316815510392
80080000	0.049698099338263274
80120000	0.04934500292465091
80160000	0.0508714524410665
80200000	0.05291387187205255
80240000	0.053430504570156336
80280000	0.053539622129127384
80320000	0.05328689784482121
80360000	0.05138741877824068
80400000	0.050902899054065344
80440000	0.052679189351201056
80480000	0.05281500797830522
80520000	0.052233377819135784
80560000	0.05418247324675322
80600000	0.05235777303352952
80640000	0.05074325149469078
80680000	0.049127669439092275
80720000	0.05261125865504146
80760000	0.05112341616004706
80800000	0.05144610565416515
80840000	0.05325916691869497
80880000	0.052954621535912155
80920000	0.051667066901549694
80960000	0.05047265450134873
81000000	0.050867489888146517
81040000	0.050738164699077604
81080000	0.051182592502981426
81120000	0.05285314177833497
81160000	0.051542121853679415
81200000	0.05146184862479568
81240000	0.050818672081828116
81280000	0.052029816769436
81320000	0.0509999150544405
81360000	0.04890326943360269
81400000	0.05178250834457576
81440000	0.05296755126751959
81480000	0.051255985061079264
81520000	0.05122029709853232
81560000	0.05289560573734343
81600000	0.05228270230516791
81640000	0.0514571186169982
81680000	0.05246995701678097
81720000	0.05107617431730032
81760000	0.051443105019256474
81800000	0.05320013985037804
81840000	0.05323834373317659
81880000	0.05301151042990387
81920000	0.05303020440302789
81960000	0.05390847760885954
82000000	0.05364172718860209
82040000	0.05221437099762261
82080000	0.051788969511911274
82120000	0.05307316227033734
82160000	0.0544250652872026
82200000	0.05332325816899538
82240000	0.05256424031965434
82280000	0.05231402481533587
82320000	0.05388012226894498
82360000	0.052802365691587326
82400000	0.05440427201576531
82440000	0.054047261798381804
82480000	0.054912579857558014
82520000	0.05316132745780051
82560000	0.05358096135109663
82600000	0.053270198413729666
82640000	0.0560916787058115
82680000	0.05184938415661454
82720000	0.05113995388224721
82760000	0.051596610576659444
82800000	0.05125426941886544
82840000	0.051447572565823795
82880000	0.05327819131501019
82920000	0.05438305920474231
82960000	0.05396974155940115
83000000	0.05324258877784014
83040000	0.05302362629324198
83080000	0.053616408390179275
83120000	0.05211829127185047
83160000	0.053391228594258426
83200000	0.05340613111183047
83240000	0.052226198603212835
83280000	0.0529722671251744
83320000	0.05420979142226279
83360000	0.0551399074267596
83400000	0.05350156837515533
83440000	0.05284339532367885
83480000	0.0538653533179313
83520000	0.05302522340267897
83560000	0.05297274554856121
83600000	0.051815284021571276
83640000	0.050612335550785065
83680000	0.0509436526723206
83720000	0.051926771653443574
83760000	0.05062879561930895
83800000	0.04961244796775281
83840000	0.050013544382899996
83880000	0.05259062072895467
83920000	0.051665965674445036
83960000	0.05141004025824368
84000000	0.05055379556976259
84040000	0.05103715951628983
84080000	0.05235488109923899
84120000	0.05216105730496347
84160000	0.05301100583299995
84200000	0.054096031956002114
84240000	0.05341225254647434
84280000	0.05263784081526101
84320000	0.052689450824260714
84360000	0.055058372884988785
84400000	0.054374400005117056
84440000	0.05445702084228397
84480000	0.05520373974144459
84520000	0.05484700617715716
84560000	0.05541265794299543
84600000	0.055010021295398476
84640000	0.052863163965195414
84680000	0.052921591630950574
84720000	0.05304347564987838
84760000	0.05134879528917372
84800000	0.05282169716395438
84840000	0.05353916626833379
84880000	0.055575156774371866
84920000	0.05589149284847081
84960000	0.05315067305378616
85000000	0.055331052586063745
85040000	0.057584417336061594
85080000	0.058051320939138534
85120000	0.05734102468714118
85160000	0.056321283733844756
85200000	0.059374686305969954
85240000	0.058756238827109335
85280000	0.058545971054211256
85320000	0.059113881200551985
85360000	0.05853805512562394
85400000	0.05906249880641699
85440000	0.05834928346015513
85480000	0.05756476288810372
85520000	0.05631685825772584
85560000	0.05402458081319928
85600000	0.05417031043432653
85640000	0.0544763412270695
85680000	0.05519621338881552
85720000	0.05768486205339432
85760000	0.056807955368235706
85800000	0.05661464640423656
85840000	0.05673347673118114
85880000	0.0551583287358284
85920000	0.05724626593440771
85960000	0.054181840213015676
86000000	0.05481104652509093
86040000	0.0579862828310579
86080000	0.056400549639761446
86120000	0.05698911984078586
86160000	0.05816508754678071
86200000	0.057622664940357206
86240000	0.056348606994375584
86280000	0.05747751480676234
86320000	0.058600252510234714
86360000	0.058279587297514084
86400000	0.05781901867091656
86440000	0.05411379779018462
86480000	0.05428258816786111
86520000	0.05548351595439017
86560000	0.05530807276144624
86600000	0.0569169121671468
86640000	0.05740395276248455
86680000	0.05615718326047063
86720000	0.05675701497159898
86760000	0.0555691258944571
86800000	0.05676871537081897
86840000	0.05351077969521284
86880000	0.053397512835636735
86920000	0.05414628784544766
86960000	0.05322302721627056
87000000	0.05384585514068604
87040000	0.054143040774390104
87080000	0.053065368558466434
87120000	0.05302346884310245
87160000	0.05317567221932113
87200000	0.05284066325984895
87240000	0.05351153124794364
87280000	0.053711678301915526
87320000	0.05182944925688207
87360000	0.05209707261286676
87400000	0.05233972444497049
87440000	0.05239699863642454
87480000	0.052623037756234406
87520000	0.052231561578065154
87560000	0.05158633885197342
87600000	0.05182966478317976
87640000	0.05262349777445197
87680000	0.05301068050973117
87720000	0.055935568882897496
87760000	0.05449964264519513
87800000	0.054221114122867585
87840000	0.05267555816732347
87880000	0.050613897072151304
87920000	0.05079051832482219
87960000	0.04979001455157995
88000000	0.05052057757973671
88040000	0.051261565121635794
88080000	0.05212090777792037
88120000	0.05052763445191085
88160000	0.05038109260350466
88200000	0.05082263388819992
88240000	0.05192347116656602
88280000	0.05286477651782334
88320000	0.05348669007234275
88360000	0.05554509799554944
88400000	0.05491983714811504
88440000	0.05602878579050302
88480000	0.05487950609698892
88520000	0.055959052359312776
88560000	0.05689669232703745
88600000	0.05584111824296415
88640000	0.05563398585431278
88680000	0.056545821955054996
88720000	0.05610904429480434
88760000	0.05455073825977743
88800000	0.05425486251860857
88840000	0.056473743000999096
88880000	0.05651622430458665
88920000	0.05673148991651833
88960000	0.05633607082441449
89000000	0.05518471725359559
89040000	0.055561418741568926
89080000	0.0532776400513947
89120000	0.054605176281183956
89160000	0.05302972615323961
89200000	0.05392390602454543
89240000	0.05541491746306419
89280000	0.05442805418968201
89320000	0.05478029507175088
89360000	0.05464571941904724
89400000	0.05475901191011071
89440000	0.054208447761833665
89480000	0.05508197683729232
89520000	0.0544425958968699
89560000	0.05423438746966422
89600000	0.054190083933994174
89640000	0.05557187607847154
89680000	0.05329871504977345
89720000	0.05399966760948301
89760000	0.0526021398883313
89800000	0.053051693723723294
89840000	0.05363007391616702
89880000	0.053279536736011504
89920000	0.05285539803802967
89960000	0.05321399297006428
90000000	0.05573285559117794
90040000	0.05471299780420959
90080000	0.051746450650691986
90120000	0.05264481567069888
90160000	0.05207844820432365
90200000	0.05207237911745906
90240000	0.051110807966068386
90280000	0.05299114408157766
90320000	0.05299354852624238
90360000	0.05139362843595445
90400000	0.05080956203453243
90440000	0.049525654304027555
90480000	0.04904835999757051
90520000	0.051491176983341574
90560000	0.049298973156511786
90600000	0.04891184726320207
90640000	0.049053052072227
90680000	0.051300323824957014
90720000	0.05129738322123885
90760000	0.05116327164396644
90800000	0.05081889457665384
90840000	0.05013552677519619
90880000	0.04954917329698801
90920000	0.049152249708399175
90960000	0.051338523956388236
91000000	0.05052950629107654
91040000	0.04909150798432529
91080000	0.04801444224379957
91120000	0.05136489215455949
91160000	0.05056623648628592
91200000	0.050211655027046796
91240000	0.04973910238482058
91280000	0.050772793754935264
91320000	0.04951824339181185
91360000	0.048103758243471385
91400000	0.050147660361602904
91440000	0.05062216137945652
91480000	0.04878430575244129
91520000	0.04805672063529491
91560000	0.04641473173648119
91600000	0.04784916678443551
91640000	0.04715453284047544
91680000	0.04634114687852561
91720000	0.04701100670360029
91760000	0.04947432718202472
91800000	0.04987542464360595
91840000	0.04937817475274205
91880000	0.04916251859031617
91920000	0.0470052092321217
91960000	0.047315610787644985
92000000	0.04671330517530441
92040000	0.04903554178886116
92080000	0.04795808698162436
92120000	0.04731425060816109
92160000	0.047841682268679145
92200000	0.04813010981827974
92240000	0.04882974592261016
92280000	0.047213740264251826
92320000	0.04924661853685975
92360000	0.048954728539660576
92400000	0.04837871784344316
92440000	0.04875372927263379
92480000	0.04836439117528498
92520000	0.048629797147586945
92560000	0.04704167749248445
92600000	0.04809996899813414
92640000	0.0468328268121928
92680000	0.04675997532270849
92720000	0.04816761764846742
92760000	0.047649511510506275
92800000	0.047932185788452625
92840000	0.04879595806710422
92880000	0.048087575432285666
92920000	0.04996540863998234
92960000	0.04955768413394689
93000000	0.04947346173524857
93040000	0.051894174276292324
93080000	0.048005993830040096
93120000	0.04880974870286882
93160000	0.049717071813344955
93200000	0.05048277875594795
93240000	0.05090898193828761
93280000	0.048388876304402945
93320000	0.05031869843453169
93360000	0.050010553120076656
93400000	0.049388963724672795
93440000	0.05005696527101099
93480000	0.0481404833573848
93520000	0.047705437811091544
93560000	0.045113407195359466
93600000	0.04690562876611948
93640000	0.04671168593913317
93680000	0.04610323950462043
93720000	0.04558289817534387
93760000	0.0448523363288492
93800000	0.045214181799069046
93840000	0.04482866170816124
93880000	0.04576631676070392
93920000	0.044625320895388725
93960000	0.0459602192170918
94000000	0.04539473054036498
94040000	0.0460422156393528
94080000	0.04568855029270053
94120000	0.045473307978734376
94160000	0.04585887620858848
94200000	0.046299424158781764
94240000	0.04596275632232428
94280000	0.04557052001431584
94320000	0.04623882854804397
94360000	0.04570858076401055
94400000	0.047551025582104924
94440000	0.04726763920355588
94480000	0.04709551682583988
94520000	0.04767194511964917
94560000	0.048892294301465154
94600000	0.04640391264371574
94640000	0.0461588229522109
94680000	0.04724201355278492
94720000	0.04579602420851588
94760000	0.04543991871997714
94800000	0.04552925722412765
94840000	0.04630076413154602
94880000	0.046715890259668234
94920000	0.04599662257619202
94960000	0.04545864774286747
95000000	0.04536163139007986
95040000	0.04647523116879165
95080000	0.04605941589772701
95120000	0.04585934122204781
95160000	0.045218096658214926
95200000	0.04495374458357692
95240000	0.045798159785196184
95280000	0.045868102775886654
95320000	0.044749454363435505
95360000	0.0472155586078763
95400000	0.04700160312354565
95440000	0.0464127724442631
95480000	0.04615781245753169
95520000	0.046471409133449194
95560000	0.0447723497312516
95600000	0.04676767074353993
95640000	0.04646935302689671
95680000	0.04544584007263184
95720000	0.04541541442759335
95760000	0.044618252738937735
95800000	0.04401000543832779
95840000	0.04523532707802951
95880000	0.04628364218249917
95920000	0.04642840073257685
95960000	0.046233600760251285
96000000	0.04544479885585606
96040000	0.0448370068654418
96080000	0.045525749197229744
96120000	0.046291089114546775
96160000	0.045317266992852094
96200000	0.04562484185956418
96240000	0.04661632452122867
96280000	0.04481911705732346
96320000	0.04559005686976016
96360000	0.044507198601216075
96400000	0.043639657162874934
96440000	0.04442919637598097
96480000	0.04564951007850468
96520000	0.0454764250703156
96560000	0.045005314290896055
96600000	0.04590128662474453
96640000	0.047984002039954066
96680000	0.04707458541169763
96720000	0.04614572151787579
96760000	0.04704917750433087
96800000	0.043687940838932994
96840000	0.045553863205760714
96880000	0.04641962425000966
96920000	0.04560203399751336
96960000	0.045966933519020675
97000000	0.04486577061340213
97040000	0.04507363085672259
97080000	0.04563283974565566
97120000	0.04641948198191822
97160000	0.04544617292061448
97200000	0.045179182117432354
97240000	0.04515904455333948
97280000	0.04450571297816932
97320000	0.044422818516939876
97360000	0.043839337159320715
97400000	0.043917688999325036
97440000	0.04404371140003204
97480000	0.045710543286055325
97520000	0.04579255909398198
97560000	0.04586918901391327
97600000	0.047815951557457444
97640000	0.04696422273479402
97680000	0.04693395118117333
97720000	0.0477443831179291
97760000	0.04654622630737722
97800000	0.04550774272754789
97840000	0.046256990483030676
97880000	0.04701462951563299
97920000	0.04751401159204543
97960000	0.04695218437574804
98000000	0.04556037313602865
98040000	0.04646550921797753
98080000	0.046607845025509596
98120000	0.04480673025511205
98160000	0.043643419791013
98200000	0.04395751083344221
98240000	0.04602327234037221
98280000	0.04696062939800322
98320000	0.04346275736428797
98360000	0.04557974492125213
98400000	0.04484434756115079
98440000	0.0438676010042429
98480000	0.046088520620390774
98520000	0.04466837681680918
98560000	0.044980533254146575
98600000	0.04465617330595851
98640000	0.04512093606330454
98680000	0.04567361620143056
98720000	0.04488335465379059
98760000	0.0450048405893147
98800000	0.044676444274187085
98840000	0.04409979085475206
98880000	0.04332395054101944
98920000	0.04277188966907561
98960000	0.043819896797090765
99000000	0.043919106417521836
99040000	0.044617974496632816
99080000	0.04435175423435867
99120000	0.04565644694231451
99160000	0.04463010104075074
99200000	0.04593000869750977
99240000	0.04544836477674544
99280000	0.0453396861102432
99320000	0.044539010445028546
99360000	0.04425082483626902
99400000	0.043996078795567155
99440000	0.04499660948850214
99480000	0.04503423419855535
99520000	0.04341529970653355
99560000	0.04415366933401674
99600000	0.043471891294419765
99640000	0.043172219722718
99680000	0.04508090897537768
99720000	0.04341150852814317
99760000	0.044505920695140956
99800000	0.04468384530693292
99840000	0.044170378896966574
99880000	0.043923053260147574
99920000	0.045396811595931646
99960000	0.044755965349823235
100000000	0.044994129941239955
