240000	0.039222249329462645
280000	0.037205458357557654
320000	0.023622200397774577
360000	0.017584188616462052
400000	0.015144393119588494
440000	0.013478718805778772
480000	0.012527102255914361
520000	0.011712360446993262
560000	0.01169060861747712
600000	0.011518540731910616
640000	0.010657366210594774
680000	0.010253998523950578
720000	0.009961368303932249
760000	0.009957410451583564
800000	0.009833153811842204
840000	0.009189785910584032
880000	0.009504983932059258
920000	0.009488860781956465
960000	0.009351246930193156
1000000	0.009178487314563244
1040000	0.009112220327276736
1080000	0.009225059548579157
1120000	0.008828855808544905
1160000	0.00935901951054111
1200000	0.009306735204905272
1240000	0.009172735339868813
1280000	0.009232850265037269
1320000	0.00929763878537342
1360000	0.009416838790662586
1400000	0.009318416891619562
1440000	0.009292861904762686
1480000	0.009214393821638078
1520000	0.009330290456395596
1560000	0.009735125281196088
1600000	0.009684014745615423
1640000	0.009753505865205079
1680000	0.009676378167793155
1720000	0.009628820694144816
1760000	0.009745092005096377
1800000	0.009414276436343788
1840000	0.009507673521060496
1880000	0.00972543316744268
1920000	0.009444281618669628
1960000	0.009395143086649477
2000000	0.00945069934418425
2040000	0.00925834037028253
2080000	0.00958196212509647
2120000	0.00961181924585253
2160000	0.009712953492067754
2200000	0.009792069117445498
2240000	0.00960627587819472
2280000	0.009550835156161338
2320000	0.009704512212518602
2360000	0.009624652318749576
2400000	0.009834181586001068
2440000	0.009964405974093824
2480000	0.00972376112099737
2520000	0.010012468055356294
2560000	0.010187980131153017
2600000	0.009656237227097153
2640000	0.00974412476317957
2680000	0.01007761284019798
2720000	0.010134581914637238
2760000	0.010050116382166744
2800000	0.010399664693325757
2840000	0.010356687601003795
2880000	0.010407985086925328
2920000	0.010448282848764211
2960000	0.010425889530591667
3000000	0.010597613002825529
3040000	0.010277931918390095
3080000	0.010373010905645788
3120000	0.010335609600972384
3160000	0.010546787973307072
3200000	0.010330196600127965
3240000	0.010173903176188468
3280000	0.010104812646470965
3320000	0.010187335666269065
3360000	0.010030871429573745
3400000	0.010016499585658312
3440000	0.010027820663899184
3480000	0.010222607765067369
3520000	0.01010077148070559
3560000	0.009924072516523302
3600000	0.010144511989876629
3640000	0.01037093778224662
3680000	0.010189213869906961
3720000	0.010345024407468735
3760000	0.010113502739090473
3800000	0.010181120981834829
3840000	0.010626816766988486
3880000	0.01008430034527555
3920000	0.010068916402198374
3960000	0.010579234343208373
4000000	0.010420662350114435
4040000	0.010019196607638151
4080000	0.01001851166728884
4120000	0.010233917994610965
4160000	0.010288169965706766
4200000	0.010185471947677433
4240000	0.010354182548262179
4280000	0.010562740660551935
4320000	0.010673698900081217
4360000	0.010683474043384194
4400000	0.010739747871644795
4440000	0.011023118222504855
4480000	0.010989604589156807
4520000	0.010812790994346141
4560000	0.010994987707585096
4600000	0.010979287434369326
4640000	0.01086947424709797
4680000	0.011095822643209248
4720000	0.011203062393609435
4760000	0.01113788397544995
4800000	0.0109484819191508
4840000	0.01065056992676109
4880000	0.010749945847131312
4920000	0.01099753484679386
4960000	0.010822374505456537
5000000	0.010804640198405832
5040000	0.01110264452220872
5080000	0.011319641164131462
5120000	0.011639520384185016
5160000	0.011615533856861293
5200000	0.011673001128528267
5240000	0.011600878427363933
5280000	0.011559033765550702
5320000	0.011452659202739596
5360000	0.011443772885203362
5400000	0.01139829813539982
5440000	0.011337238526996226
5480000	0.011057253226451576
5520000	0.011330900926794858
5560000	0.011478052887506782
5600000	0.011501205411739648
5640000	0.011488160654250533
5680000	0.011491156232450157
5720000	0.011607706069760025
5760000	0.011756159113906324
5800000	0.011455359185300768
5840000	0.011714997986145318
5880000	0.011776608771737664
5920000	0.0116772905966267
5960000	0.011543280980922282
6000000	0.011767459628917277
6040000	0.011923060370236636
6080000	0.011951491329167039
6120000	0.011615002301521599
6160000	0.011805018725991248
6200000	0.012120361633878201
6240000	0.012142897448502481
6280000	0.011806490938737988
6320000	0.011897364982403815
6360000	0.011824433832988143
6400000	0.011922277589607984
6440000	0.011593708284944295
6480000	0.011704111362807452
6520000	0.012106699103303253
6560000	0.012140234056860209
6600000	0.01201898683682084
6640000	0.012434922249428928
6680000	0.012668287600576878
6720000	0.012397057060711085
6760000	0.012282819833606481
6800000	0.012484050085023046
6840000	0.012668358061183244
6880000	0.012819136192090809
6920000	0.012418008477985859
6960000	0.012565075807273387
7000000	0.012538547085970641
7040000	0.01259904576651752
7080000	0.01251517538819462
7120000	0.012519544377271086
7160000	0.012642828124389053
7200000	0.012587579146027565
7240000	0.012337545131705702
7280000	0.01245949833318591
7320000	0.012694254944659769
7360000	0.012618225379288197
7400000	0.012364198147319257
7440000	0.012430355387553573
7480000	0.012630281411483884
7520000	0.012369007811509073
7560000	0.012185794221609831
7600000	0.012376944085303694
7640000	0.012189869542233646
7680000	0.01253455256819725
7720000	0.012311453560832887
7760000	0.012709459676779807
7800000	0.01268132497454062
7840000	0.012838013156875968
7880000	0.012713447479717433
7920000	0.012732343146018683
7960000	0.012869248117692769
8000000	0.013030574544519186
8040000	0.012957652359269559
8080000	0.012716901342198253
8120000	0.012988848738744854
8160000	0.013088666315376758
8200000	0.012912371267005802
8240000	0.013044591216929257
8280000	0.013177023392915726
8320000	0.013099432794563472
8360000	0.012914502506330609
8400000	0.013106736848130822
8440000	0.013146021406166256
8480000	0.013064545655809343
8520000	0.013084347425960005
8560000	0.013032142670452595
8600000	0.013140508279204368
8640000	0.013347172870207579
8680000	0.013070676448382437
8720000	0.013442703345604242
8760000	0.013448096025548875
8800000	0.013729834140092134
8840000	0.013357113189436495
8880000	0.013538584945630282
8920000	0.013708827439509332
8960000	0.014014459826610983
9000000	0.013855484230257571
9040000	0.013960683948732913
9080000	0.013919417149573565
9120000	0.01393466356769204
9160000	0.013702651307918132
9200000	0.014238972188904882
9240000	0.014237996159680189
9280000	0.013774641970731317
9320000	0.01364967243950814
9360000	0.014012531125638633
9400000	0.013966648920439183
9440000	0.013929252976179123
9480000	0.013913292678911239
9520000	0.01420083498787135
9560000	0.01420782614853233
9600000	0.014177341450564563
9640000	0.014185251744836569
9680000	0.014328904086723923
9720000	0.014617137290723621
9760000	0.014538938388600946
9800000	0.013940807219222189
9840000	0.014226837101206183
9880000	0.01419326718263328
9920000	0.01455563942939043
9960000	0.014195293602533639
10000000	0.01441008179038763
10040000	0.014414427940174937
10080000	0.014412030280008913
10120000	0.014134434968605638
10160000	0.01430465077292174
10200000	0.014464357092604041
10240000	0.014414096537977457
10280000	0.014019715855643154
10320000	0.014165839164517819
10360000	0.014098618893884123
10400000	0.014134009589254856
10440000	0.014025677682459355
10480000	0.014319696829468011
10520000	0.014252826265059412
10560000	0.013774408635497093
10600000	0.013581255787424744
10640000	0.014051728513278067
10680000	0.013954364853352308
10720000	0.014278312701545656
10760000	0.013945337560027837
10800000	0.014446184689272196
10840000	0.014128482207469642
10880000	0.014705761683918536
10920000	0.014500381487049163
10960000	0.014450212099589407
11000000	0.014450649436749518
11040000	0.014645054745487869
11080000	0.01442727268282324
11120000	0.014635596375539899
11160000	0.014635333437286317
11200000	0.01445612098928541
11240000	0.014241234088875353
11280000	0.014233690843358637
11320000	0.014330230017006397
11360000	0.014452422312647104
11400000	0.014271121801622213
11440000	0.014455231295153498
11480000	0.014280720369517804
11520000	0.014319035138003528
11560000	0.014127274509333074
11600000	0.014222916984185577
11640000	0.014289204355981201
11680000	0.014528811203874647
11720000	0.01411290573887527
11760000	0.014537589045614004
11800000	0.0143651622986421
11840000	0.014444459924288094
11880000	0.014066357864439487
11920000	0.014544115526694804
11960000	0.01438923115413636
12000000	0.014504795145429671
12040000	0.014129385337606073
12080000	0.01453344643227756
12120000	0.01427150377444923
12160000	0.014418272567540406
12200000	0.014073333118762821
12240000	0.014515721759013831
12280000	0.014561443122290074
12320000	0.014709250835329294
12360000	0.014537894984893501
12400000	0.014767002569139005
12440000	0.014624085527844726
12480000	0.01468227889481932
12520000	0.01460991717558354
12560000	0.014854766002856195
12600000	0.014904768188670278
12640000	0.015095493508316576
12680000	0.015074841908924282
12720000	0.015184502436593176
12760000	0.01490017266459763
12800000	0.015223814248666168
12840000	0.01479673059862107
12880000	0.01478625401891768
12920000	0.014861840629950166
12960000	0.015078199311159552
13000000	0.015111680225469172
13040000	0.014931999535858631
13080000	0.015404576927423478
13120000	0.01514437082502991
13160000	0.014787143730185926
13200000	0.014901070227846503
13240000	0.015008900533989072
13280000	0.014946420606411994
13320000	0.014811942747421562
13360000	0.015246991538442672
13400000	0.015392364845238626
13440000	0.015359253478236497
13480000	0.014955451365932822
13520000	0.015160173010826112
13560000	0.015419260377064347
13600000	0.015380706979334354
13640000	0.015192844088375568
13680000	0.015232192450016738
13720000	0.015334656292013823
13760000	0.015438846961036324
13800000	0.015227346365340054
13840000	0.015564178765192628
13880000	0.015524664675444364
13920000	0.015701817499659956
13960000	0.014838770372420549
14000000	0.015260685279592871
14040000	0.015354984836652876
14080000	0.015310393042676151
14120000	0.0151082559928298
14160000	0.015282618648931384
14200000	0.01536295354347676
14240000	0.015330235373042523
14280000	0.015080665216222405
14320000	0.015425311795808375
14360000	0.015538700561970473
14400000	0.015466885506547987
14440000	0.015355702468194067
14480000	0.015420081222057342
14520000	0.015326442199759186
14560000	0.01521737001426518
14600000	0.015055637818016112
14640000	0.015681676365062593
14680000	0.015831212375313045
14720000	0.0157059843827039
14760000	0.015278377224691213
14800000	0.015583394823223353
14840000	0.015405148967914284
14880000	0.01566959951482713
14920000	0.015482848356664181
14960000	0.016027013590373097
15000000	0.016249436590075494
15040000	0.01611394036784768
15080000	0.015649536639824508
15120000	0.016029884391650557
15160000	0.01591944315582514
15200000	0.01571012503374368
15240000	0.01534802669454366
15280000	0.015391945368424058
15320000	0.015528927305340766
15360000	0.015578772679530084
15400000	0.015594169033877552
15440000	0.015964582752250135
15480000	0.015856987758353352
15520000	0.016222514698281884
15560000	0.015600372101180255
15600000	0.015688805910386145
15640000	0.015803217177838086
15680000	0.015744214162230492
15720000	0.015540173541754484
15760000	0.015882915959693492
15800000	0.015999319102242587
15840000	0.015836699295416475
15880000	0.015875860786810518
15920000	0.016109562735818327
15960000	0.015877518918924034
16000000	0.0157306093884632
16040000	0.015511172506399452
16080000	0.015701819316297768
16120000	0.01563957692850381
16160000	0.015742612031474708
16200000	0.015422543410025536
16240000	0.015995591087639333
16280000	0.016255979337729515
16320000	0.015888694275263696
16360000	0.015753643836826085
16400000	0.01575910589657724
16440000	0.0158634393569082
16480000	0.01610886080823839
16520000	0.015714711086824536
16560000	0.015669187493249775
16600000	0.01576641162801534
16640000	0.016053159275464714
16680000	0.015551392097398638
16720000	0.015726772856898604
16760000	0.015515113038383424
16800000	0.015922174674645066
16840000	0.015733631400950254
16880000	0.01608426591884345
16920000	0.016202090550214054
16960000	0.016221502064354718
17000000	0.015613556506857276
17040000	0.016056787215359507
17080000	0.015923130539618434
17120000	0.015887883127853275
17160000	0.015708132149651645
17200000	0.0162700757374987
17240000	0.016099154192954303
17280000	0.016616172872669994
17320000	0.015824734628759326
17360000	0.01647120839301497
17400000	0.01594777041915804
17440000	0.015951468485780062
17480000	0.015611752891540527
17520000	0.015790002357959746
17560000	0.01555697171073407
17600000	0.015647364041768013
17640000	0.015835768901370464
17680000	0.015596096636075526
17720000	0.016205420604161917
17760000	0.015588621974922716
17800000	0.015312493152357639
17840000	0.015494988463446498
17880000	0.01549823694396764
17920000	0.016095991030707954
17960000	0.015613606515713037
18000000	0.01563832735400647
18040000	0.015846814589388667
18080000	0.01568338280376047
18120000	0.015903269001841545
18160000	0.015947076553478837
18200000	0.015825008464604617
18240000	0.015604787834733725
18280000	0.015354350986331701
18320000	0.015531933235749602
18360000	0.015723214151524008
18400000	0.015757559471018614
18440000	0.015179147288762032
18480000	0.015514743219129741
18520000	0.015494283881038427
18560000	0.015705079151690005
18600000	0.015618460212647916
18640000	0.015710491722263395
18680000	0.01563876950908452
18720000	0.015692158328555524
18760000	0.015607333027385175
18800000	0.015673945923149586
18840000	0.015733453204110265
18880000	0.015811942915245892
18920000	0.015625066590122878
18960000	0.015521641999855637
19000000	0.015699728203006087
19040000	0.015830698739737272
19080000	0.015642041731625797
19120000	0.015759123013168574
19160000	0.01602511572111398
19200000	0.01609685549736023
19240000	0.015827302945777773
19280000	0.01598475939165801
19320000	0.01613656753487885
19360000	0.01600130091700703
19400000	0.01588481943886727
19440000	0.015696763941831886
19480000	0.015619967634789646
19520000	0.015994091353751717
19560000	0.015599147543683647
19600000	0.015838371389172972
19640000	0.01570530036650598
19680000	0.016030843312852084
19720000	0.015697169216163456
19760000	0.01584571625366807
19800000	0.01577536599505693
19840000	0.015644276885688306
19880000	0.015244915216602385
19920000	0.015817473202385007
19960000	0.015683439334109425
20000000	0.015733455157931894
20040000	0.015696316410973667
20080000	0.015982372253760695
20120000	0.015841644271090628
20160000	0.01582727047726512
20200000	0.015522140672802925
20240000	0.01575017641726881
20280000	0.015831764909252526
20320000	0.015727234304137527
20360000	0.015485766683332623
20400000	0.01544793890118599
20440000	0.015572271910123527
20480000	0.015866542144678534
20520000	0.01598961519561708
20560000	0.01592234948631376
20600000	0.01601772401910275
20640000	0.016406512128002943
20680000	0.016285854956507684
20720000	0.015947118852287532
20760000	0.016078024568594994
20800000	0.0160504090949893
20840000	0.015916210341453553
20880000	0.015711164072342215
20920000	0.01587234340328723
20960000	0.016337395931221545
21000000	0.01579204204995185
21040000	0.015806187699362637
21080000	0.01570731890387833
21120000	0.01621633815858513
21160000	0.015915231295488774
21200000	0.015808132133446635
21240000	0.015930807392671706
21280000	0.01591024641599506
21320000	0.01583198280520737
21360000	0.015783168516680598
21400000	0.01599211015831679
21440000	0.01623401155564934
21480000	0.015789191188476978
21520000	0.016141049295291303
21560000	0.01596781246997416
21600000	0.01576925685107708
21640000	0.015796635898202658
21680000	0.015777591480314733
21720000	0.015554492082819343
21760000	0.015763463081419467
21800000	0.015599232862330973
21840000	0.015565274670347571
21880000	0.015714488521777092
21920000	0.01556631478201598
21960000	0.015330396344512701
22000000	0.015690320594795047
22040000	0.01585887322984636
22080000	0.01585804204037413
22120000	0.015437391867488623
22160000	0.015242801858298481
22200000	0.0152410628689453
22240000	0.015268142926692962
22280000	0.014886818959563971
22320000	0.015538121744431555
22360000	0.015207296877354384
22400000	0.01548853951729834
22440000	0.014900587872043252
22480000	0.015114641463011504
22520000	0.015443789050169288
22560000	0.015317900115996598
22600000	0.015312076476216315
22640000	0.015354420761205256
22680000	0.015469167422689497
22720000	0.015178919854201377
22760000	0.01488411197271198
22800000	0.015043678475730122
22840000	0.015295562282204628
22880000	0.014963769119419157
22920000	0.015149452808313072
22960000	0.015346507455594838
23000000	0.01524008827805519
23040000	0.015454765789210796
23080000	0.015515072392858565
23120000	0.015548391115479171
23160000	0.01537673882804811
23200000	0.01513194757848978
23240000	0.015416245419904589
23280000	0.015498541301302612
23320000	0.015344977691583335
23360000	0.01535261382944882
23400000	0.015147025245800614
23440000	0.015603644433431327
23480000	0.015626963274739683
23520000	0.016156892158649863
23560000	0.015525568086467684
23600000	0.01581235033273697
23640000	0.015589767081290484
23680000	0.015683952927030623
23720000	0.015278632569499314
23760000	0.015414603029750288
23800000	0.0157069239448756
23840000	0.015316001626476646
23880000	0.015418956114538014
23920000	0.015575749481655658
23960000	0.015937140476331116
24000000	0.015299111386295408
24040000	0.015133284580800682
24080000	0.014907694782316685
24120000	0.014978484212234616
24160000	0.015310744976066054
24200000	0.014934721356630326
24240000	0.01483797210045159
24280000	0.014925445646978914
24320000	0.014937635846436023
24360000	0.014815820072963833
24400000	0.014957043032348155
24440000	0.01511748785469681
24480000	0.014989692840725183
24520000	0.014740840812586248
24560000	0.01505754483062774
24600000	0.015115440670400857
24640000	0.01536973777608946
24680000	0.01488079205248505
24720000	0.01505472690742463
24760000	0.015154550581797958
24800000	0.015256614150293172
24840000	0.014862024638615549
24880000	0.014932341233827173
24920000	0.015159952716343105
24960000	0.015365358673408628
25000000	0.014905318897869438
25040000	0.015132902153208852
25080000	0.015049276769347489
25120000	0.01523750921189785
25160000	0.014479278200119733
25200000	0.015096059354394674
25240000	0.015033846618793905
25280000	0.015283417367562651
25320000	0.014786942873708903
25360000	0.015006457599997521
25400000	0.015190495937503875
25440000	0.015289167767763137
25480000	0.01481284751817584
25520000	0.014950437916629016
25560000	0.015463949337229133
25600000	0.015357913386449217
25640000	0.014801168252620846
25680000	0.015270466159284115
25720000	0.015302237906306982
25760000	0.01539874684009701
25800000	0.014861903632245958
25840000	0.014918194907531141
25880000	0.015367449612356723
25920000	0.015389881303161383
25960000	0.015324788318574428
26000000	0.015691600584425033
26040000	0.015564344033040106
26080000	0.015450612754747272
26120000	0.015310538416728378
26160000	0.015455731558054686
26200000	0.015292631624825298
26240000	0.015208504001423716
26280000	0.014875086826086044
26320000	0.014717343549057842
26360000	0.015067029483057558
26400000	0.015062539049051702
26440000	0.015068070149980486
26480000	0.014921006495133043
26520000	0.015031242988444864
26560000	0.014712914840131998
26600000	0.01480048658438027
26640000	0.014780936043336988
26680000	0.0150381326476112
26720000	0.01488758422974497
26760000	0.014987447519041597
26800000	0.014882622312009335
26840000	0.015007023719325661
26880000	0.014623629798181355
26920000	0.014893318156711757
26960000	0.015291670564562083
27000000	0.015096549680456518
27040000	0.015160769223235547
27080000	0.014601143863610923
27120000	0.014677632497996092
27160000	0.01485128430929035
27200000	0.01533525565750897
27240000	0.0145770021783188
27280000	0.015028934942744673
27320000	0.014842136256024242
27360000	0.015088555714115501
27400000	0.015035964344162494
27440000	0.01530173082370311
27480000	0.015058157389052211
27520000	0.01539853192884475
27560000	0.014895430423505605
27600000	0.015016894996538759
27640000	0.01515145842526108
27680000	0.015216150470264256
27720000	0.01477977005187422
27760000	0.014769167921692134
27800000	0.014898054824769497
27840000	0.014989117336086929
27880000	0.015003502437658607
27920000	0.01499873554110527
27960000	0.015032802904956042
28000000	0.015293066995032132
28040000	0.01476739043481648
28080000	0.015003046680428088
28120000	0.0151016527088359
28160000	0.015075212989747525
28200000	0.014729023117944598
28240000	0.01477982803620398
28280000	0.014929489050246774
28320000	0.01533668542187661
28360000	0.014800667394138873
28400000	0.015130729515850544
28440000	0.014939706579223276
28480000	0.015172712463699282
28520000	0.014730363918654621
28560000	0.015307552932389081
28600000	0.015251037038117646
28640000	0.015076131371036172
28680000	0.014665403435193002
28720000	0.014710949592851102
28760000	0.014764986086264253
28800000	0.014880037169717253
28840000	0.014588615731149912
28880000	0.015049633456021547
28920000	0.014999028280191123
28960000	0.014654620591178537
29000000	0.014553219790197908
29040000	0.014748961228691041
29080000	0.014812014568969608
29120000	0.01523156622108072
29160000	0.014538457878306509
29200000	0.015375706966221333
29240000	0.01528023595660925
29280000	0.014993582978844643
29320000	0.014486830215528608
29360000	0.01469721503816545
29400000	0.014755747381597756
29440000	0.014655472387932241
29480000	0.014382295834459364
29520000	0.01487227832954377
29560000	0.01473110740389675
29600000	0.015035926948860287
29640000	0.014711112337373197
29680000	0.014868291858956217
29720000	0.014712342272512615
29760000	0.01511850696709007
29800000	0.014441510630957782
29840000	0.014536247845739127
29880000	0.01482605313565582
29920000	0.014397528029046952
29960000	0.014407138689979912
30000000	0.014293286936171353
30040000	0.014442439186014235
30080000	0.01452958604618907
30120000	0.014289841088093818
30160000	0.014247893049567938
30200000	0.01432923468016088
30240000	0.014454293164983392
30280000	0.014289527123235167
30320000	0.014242038879729807
30360000	0.014592075216211378
30400000	0.014607447456382216
30440000	0.014247923994995654
30480000	0.014297333653829992
30520000	0.014313008437678219
30560000	0.014185284479521216
30600000	0.01419892481546849
30640000	0.01409999740254134
30680000	0.014149093547090888
30720000	0.014078203880414367
30760000	0.014200957560352981
30800000	0.014210443866066635
30840000	0.014347934546880424
30880000	0.014261097582429648
30920000	0.01423229062706232
30960000	0.01451717150527984
31000000	0.014165029028430582
31040000	0.014510711366124451
31080000	0.0138962959991768
31120000	0.014083545220829547
31160000	0.014046886220760644
31200000	0.014272490384429693
31240000	0.014186713457852601
31280000	0.014079558299481869
31320000	0.01413820582088083
31360000	0.01432440748475492
31400000	0.013900500597245992
31440000	0.014520725159719586
31480000	0.014250292268581688
31520000	0.014193944884464144
31560000	0.013956817782483994
31600000	0.014376054164581
31640000	0.014526447610557078
31680000	0.014563396847620607
31720000	0.014247164470516145
31760000	0.014077988862246276
31800000	0.014460130410082638
31840000	0.014350660973414779
31880000	0.014407936458103359
31920000	0.014241277116443962
31960000	0.014376484216190874
32000000	0.013985654925368726
32040000	0.014316740730777383
32080000	0.014169643644429743
32120000	0.014062998104281724
32160000	0.014258106844127177
32200000	0.014088188059069216
32240000	0.01423228791859001
32280000	0.014389779943786561
32320000	0.014280640170536936
32360000	0.014277615488134325
32400000	0.014160476601682603
32440000	0.014511922737210988
32480000	0.014435665707662701
32520000	0.014255158683471382
32560000	0.014878685335442423
32600000	0.014483921992965042
32640000	0.01479875460434705
32680000	0.014333667419292033
32720000	0.01436344300340861
32760000	0.01467645686455071
32800000	0.01501952936956659
32840000	0.014815996973030269
32880000	0.014566800013184547
32920000	0.014887677801586688
32960000	0.014702998789213597
33000000	0.014671681034937501
33040000	0.014993182542547584
33080000	0.015237347881868481
33120000	0.015168120356462896
33160000	0.014835005019418895
33200000	0.014998054895922541
33240000	0.014976849702000618
33280000	0.015170781449973584
33320000	0.014810316787846386
33360000	0.01493466194793582
33400000	0.01521342822238803
33440000	0.015019953843764961
33480000	0.014450366136059165
33520000	0.01483009652979672
33560000	0.015033997013792396
33600000	0.01517903211209923
33640000	0.014692078509368002
33680000	0.015145475668646395
33720000	0.014884032972343267
33760000	0.014883536719344557
33800000	0.014858263944834471
33840000	0.014913287713378668
33880000	0.014922275246679783
33920000	0.014945785390399396
33960000	0.014814926059544086
34000000	0.01609598018862307
34040000	0.0158865223351866
34080000	0.01568771710190922
34120000	0.015068624058365822
34160000	0.01498974127303809
34200000	0.01482390432152897
34240000	0.014890135774761438
34280000	0.014487008644454182
34320000	0.014690824155882002
34360000	0.014767746387049556
34400000	0.01512015865072608
34440000	0.014466719524469226
34480000	0.014665123041905462
34520000	0.014897722570039332
34560000	0.01460729101523757
34600000	0.014347993571311236
34640000	0.01459671382503584
34680000	0.014369694528356194
34720000	0.015037365162931382
34760000	0.014507223900780082
34800000	0.014507382560241967
34840000	0.014500302737951278
34880000	0.014470335106551647
34920000	0.013947028506640344
34960000	0.014229871466197074
35000000	0.01402890557879582
35040000	0.014362145170196891
35080000	0.01401054065208882
35120000	0.014318319701217115
35160000	0.014475738925486804
35200000	0.014430672599561512
35240000	0.014061785797588527
35280000	0.014532386578246952
35320000	0.014631638168171049
35360000	0.014281562555767596
35400000	0.01402791400551796
35440000	0.014188723847456276
35480000	0.01463408653922379
35520000	0.014586063087172807
35560000	0.014022211581096053
35600000	0.014044105523079633
35640000	0.013973795980773866
35680000	0.01413388425372541
35720000	0.013934951924532651
35760000	0.01428901189006865
35800000	0.014434520612843334
35840000	0.014174925498850644
35880000	0.014106164887920021
35920000	0.014159645746834575
35960000	0.013859410488791763
36000000	0.014631439896672965
36040000	0.014103000622056425
36080000	0.013992173948138953
36120000	0.014130507951602339
36160000	0.014050256135128439
36200000	0.013966476762853564
36240000	0.013911073519289493
36280000	0.013962472764402628
36320000	0.014106915770098568
36360000	0.014206533611565828
36400000	0.014414386156201362
36440000	0.014441716680303217
36480000	0.014238817533478141
36520000	0.01440674912519753
36560000	0.015255280145443976
36600000	0.014689984902739525
36640000	0.01488920866753906
36680000	0.014458956001512707
36720000	0.014374295948818326
36760000	0.014232960854563862
36800000	0.014633241251297295
36840000	0.014062626197747886
36880000	0.014217441773042083
36920000	0.014095939392596483
36960000	0.014124612351320684
37000000	0.01376803580019623
37040000	0.013926492800936103
37080000	0.014089971786178648
37120000	0.014227910181134939
37160000	0.013796556620113552
37200000	0.013845916757173836
37240000	0.013916802754253148
37280000	0.014066574761923403
37320000	0.014146475333161651
37360000	0.01423260326012969
37400000	0.013880104367993772
37440000	0.01404231204148382
37480000	0.013749892380274832
37520000	0.014154219326376914
37560000	0.01423159704245627
37600000	0.014252033367007972
37640000	0.01390264731310308
37680000	0.013897403680719435
37720000	0.013948580794595182
37760000	0.01402560055013746
37800000	0.013842308198288083
37840000	0.014216125366836786
37880000	0.014338432451337577
37920000	0.013825047343038023
37960000	0.013975109479948879
38000000	0.014208416538499295
38040000	0.01439082776196301
38080000	0.01428730150591582
38120000	0.0139527253636159
38160000	0.014513473023101688
38200000	0.01472404713910073
38240000	0.014890018493868411
38280000	0.013976976506970823
38320000	0.014109244297351688
38360000	0.014330363744683564
38400000	0.014226730912178754
38440000	0.014173237693496049
38480000	0.014550790693610906
38520000	0.014417604926601052
38560000	0.014643291723728179
38600000	0.014125787696242332
38640000	0.014313969726674258
38680000	0.014565675318054855
38720000	0.014303891971707344
38760000	0.014500398573465646
38800000	0.014538101054541766
38840000	0.014736888576485217
38880000	0.014602557293325663
38920000	0.014016511391103268
38960000	0.014308681564219296
39000000	0.014477657353505492
39040000	0.01426524045970291
39080000	0.014259857763163745
39120000	0.014530514944344758
39160000	0.014778017685562372
39200000	0.0140806302851066
39240000	0.013897779212892055
39280000	0.014065433247573674
39320000	0.014014135962538421
39360000	0.014216149543598294
39400000	0.014042069653980433
39440000	0.014269764430634678
39480000	0.01430536004062742
39520000	0.014334928585961462
39560000	0.01414997114147991
39600000	0.014455669087730348
39640000	0.014161340203508734
39680000	0.014170971001964062
39720000	0.014391037834621966
39760000	0.014683504033833741
39800000	0.014696378767862915
39840000	0.014592553446441888
39880000	0.014283971852250396
39920000	0.014354511638637633
39960000	0.013937923337705433
40000000	0.014321009179018438
40040000	0.013924825684912503
40080000	0.014280357043258847
40120000	0.014066519184783102
40160000	0.01398767950180918
40200000	0.013661178074218332
40240000	0.014025484105944633
40280000	0.013966929273866117
40320000	0.013784614906087518
40360000	0.013676376937143504
40400000	0.013667736454308034
40440000	0.013671667800657452
40480000	0.013652306911349296
40520000	0.013289362337440252
40560000	0.013995892051979899
40600000	0.013694205493666232
40640000	0.013579546752944588
40680000	0.013565581479109823
40720000	0.013938337330147625
40760000	0.013861803752183915
40800000	0.014016728107072413
40840000	0.01370027129817754
40880000	0.014202405864745379
40920000	0.014078232100605964
40960000	0.01450424426048994
41000000	0.013984037313982844
41040000	0.014288579574041069
41080000	0.013955563155375422
41120000	0.013906090043485165
41160000	0.013704278247617186
41200000	0.013755514373630285
41240000	0.013810297903977335
41280000	0.01422498367484659
41320000	0.013461747658997774
41360000	0.013651733677089214
41400000	0.013907443547993899
41440000	0.013756265769340099
41480000	0.013360114800743759
41520000	0.013620545874163508
41560000	0.013558573653176427
41600000	0.013765811144001782
41640000	0.01368634942136705
41680000	0.013973384268768131
41720000	0.014213862225506455
41760000	0.013827352673187852
41800000	0.014141346659883857
41840000	0.014021535739861429
41880000	0.013862271021865309
41920000	0.013505130831897258
41960000	0.013709989249426872
42000000	0.013765576541423798
42040000	0.013789045513421297
42080000	0.01419906803984195
42120000	0.013894632150046528
42160000	0.013969333811104297
42200000	0.013902407165244221
42240000	0.01376951218675822
42280000	0.013502674630098044
42320000	0.013510956326685846
42360000	0.013736267995461822
42400000	0.013823116309568286
42440000	0.013843576370365918
42480000	0.013620117367431522
42520000	0.0134901501506567
42560000	0.013827571837976576
42600000	0.013622587539069355
42640000	0.01353656422868371
42680000	0.013578436568938196
42720000	0.013855806424282491
42760000	0.013468455313332378
42800000	0.013798159382678568
42840000	0.013787042361870408
42880000	0.013917826721444726
42920000	0.013807445980701596
42960000	0.013884998137503862
43000000	0.01376832958701998
43040000	0.0137890655066818
43080000	0.013698369231261312
43120000	0.014043045274913311
43160000	0.013663992409408092
43200000	0.013960113463737071
43240000	0.01324623456420377
43280000	0.013688726826570928
43320000	0.013531167724728585
43360000	0.013625388113595545
43400000	0.013385614364221692
43440000	0.013811344141326844
43480000	0.013651351213641465
43520000	0.014109741970524193
43560000	0.013409455715492367
43600000	0.013841049158014358
43640000	0.013851104498654603
43680000	0.01378903255686164
43720000	0.013917954123020172
43760000	0.013801006842590868
43800000	0.013766760086268186
43840000	0.013955228902213275
43880000	0.01360753190740943
43920000	0.013867031637113541
43960000	0.0135434354390949
44000000	0.01359263921137899
44040000	0.013877460047788918
44080000	0.013005899209901691
44120000	0.013811504985019565
44160000	0.014055740116164088
44200000	0.013737636636383832
44240000	0.013351409916020929
44280000	0.013792718191817403
44320000	0.014036697725392878
44360000	0.013310346815176307
44400000	0.013551705434545874
44440000	0.013959513343125582
44480000	0.013413547339849174
44520000	0.013517428679950535
44560000	0.013756281964853406
44600000	0.013904683582670987
44640000	0.013754119943268597
44680000	0.014171256540715695
44720000	0.014289738047681749
44760000	0.014559821245260536
44800000	0.014152418835368007
44840000	0.013744993356615305
44880000	0.014008707513660193
44920000	0.0144952485460788
44960000	0.01431883994732052
45000000	0.014105706667806953
45040000	0.01426447054259479
45080000	0.014318210227042437
45120000	0.01405579725317657
45160000	0.013812341663055122
45200000	0.013968074251897633
45240000	0.013968599766679107
45280000	0.014042539432272315
45320000	0.013633734389394522
45360000	0.01378909161631018
45400000	0.013929888195171953
45440000	0.014270546539872885
45480000	0.01394924126882106
45520000	0.014111133377999067
45560000	0.014302273374050855
45600000	0.014066694985702633
45640000	0.013728657855466009
45680000	0.013963615164346993
45720000	0.013799139629490673
45760000	0.014078657377324999
45800000	0.013748946688510478
45840000	0.013926205501146614
45880000	0.013941032805480064
45920000	0.014106798779964447
45960000	0.014093619424849749
46000000	0.014563766991533339
46040000	0.014308014942705631
46080000	0.014646743406169116
46120000	0.014504001331422479
46160000	0.013858210523054004
46200000	0.0142405801653862
46240000	0.014315621341764928
46280000	0.013803058717306704
46320000	0.014449484212696552
46360000	0.014314006442576646
46400000	0.014351393574848771
46440000	0.014114456624165177
46480000	0.014110468378290534
46520000	0.014433100320026279
46560000	0.015320199925266207
46600000	0.014388914396706969
46640000	0.01514870609100908
46680000	0.01515471314266324
46720000	0.01449697038922459
46760000	0.014061151421815157
46800000	0.014627353004924954
46840000	0.014418001833744348
46880000	0.014365604939125478
46920000	0.014228483182750643
46960000	0.014088877817615867
47000000	0.014165522907860576
47040000	0.014257408333010972
47080000	0.014063889737427235
47120000	0.014238505315687508
47160000	0.014228383671306074
47200000	0.013780277833528816
47240000	0.014059141810238361
47280000	0.014288255187682808
47320000	0.01379202485345304
47360000	0.014161641990579664
47400000	0.013658168585225939
47440000	0.014401882855966688
47480000	0.01460049270875752
47520000	0.014075963175855577
47560000	0.014085140560381114
47600000	0.014062900129146873
47640000	0.013935592553019524
47680000	0.014012865241244435
47720000	0.013989355851523578
47760000	0.013947390101477504
47800000	0.014134171187505125
47840000	0.013941107179038226
47880000	0.013817029933072626
47920000	0.014020355958119035
47960000	0.014079158967733383
48000000	0.013855156316421926
48040000	0.013691659972816706
48080000	0.01385548892673105
48120000	0.013948855325952173
48160000	0.013771629961766303
48200000	0.013742341258376837
48240000	0.01380066599752754
48280000	0.013721756066288799
48320000	0.014028344885166735
48360000	0.013752802903018892
48400000	0.013842894412577153
48440000	0.014207282394170762
48480000	0.014064087707363069
48520000	0.01456003702916205
48560000	0.014473019328899682
48600000	0.014255849478207528
48640000	0.014363061211071908
48680000	0.014098953349329531
48720000	0.014090280967578292
48760000	0.014102360030636191
48800000	0.014078998928517104
48840000	0.014089423130452633
48880000	0.014001038497872651
48920000	0.014587537838332354
48960000	0.014306844091415406
49000000	0.013855737730115652
49040000	0.01403789780791849
49080000	0.01431838986184448
49120000	0.014229284452274442
49160000	0.014235130614228547
49200000	0.014299161293543874
49240000	0.013905110878124833
49280000	0.014125546354427934
49320000	0.013717730916291476
49360000	0.013939393824338913
49400000	0.013884488186612726
49440000	0.013982986381649971
49480000	0.014163656095415355
49520000	0.014493938805907965
49560000	0.01410411124471575
49600000	0.014479875325690955
49640000	0.013772433439455927
49680000	0.013997857753746212
49720000	0.014166569275595248
49760000	0.014300421174615621
49800000	0.014103656975366176
49840000	0.014481659300997853
49880000	0.014339872980304062
49920000	0.014059726809896528
49960000	0.013983686435967684
50000000	0.014605585344694555
50040000	0.014595034259557724
50080000	0.014396000156644731
50120000	0.013941565524600446
50160000	0.01398758475407958
50200000	0.014126196916028858
50240000	0.01419647028464824
50280000	0.013981593604013324
50320000	0.013979164665192365
50360000	0.014300652354210614
50400000	0.014002444753423333
50440000	0.013731476859748364
50480000	0.013892037267237901
50520000	0.013911063484288753
50560000	0.014013356930296868
50600000	0.01396700941938907
50640000	0.014047106859087943
50680000	0.014223294875025749
50720000	0.01404168432271108
50760000	0.014536096960492432
50800000	0.014509265614114702
50840000	0.014321263021044433
50880000	0.014554070321656764
50920000	0.01453796957693994
50960000	0.014706890858337283
51000000	0.015165271321870387
51040000	0.014520454724691809
51080000	0.014235627073980867
51120000	0.014071015106886626
51160000	0.014310753548145294
51200000	0.01440526401195675
51240000	0.014203181766346096
51280000	0.014430697084963322
51320000	0.014137523632869124
51360000	0.014148968784417957
51400000	0.013934478349797427
51440000	0.014077886082418263
51480000	0.014240745370276272
51520000	0.013747026265226305
51560000	0.0135864741390571
51600000	0.013716974953375757
51640000	0.013857378543354571
51680000	0.01375584822492674
51720000	0.01381515052113682
51760000	0.013785305346362292
51800000	0.014173540949821472
51840000	0.013969203934818507
51880000	0.01400638935752213
51920000	0.014310764204710722
51960000	0.014081204400211572
52000000	0.014395099749229848
52040000	0.013900243796035647
52080000	0.014063702166825533
52120000	0.014055060337297618
52160000	0.014188012128323317
52200000	0.014133734341338277
52240000	0.014174873192608356
52280000	0.014068704061955213
52320000	0.014739945351332426
52360000	0.014194346823915838
52400000	0.014124086523987353
52440000	0.014376537010632455
52480000	0.014231951668485999
52520000	0.013636176981590689
52560000	0.014233188245631754
52600000	0.013933201531879604
52640000	0.01434714705515653
52680000	0.014212489408999681
52720000	0.014426450493000448
52760000	0.0142906882815063
52800000	0.014300997917354107
52840000	0.014121114229783415
52880000	0.014229915229417384
52920000	0.01440601943153888
52960000	0.014511282164789736
53000000	0.015121814569644629
53040000	0.014798712806776165
53080000	0.01433002227563411
53120000	0.01507672958523035
53160000	0.014402615745738149
53200000	0.014496349223889411
53240000	0.014314204864390194
53280000	0.014725767871178687
53320000	0.01398215483929962
53360000	0.014446780955977737
53400000	0.014523050462640822
53440000	0.014572523892857134
53480000	0.014023965907469392
53520000	0.014335083031468094
53560000	0.014751432881504297
53600000	0.014588564475812018
53640000	0.014604452652670442
53680000	0.014740630518645048
53720000	0.014508609847351908
53760000	0.014904261519014835
53800000	0.01440782701522112
53840000	0.014306987234391272
53880000	0.014851011090911925
53920000	0.01480985529385507
53960000	0.014531896450743079
54000000	0.01441505167875439
54040000	0.014126662920601666
54080000	0.014510391661524773
54120000	0.014099134342744946
54160000	0.01430773743391037
54200000	0.01451338579505682
54240000	0.014136939643882214
54280000	0.0139708017218858
54320000	0.014031411280483007
54360000	0.014176016986183822
54400000	0.014260367913730443
54440000	0.014294539869204164
54480000	0.014080080750770867
54520000	0.014091693029925228
54560000	0.014532124800235033
54600000	0.014408233861066402
54640000	0.014386085920035839
54680000	0.014175709424726665
54720000	0.014391213082708418
54760000	0.013976933134160936
54800000	0.013954634962789715
54840000	0.014197202078066766
54880000	0.014184134112857282
54920000	0.01386106020528823
54960000	0.014111235248856246
55000000	0.014001396322064102
55040000	0.01385609857030213
55080000	0.01360998514611274
55120000	0.013949988822452724
55160000	0.014065425106883049
55200000	0.014111974296718836
55240000	0.013646079130191356
55280000	0.013658215411007405
55320000	0.01373371352404356
55360000	0.013995499707199634
55400000	0.013794756160117687
55440000	0.013673237641528248
55480000	0.013896960641816258
55520000	0.01443690116070211
55560000	0.014149230257421732
55600000	0.01402129125073552
55640000	0.014031624729558826
55680000	0.01383284523524344
55720000	0.013861710927449167
55760000	0.014003974783793092
55800000	0.013896508463006467
55840000	0.01385062810741365
55880000	0.01349227775838226
55920000	0.014372984516620635
55960000	0.013845892501343042
56000000	0.013803156619332731
56040000	0.013773709378577768
56080000	0.013839134020917118
56120000	0.013625877928361297
56160000	0.013696041628718377
56200000	0.01350094661898911
56240000	0.013593726931791752
56280000	0.013677288993261755
56320000	0.013663606789521873
56360000	0.013714172375388443
56400000	0.014024368701502681
56440000	0.014319596381299197
56480000	0.013925546179711819
56520000	0.013705001226905733
56560000	0.013421069662645458
56600000	0.01370430746525526
56640000	0.013730062839388848
56680000	0.013844158925116062
56720000	0.013664802990108728
56760000	0.014052957016043364
56800000	0.013994136455841362
56840000	0.014020974526368081
56880000	0.013937171020172537
56920000	0.013814170419238507
56960000	0.013517704706639051
57000000	0.01348856104798615
57040000	0.013183028397336602
57080000	0.013821201530843973
57120000	0.013889891216158867
57160000	0.013512454214319587
57200000	0.013701649277377874
57240000	0.013755408847145736
57280000	0.014000746847130359
57320000	0.01406450264751911
57360000	0.014311652625352144
57400000	0.014353971570171415
57440000	0.014349541713576764
57480000	0.014193840083293616
57520000	0.013951691225357353
57560000	0.013981509896554053
57600000	0.014039310330897569
57640000	0.014002756965346634
57680000	0.013942820910923182
57720000	0.013909309885650874
57760000	0.014111004374176265
57800000	0.013689712604507805
57840000	0.014143677939567716
57880000	0.014306301172170788
57920000	0.014316864260099827
57960000	0.01411192622911185
58000000	0.014321611435711383
58040000	0.014101544682122767
58080000	0.014011650337930769
58120000	0.013346254224702717
58160000	0.013968192138336598
58200000	0.01370534127857536
58240000	0.014028405214101076
58280000	0.013612536160741002
58320000	0.013740233090892433
58360000	0.014042344244942068
58400000	0.013961988596059382
58440000	0.013725685075484216
58480000	0.013835260244179517
58520000	0.013694260311685502
58560000	0.013535380794107914
58600000	0.013481605350412429
58640000	0.013859449999686331
58680000	0.014315948590822518
58720000	0.014048158236779273
58760000	0.013898218559473752
58800000	0.013973393204435707
58840000	0.013857105130236596
58880000	0.013706924398057162
58920000	0.013352649306133389
58960000	0.013508897203579544
59000000	0.013452168720308692
59040000	0.01350898728594184
59080000	0.013188708576373756
59120000	0.013307976038567721
59160000	0.01324256949815899
59200000	0.013475504602305592
59240000	0.012934383924305438
59280000	0.013270381180755794
59320000	0.013292662820778787
59360000	0.013380288309790194
59400000	0.01359811224732548
59440000	0.013465094227530063
59480000	0.013851358454860747
59520000	0.013535942845791578
59560000	0.0132826974529773
59600000	0.013437595800496638
59640000	0.013650555906631053
59680000	0.013553955987282098
59720000	0.013574292254447937
59760000	0.013370055007375778
59800000	0.013478021133504808
59840000	0.013588502669148147
59880000	0.013205671497434377
59920000	0.013333206940069795
59960000	0.013234937011450528
60000000	0.013118907772377134
60040000	0.013466443466022611
60080000	0.013164908329211175
60120000	0.013057419738546013
60160000	0.01384763250220567
60200000	0.013332114402577281
60240000	0.01332656256724149
60280000	0.013247489341348409
60320000	0.013398354922793806
60360000	0.013606073877587915
60400000	0.013761620119027793
60440000	0.013801763685047626
60480000	0.013385319090262056
60520000	0.013269054721668363
60560000	0.013602933779917658
60600000	0.013768279333598912
60640000	0.013682287220563739
60680000	0.01339856213722378
60720000	0.01362089999448508
60760000	0.013687616424635052
60800000	0.013645306603983045
60840000	0.013286384563334286
60880000	0.013548534660227598
60920000	0.013749455365166068
60960000	0.013556461772695184
61000000	0.013367711380124093
61040000	0.013600408178940416
61080000	0.013594413315318524
61120000	0.013600652294047177
61160000	0.013713956832699478
61200000	0.013607198561169207
61240000	0.0134697327978909
61280000	0.013408679721411318
61320000	0.013138235996849835
61360000	0.01376128371655941
61400000	0.01343595238495618
61440000	0.013763099861145019
61480000	0.013244033496081829
61520000	0.013959904899075627
61560000	0.013420855206996202
61600000	0.013707382032647729
61640000	0.014241232741624118
61680000	0.014065987250953912
61720000	0.013847972002252936
61760000	0.013698426892235875
61800000	0.013675748316943645
61840000	0.013542417074367404
61880000	0.013841667581815273
61920000	0.013842508822400124
61960000	0.013863288527540863
62000000	0.013637500144727529
62040000	0.013872269573807716
62080000	0.013390405655186623
62120000	0.013558025426417588
62160000	0.013699419318512082
62200000	0.013581077102571726
62240000	0.01364842682313174
62280000	0.013506188925355673
62320000	0.013963037160411477
62360000	0.013548978873621673
62400000	0.01363963100016117
62440000	0.013347453094739467
62480000	0.013940060588158667
62520000	0.01420684035718441
62560000	0.01360362960677594
62600000	0.013001174243725835
62640000	0.013547238749824464
62680000	0.013840408452786505
62720000	0.013533706645295024
62760000	0.013422910185344517
62800000	0.013473425320535899
62840000	0.013855139339342713
62880000	0.013863069913163781
62920000	0.013865953241381795
62960000	0.014130257316492497
63000000	0.013796479545533657
63040000	0.014004469466768206
63080000	0.01393129803854972
63120000	0.014075881139747799
63160000	0.013744657085184008
63200000	0.014021075924858451
63240000	0.013355094415228815
63280000	0.013506987742707133
63320000	0.013413469754159451
63360000	0.013540532772056758
63400000	0.013324484914168716
63440000	0.01349242751672864
63480000	0.01355957257822156
63520000	0.01441405350677669
63560000	0.013328928656876087
63600000	0.013742028386984021
63640000	0.013670818839408457
63680000	0.013515258222445845
63720000	0.013513209935557097
63760000	0.013832363161817194
63800000	0.013983851163089275
63840000	0.013800671672914178
63880000	0.014260423434711993
63920000	0.013862604108452798
63960000	0.013917106384783983
64000000	0.013786607571132481
64040000	0.013312203386798501
64080000	0.014140532302670181
64120000	0.014270999219827354
64160000	0.013633687561750412
64200000	0.013376506416499614
64240000	0.013460637937113643
64280000	0.013068061062693596
64320000	0.013399596373364329
64360000	0.013793184965010733
64400000	0.013176826567947865
64440000	0.01350923415236175
64480000	0.013396881638839842
64520000	0.013148331775330008
64560000	0.013252678825706243
64600000	0.013221482848841696
64640000	0.013146164934523403
64680000	0.013376215300709008
64720000	0.013384606842137874
64760000	0.013247330665029585
64800000	0.013265518629178404
64840000	0.01302208254840225
64880000	0.013699642622843384
64920000	0.013906389641202986
64960000	0.013463359678070993
65000000	0.013004708876460791
65040000	0.013228259328752757
65080000	0.013057223894074559
65120000	0.013426350128743797
65160000	0.013147187054809183
65200000	0.01314063528366387
65240000	0.013364967921189963
65280000	0.01332144875433296
65320000	0.01334223960340023
65360000	0.013241115651931614
65400000	0.013268050763010979
65440000	0.013492638836801052
65480000	0.013446229258924722
65520000	0.013335184104554355
65560000	0.013617632667534053
65600000	0.013287541040964424
65640000	0.012924247008375824
65680000	0.013179224986955524
65720000	0.01349023833591491
65760000	0.013185633023642004
65800000	0.013037870311457663
65840000	0.013095511482469737
65880000	0.013387363104522229
65920000	0.013322439161874354
65960000	0.01293882398493588
66000000	0.013394675851240755
66040000	0.013192831188533455
66080000	0.013023115549609065
66120000	0.013305992778949439
66160000	0.01338653913307935
66200000	0.013216910977754742
66240000	0.013355394497513771
66280000	0.012822503202408552
66320000	0.013618358876090498
66360000	0.012976744317915291
66400000	0.013413041299395263
66440000	0.013312067909911275
66480000	0.012983975570835173
66520000	0.013424020881578326
66560000	0.013939645188581198
66600000	0.013157114477362484
66640000	0.013602570137381554
66680000	0.013926115335710346
66720000	0.013726638086233287
66760000	0.012919374521635473
66800000	0.013227144225873053
66840000	0.013486024386249483
66880000	0.013356899893656373
66920000	0.013074184224754572
66960000	0.013136274367570876
67000000	0.013695100746117532
67040000	0.013569134402275085
67080000	0.013204863523505628
67120000	0.012990470309741795
67160000	0.013195412151701748
67200000	0.013362428053468467
67240000	0.01276879728687927
67280000	0.013370092033594847
67320000	0.013296182512491941
67360000	0.013408991854358464
67400000	0.013283714778907597
67440000	0.013340519243106246
67480000	0.0137065927692689
67520000	0.013317681393399835
67560000	0.013585097262449563
67600000	0.013545838200673462
67640000	0.013258186678960919
67680000	0.013705149021185935
67720000	0.013336042609997094
67760000	0.013558739591669292
67800000	0.013577773235738277
67840000	0.013309858362190426
67880000	0.012886813834495843
67920000	0.013267112321406602
67960000	0.013536895845271646
68000000	0.013115568734332918
68040000	0.013197434979490935
68080000	0.013233549544401467
68120000	0.013540485474839806
68160000	0.013672048055566847
68200000	0.013592192528396845
68240000	0.013643549172114581
68280000	0.013502686531841755
68320000	0.013434387064352632
68360000	0.013343411296699196
68400000	0.013491032883431762
68440000	0.01353392346315086
68480000	0.013776376759447158
68520000	0.013633919084072113
68560000	0.013651061676070095
68600000	0.013750614855624736
68640000	0.013454842373169958
68680000	0.013470392795838415
68720000	0.014143706774525344
68760000	0.013543670513667167
68800000	0.013822860622778535
68840000	0.013584094354882836
68880000	0.014003526956774294
68920000	0.013667081272974611
68960000	0.014471853464096785
69000000	0.013441672322712839
69040000	0.014019061821699142
69080000	0.013971345337480307
69120000	0.014120548844523727
69160000	0.013595065662264825
69200000	0.013977194933965802
69240000	0.014176309152133762
69280000	0.014230166743323207
69320000	0.014458929339237512
69360000	0.014465527952834964
69400000	0.01448621831405908
69440000	0.014844496236741543
69480000	0.014038156762905419
69520000	0.01421091859228909
69560000	0.014311737541668116
69600000	0.014369369633682072
69640000	0.014281803376041353
69680000	0.014246367824077606
69720000	0.014091686703078449
69760000	0.01412278635520488
69800000	0.014102637189254164
69840000	0.014262623764201999
69880000	0.014240970203280448
69920000	0.01458061835821718
69960000	0.013913141001015901
70000000	0.01405842835046351
70040000	0.014162532664462924
70080000	0.013882159608602524
70120000	0.013630387978628278
70160000	0.01400603876337409
70200000	0.014295670206286012
70240000	0.014229563984647394
70280000	0.014157587377913295
70320000	0.013760671480931342
70360000	0.01429942864626646
70400000	0.014537079009227455
70440000	0.013797065239865333
70480000	0.014233440159074962
70520000	0.014330414868146181
70560000	0.014673241790011525
70600000	0.013634765647817402
70640000	0.01422680854741484
70680000	0.014286569443903864
70720000	0.014130907928384841
70760000	0.013967740989755839
70800000	0.014100581795535982
70840000	0.014341370887309314
70880000	0.014662407159246504
70920000	0.013643218230456115
70960000	0.014213940805010497
71000000	0.014289245086722076
71040000	0.014252560766041278
71080000	0.014122683772072197
71120000	0.014435727992653847
71160000	0.014634232090041041
71200000	0.014645403859205545
71240000	0.014500464843586088
71280000	0.01462953925076872
71320000	0.014864784514717757
71360000	0.014385229600965976
71400000	0.014581748775299639
71440000	0.014188662012480199
71480000	0.014643280939385295
71520000	0.014221190487593412
71560000	0.014300918655283748
71600000	0.014673515996336936
71640000	0.014870896397903562
71680000	0.014608884247206152
71720000	0.014317338457144797
71760000	0.014781265181303025
71800000	0.014875345543026924
71840000	0.014676831342466175
71880000	0.014044094207510353
71920000	0.01474248694330454
71960000	0.014466235362738371
72000000	0.014091582682169973
72040000	0.014230357360467315
72080000	0.014563141078688203
72120000	0.014563381422869861
72160000	0.014817775913886727
72200000	0.014528339856304228
72240000	0.014789204297959805
72280000	0.014930764737538993
72320000	0.015021280503086746
72360000	0.014724335950892418
72400000	0.014802180980145931
72440000	0.014833181780949235
72480000	0.015153414957225322
72520000	0.01508524690652266
72560000	0.014859399835579098
72600000	0.014932459257543086
72640000	0.015151368703134358
72680000	0.015410707184672356
72720000	0.015348566166497766
72760000	0.015271949372440577
72800000	0.014951108189672232
72840000	0.0148113296687603
72880000	0.015526794399693608
72920000	0.015322304967232048
72960000	0.015404865150339902
73000000	0.01526096538938582
73040000	0.01534148140642792
73080000	0.015279273525997996
73120000	0.015435695455037058
73160000	0.015014857908524573
73200000	0.015051777068898082
73240000	0.015304212035797536
73280000	0.015523709186725318
73320000	0.015418545475974679
73360000	0.014994778779521585
73400000	0.015232200504280627
73440000	0.015501087543182074
73480000	0.0153500649118796
73520000	0.015443937611021101
73560000	0.015532680180296302
73600000	0.015444866719841957
73640000	0.015300307526625694
73680000	0.015217093849927187
73720000	0.015672133908048273
73760000	0.01524958886001259
73800000	0.015169044786691666
73840000	0.015615264262072742
73880000	0.014998534929193556
73920000	0.015554933900944888
73960000	0.014632414639554918
74000000	0.015427718214131891
74040000	0.015178845863975585
74080000	0.015210708626359702
74120000	0.014951630358025431
74160000	0.015309511900134385
74200000	0.015378767446242272
74240000	0.015561508111283182
74280000	0.015438726648502052
74320000	0.014972328239679337
74360000	0.015562003160268068
74400000	0.015615752764977515
74440000	0.014895396410673856
74480000	0.015191434864327311
74520000	0.01493589964788407
74560000	0.015312326029129327
74600000	0.01516098711322993
74640000	0.015466993799433112
74680000	0.015237981540337205
74720000	0.015375619350932538
74760000	0.015323241144791246
74800000	0.01565334743736312
74840000	0.015512743264064193
74880000	0.015578853951767087
74920000	0.015238401390984655
74960000	0.01542769505046308
75000000	0.015645182153023778
75040000	0.01565519422441721
75080000	0.015057871749065817
75120000	0.015066427462734282
75160000	0.015371457306668163
75200000	0.015492243715375663
75240000	0.015385513804480434
75280000	0.01515540893804282
75320000	0.015080844986252487
75360000	0.014874276240728795
75400000	0.01482766418736428
75440000	0.015166585247963667
75480000	0.01554786634054035
75520000	0.015073018372990191
75560000	0.015056390231102706
75600000	0.014907323209196329
75640000	0.014997567718848586
75680000	0.01511845410708338
75720000	0.01535593844410032
75760000	0.014988047654926777
75800000	0.015573827291280032
75840000	0.015476568887010217
75880000	0.015240677138604223
75920000	0.016008296280540527
75960000	0.01576634301841259
76000000	0.015764417733624577
76040000	0.01504210566263646
76080000	0.015179090180434287
76120000	0.015437980806827544
76160000	0.014885942580737173
76200000	0.014866998499445618
76240000	0.014868572353571653
76280000	0.015060679805092514
76320000	0.014713896511122584
76360000	0.015030459572002292
76400000	0.014839339587185531
76440000	0.01537810353655368
76480000	0.015439169891737402
76520000	0.01519455285090953
76560000	0.014902173143625259
76600000	0.015711023020371796
76640000	0.015558971213549376
76680000	0.015006061123125256
76720000	0.01498216944541782
76760000	0.015229772086441516
76800000	0.01563914396893233
76840000	0.014887254020944238
76880000	0.015019319707155228
76920000	0.015851436770521105
76960000	0.014883224767446518
77000000	0.014974789763614535
77040000	0.015298621550947428
77080000	0.015062314599379897
77120000	0.015512950818426907
77160000	0.015813714567944406
77200000	0.015538219716772437
77240000	0.015395068261586129
77280000	0.015497131118550897
77320000	0.015062864631228148
77360000	0.015195212804339825
77400000	0.015551240472123027
77440000	0.015517531814984976
77480000	0.015766320102661848
77520000	0.015125366491265595
77560000	0.01511190720628947
77600000	0.015335744535923004
77640000	0.015673925297241657
77680000	0.015375870364159345
77720000	0.015452756042592228
77760000	0.01526656395122409
77800000	0.015178818499855697
77840000	0.014927363923564554
77880000	0.015282267598062754
77920000	0.015630007047578692
77960000	0.015052872846275569
78000000	0.015255761927366256
78040000	0.015609942795336246
78080000	0.015594644310884177
78120000	0.015324282941035926
78160000	0.015621631445921958
78200000	0.015483534952439367
78240000	0.01581207452043891
78280000	0.015369525844976306
78320000	0.015390687927044929
78360000	0.016339628840051593
78400000	0.01641211240440607
78440000	0.01571846926808357
78480000	0.01567991514187306
78520000	0.015615656661428511
78560000	0.015979054358787836
78600000	0.01509435070361942
78640000	0.015281531064212322
78680000	0.01536416224706918
78720000	0.015831124653108417
78760000	0.0156093849087134
78800000	0.015082659189403057
78840000	0.015073700594715774
78880000	0.015185098582878708
78920000	0.015052819835208356
78960000	0.015101035357825457
79000000	0.014811237622983755
79040000	0.015001443720050156
79080000	0.015327334011346103
79120000	0.015024912290088833
79160000	0.015572102905251085
79200000	0.015409390303865076
79240000	0.014989479127153755
79280000	0.01525690686404705
79320000	0.015133639913424849
79360000	0.015624678735807538
79400000	0.015573252831213176
79440000	0.015476582152210176
79480000	0.015544277549907564
79520000	0.015516899322718382
79560000	0.014873911825567484
79600000	0.01513495899643749
79640000	0.015735655141249298
79680000	0.015391865673474968
79720000	0.01544055881500244
79760000	0.015514958771318197
79800000	0.015402931261993944
79840000	0.015443169105239213
79880000	0.015298281899653375
79920000	0.01557431923802942
79960000	0.015529878425970674
80000000	0.015586488669738174
80040000	0.015334886676631868
80080000	0.01609511213339865
80120000	0.015964042255468668
80160000	0.01569163165036589
80200000	0.015535422778874635
80240000	0.015452016546763479
80280000	0.01529283015318215
80320000	0.0151359772792086
80360000	0.015451360090449453
80400000	0.015489205779321492
80440000	0.015449749144352973
80480000	0.015407478188164531
80520000	0.015347556358762086
80560000	0.015030051375366747
80600000	0.015224294870812446
80640000	0.015328305684030055
80680000	0.014873851450905204
80720000	0.015532145156525075
80760000	0.015140606778487564
80800000	0.015445410493947565
80840000	0.014907003048062325
80880000	0.01524400042425841
80920000	0.014801643985509873
80960000	0.014649787220731377
81000000	0.014911515739001334
81040000	0.014721329468116164
81080000	0.014944929208047688
81120000	0.014611613078229129
81160000	0.01456796320155263
81200000	0.014892678218148648
81240000	0.015211164590157568
81280000	0.015131037029065191
81320000	0.01419780269935727
81360000	0.014640695273503661
81400000	0.01500759229529649
81440000	0.014826006448455154
81480000	0.01459795307442546
81520000	0.014656232446804642
81560000	0.014851484937034547
81600000	0.014698355364892631
81640000	0.014792929063737392
81680000	0.014611433850415051
81720000	0.01465416752025485
81760000	0.014814347111433744
81800000	0.014884995468705893
81840000	0.014986623748205603
81880000	0.015231036614254116
81920000	0.015438516680896281
81960000	0.01474624028466642
82000000	0.01478340754006058
82040000	0.014378255805559457
82080000	0.014657681481540202
82120000	0.01460839398689568
82160000	0.014724997739866377
82200000	0.014583962414599956
82240000	0.014860209186933935
82280000	0.014733289639092982
82320000	0.01502956330664456
82360000	0.015051958513259888
82400000	0.014953282882459461
82440000	0.014820389934815466
82480000	0.014827445184625684
82520000	0.014769989156536758
82560000	0.015029658826254308
82600000	0.014774517435766757
82640000	0.014884283734485507
82680000	0.014848454298079013
82720000	0.015122352109104394
82760000	0.014452593978121877
82800000	0.014796285979263484
82840000	0.014673676880635322
82880000	0.014705189719423651
82920000	0.014506574287638067
82960000	0.01475520088262856
83000000	0.014572582067176699
83040000	0.014879132184013724
83080000	0.015013609328866005
83120000	0.014646801387704909
83160000	0.01508351409509778
83200000	0.014693008222058416
83240000	0.014480032317712903
83280000	0.014591533530876041
83320000	0.014723680607229471
83360000	0.014537343454547226
83400000	0.014383126323297619
83440000	0.014742920761555433
83480000	0.014644983622990548
83520000	0.014348730335570872
83560000	0.01438044366221875
83600000	0.014493550783209503
83640000	0.014697896649502218
83680000	0.01496297702677548
83720000	0.014266448080725969
83760000	0.014422689295560122
83800000	0.014249381329677999
83840000	0.014387688120827078
83880000	0.013865713640861213
83920000	0.014173985911160708
83960000	0.014228409550525248
84000000	0.014364144758693874
84040000	0.01441344530954957
84080000	0.01443611113820225
84120000	0.014606963255628944
84160000	0.014249016790278256
84200000	0.014283501618169249
84240000	0.013992104298062623
84280000	0.014317541194148362
84320000	0.014952434061467648
84360000	0.01437394788376987
84400000	0.014882379117794334
84440000	0.014200517452880741
84480000	0.0144122453937307
84520000	0.014255760920234024
84560000	0.014364562009088694
84600000	0.0145777678581886
84640000	0.014208691942691804
84680000	0.01439503575488925
84720000	0.014254418311081827
84760000	0.014576763893291354
84800000	0.014466513873822986
84840000	0.01419563217330724
84880000	0.014660762572474778
84920000	0.014412456128746271
84960000	0.014434253784827888
85000000	0.014065737262554466
85040000	0.0145842634068802
85080000	0.014658609381131827
85120000	0.014477604026533664
85160000	0.01416141900587827
85200000	0.014557133560627699
85240000	0.01502834329623729
85280000	0.014693092332780362
85320000	0.014337107294984162
85360000	0.014364031688310207
85400000	0.014359931223280728
85440000	0.014264690866135061
85480000	0.014684619711898267
85520000	0.01424450298845768
85560000	0.014616205761581659
85600000	0.014410043384321034
85640000	0.013976247373968362
85680000	0.014800135856121778
85720000	0.014535200561396778
85760000	0.014762048476934433
85800000	0.014385268393345177
85840000	0.014746263977512717
85880000	0.015184350675158203
85920000	0.014615236008539796
85960000	0.014373098324798047
86000000	0.014466202962957322
86040000	0.014144536607339978
86080000	0.013984828724339605
86120000	0.014094759527780115
86160000	0.014287171957828105
86200000	0.014214605420455337
86240000	0.014488547271490097
86280000	0.014069540793262423
86320000	0.014290613374486566
86360000	0.014270742949470878
86400000	0.0145716886555776
86440000	0.014047937305644154
86480000	0.014003836332075298
86520000	0.014115240198560058
86560000	0.014098519548028708
86600000	0.013907862341217696
86640000	0.013891607877239585
86680000	0.014039258653670549
86720000	0.014450579445809126
86760000	0.014190201940201224
86800000	0.01445840357746929
86840000	0.014238616656698287
86880000	0.014068914960324764
86920000	0.014083264001831412
86960000	0.01413391130566597
87000000	0.014441141221113504
87040000	0.01454212700203061
87080000	0.014116959280520678
87120000	0.014388990397751331
87160000	0.014159798387996853
87200000	0.014315339470654727
87240000	0.013951258050091564
87280000	0.01377154890410602
87320000	0.014211487286351621
87360000	0.01414932137299329
87400000	0.013944252686016262
87440000	0.014410565865971147
87480000	0.014326074296608567
87520000	0.014071349611412733
87560000	0.014247536473348737
87600000	0.014137337345071136
87640000	0.013893649815954269
87680000	0.013997260309569538
87720000	0.013538770943507552
87760000	0.014316020975448191
87800000	0.014013793555274606
87840000	0.013879108686186373
87880000	0.014109803188592196
87920000	0.014097824410535396
87960000	0.014065383688919247
88000000	0.014099153804406524
88040000	0.013733163405489177
88080000	0.013763326666131616
88120000	0.013928327434882521
88160000	0.01434111662209034
88200000	0.01381326080597937
88240000	0.013752682306803763
88280000	0.013955709431879222
88320000	0.014159766210615635
88360000	0.013680171874910593
88400000	0.014095340534113347
88440000	0.014042430830933154
88480000	0.014294958615116775
88520000	0.014573330518323928
88560000	0.01412735477052629
88600000	0.014594677934702486
88640000	0.01409164343494922
88680000	0.013897397359088064
88720000	0.013985680493246763
88760000	0.01439478639382869
88800000	0.014365034907869995
88840000	0.013966762616857887
88880000	0.014115185264125467
88920000	0.014648396536149084
88960000	0.014220041128993034
89000000	0.014202084448374808
89040000	0.014456003882735968
89080000	0.014502273072116077
89120000	0.014391387842968107
89160000	0.014284561603330076
89200000	0.014332031903415919
89240000	0.014604255912080408
89280000	0.014336760572716593
89320000	0.014182217029482126
89360000	0.014118616735562682
89400000	0.014670205273106694
89440000	0.014381598016247154
89480000	0.014365998132526875
89520000	0.014516505276784301
89560000	0.014404737235233188
89600000	0.01449356670230627
89640000	0.01443404769282788
89680000	0.014231518205441534
89720000	0.014704892411828041
89760000	0.014428758160956203
89800000	0.013750088868103921
89840000	0.014128449404612184
89880000	0.014250356598757207
89920000	0.014652251514419913
89960000	0.014429006879590452
90000000	0.0142554105643183
90040000	0.014120152649655939
90080000	0.014286739862337708
90120000	0.014468952239118517
90160000	0.014395783014409243
90200000	0.014642510591819882
90240000	0.014961508854851127
90280000	0.014731578192673624
90320000	0.01460515790656209
90360000	0.014880801168084145
90400000	0.015070703956484795
90440000	0.01500355997737497
90480000	0.014720695631578564
90520000	0.01522233257200569
90560000	0.014859735534898937
90600000	0.014878887068666517
90640000	0.015012638975307345
90680000	0.014984519561938942
90720000	0.015277887604758143
90760000	0.014847499445267021
90800000	0.015073173432610928
90840000	0.015205018680542708
90880000	0.01507296868879348
90920000	0.015216083457507194
90960000	0.014919744710810482
91000000	0.015132157480716705
91040000	0.015051726469025016
91080000	0.014901472479663789
91120000	0.014834135080128909
91160000	0.014925476047955454
91200000	0.014771524803340435
91240000	0.014861847239360213
91280000	0.014905981693044305
91320000	0.014845979752205312
91360000	0.014736578340083361
91400000	0.014856776697002352
91440000	0.015225362427532673
91480000	0.015072420360520483
91520000	0.015010355721786618
91560000	0.014671427445858717
91600000	0.01467032643146813
91640000	0.015256143016554416
91680000	0.015337129156850279
91720000	0.015197580044902861
91760000	0.01537976024998352
91800000	0.014947376238927244
91840000	0.015141601838357747
91880000	0.01471010140441358
91920000	0.014963448285311461
91960000	0.015300458700023592
92000000	0.01482140381988138
92040000	0.015379863671585918
92080000	0.01502398915067315
92120000	0.014951707533560694
92160000	0.01519943574424833
92200000	0.014974076308682562
92240000	0.015063468747586012
92280000	0.015255266940034927
92320000	0.015103336609899997
92360000	0.015587123259902
92400000	0.015444627295061946
92440000	0.015217322638444603
92480000	0.015372563905268907
92520000	0.015468584786355495
92560000	0.015358797799609601
92600000	0.015272491487488151
92640000	0.015322264383733273
92680000	0.01505845631249249
92720000	0.015370711709745228
92760000	0.015443721758201719
92800000	0.015733278948813677
92840000	0.015240935454145075
92880000	0.015694714432395996
92920000	0.015298124415241181
92960000	0.015372600418142974
93000000	0.015035121684148908
93040000	0.015749662010744216
93080000	0.015115751662664115
93120000	0.015598758555203675
93160000	0.015214705809019506
93200000	0.0152093475041911
93240000	0.015591678987257183
93280000	0.015603851339966059
93320000	0.015055329385772347
93360000	0.015360248480550944
93400000	0.0158931416913867
93440000	0.015630493482761083
93480000	0.015787251137010752
93520000	0.015139878970384598
93560000	0.015250566538423299
93600000	0.01502791896890849
93640000	0.01517154155727476
93680000	0.015244241375848651
93720000	0.015498964284360409
93760000	0.015995379597786814
93800000	0.015352122233621776
93840000	0.015289575644768775
93880000	0.015665081167966128
93920000	0.015544815998896956
93960000	0.015000991430692374
94000000	0.015237644510902464
94040000	0.015559425854310393
94080000	0.01587557671573013
94120000	0.015385234199464321
94160000	0.015775404454022646
94200000	0.01565925932470709
94240000	0.015622161031141878
94280000	0.01537425103224814
94320000	0.015293779754824936
94360000	0.015322968908026815
94400000	0.015147591019608081
94440000	0.015332671660929918
94480000	0.01547649742513895
94520000	0.015470257681980728
94560000	0.015562790536321699
94600000	0.015468945106118917
94640000	0.015651072931103408
94680000	0.01576417279150337
94720000	0.01580306990966201
94760000	0.01563359219543636
94800000	0.015593424336612224
94840000	0.015674076156690718
94880000	0.01566733668334782
94920000	0.015302620809711516
94960000	0.015452912657707929
95000000	0.015348353507183492
95040000	0.015500169620290398
95080000	0.01567325180452317
95120000	0.01592053968105465
95160000	0.016141486936062575
95200000	0.016263668338395654
95240000	0.015602107752487063
95280000	0.015518134848028421
95320000	0.016013652288541198
95360000	0.01606153934597969
95400000	0.015418721395358444
95440000	0.01563503195103258
95480000	0.015494248668663203
95520000	0.015892410094663502
95560000	0.015193551074154675
95600000	0.015832478559575976
95640000	0.015606855674274266
95680000	0.01567224590163678
95720000	0.015768048310093583
95760000	0.015956879988685252
95800000	0.016362370594590902
95840000	0.016345349876955153
95880000	0.015751502103731035
95920000	0.016055975647084414
95960000	0.01637309952089563
96000000	0.0161743159070611
96040000	0.015917923536524176
96080000	0.016367247161269187
96120000	0.01623387047108263
96160000	0.01647683809734881
96200000	0.01590961585249752
96240000	0.01630253143515438
96280000	0.016173764325492085
96320000	0.016425316517800093
96360000	0.015868727999553085
96400000	0.016257996034435927
96440000	0.016447348864004015
96480000	0.016565551644004882
96520000	0.016568832726962864
96560000	0.017007737562805415
96600000	0.016305846826732157
96640000	0.016790394282899797
96680000	0.015835490229912104
96720000	0.01646828684788197
96760000	0.016277453652396797
96800000	0.01694570877738297
96840000	0.01685556743722409
96880000	0.01699545980654657
96920000	0.01693757128380239
96960000	0.01678147448040545
97000000	0.01668682850599289
97040000	0.01722944320756942
97080000	0.01695466125421226
97120000	0.017297707889974118
97160000	0.017118946072272958
97200000	0.01683748117238283
97240000	0.017414329980686306
97280000	0.01682733144517988
97320000	0.016600269644521177
97360000	0.016993511940166354
97400000	0.01704086004514247
97440000	0.01704132767058909
97480000	0.01679769524037838
97520000	0.016859893004596234
97560000	0.016918928650580346
97600000	0.017223695089854302
97640000	0.01630879567116499
97680000	0.017029976945184173
97720000	0.01663385240044445
97760000	0.01675510282870382
97800000	0.01645688456017524
97840000	0.016785927589423953
97880000	0.016768127525411545
97920000	0.01695764209907502
97960000	0.01666347486935556
98000000	0.01696498270165175
98040000	0.016782827331870795
98080000	0.017240100000798703
98120000	0.016585420549288393
98160000	0.016959618216007947
98200000	0.01700335260350257
98240000	0.016776424226909874
98280000	0.01680433455221355
98320000	0.016898603409342468
98360000	0.01631656302437186
98400000	0.016459447132237254
98440000	0.016142488872259855
98480000	0.016381536158174278
98520000	0.016703503693453966
98560000	0.016589170312695207
98600000	0.016140992500446736
98640000	0.016974137189611792
98680000	0.01686188012715429
98720000	0.016537707589939235
98760000	0.016130805260688066
98800000	0.016516847979091108
98840000	0.016260852112993596
98880000	0.016323338433355095
98920000	0.016067484021000566
98960000	0.01637667092923075
99000000	0.016267056018300353
99040000	0.016012820673547683
99080000	0.016416483376920223
99120000	0.016316719882562756
99160000	0.016056074281223118
99200000	0.016504292194917797
99240000	0.015997909767739474
99280000	0.016110969552770256
99320000	0.016209149319678547
99360000	0.015905991347134114
99400000	0.015972235690802337
99440000	0.016706044409796596
99480000	0.01683590885233134
99520000	0.01628870483972132
99560000	0.01606254407763481
99600000	0.015945748750306667
99640000	0.016045720967650414
99680000	0.01635045995861292
99720000	0.015990387900173663
99760000	0.016005811836570502
99800000	0.016015706939809023
99840000	0.01610938446354121
99880000	0.0157284842280671
99920000	0.016023883985355498
99960000	0.01648717711921781
100000000	0.01647449390683323
