240000	0.028516503025137353
280000	0.04160588391070487
320000	0.039124440939445046
360000	0.030673711643274874
400000	0.024864687526877968
440000	0.02213190744947642
480000	0.019940897735953332
520000	0.018074844744428994
560000	0.01629750421671197
600000	0.015316925426665693
640000	0.014602512958273292
680000	0.014597909012529999
720000	0.014157794438581913
760000	0.013405546239204705
800000	0.01282031429959461
840000	0.012650453057140111
880000	0.012675679003540427
920000	0.012367668002378195
960000	0.01197114355256781
1000000	0.012106462326925247
1040000	0.012418334404658527
1080000	0.011791225597076118
1120000	0.011847171106934548
1160000	0.011839776444900781
1200000	0.011976404071506113
1240000	0.011748211776651443
1280000	0.011446868736296892
1320000	0.011269613338820636
1360000	0.01131132590053603
1400000	0.011284699906874448
1440000	0.01187831193068996
1480000	0.011530992319900542
1520000	0.011436799247656018
1560000	0.01186288519250229
1600000	0.012032933397311717
1640000	0.01224698076294735
1680000	0.012253879224695265
1720000	0.013466432555019855
1760000	0.0127917918802239
1800000	0.012631344337202609
1840000	0.012280682697053999
1880000	0.012354804295301437
1920000	0.012642735909298063
1960000	0.012443369612190872
2000000	0.012008932740520686
2040000	0.012092036475334316
2080000	0.012582886500936
2120000	0.012374654951319099
2160000	0.01300391332451254
2200000	0.01334879325190559
2240000	0.013075416132062673
2280000	0.012320865779463203
2320000	0.012453565624170005
2360000	0.012056789993774146
2400000	0.011925572945922613
2440000	0.012277242140565067
2480000	0.012649612462986261
2520000	0.0127182180239819
2560000	0.013120083431433886
2600000	0.01243508779089898
2640000	0.012516747051011771
2680000	0.012815175538044423
2720000	0.012670664482004941
2760000	0.012252897535823285
2800000	0.01235873109549284
2840000	0.012099410893116147
2880000	0.012452633655164391
2920000	0.012200650288537144
2960000	0.011978828769549728
3000000	0.011703129542525857
3040000	0.011936008726432919
3080000	0.011561844351235777
3120000	0.012262433916237206
3160000	0.01230941138099879
3200000	0.012006521790567786
3240000	0.012433345922268926
3280000	0.011939386069960893
3320000	0.012006487786211073
3360000	0.012054508249368519
3400000	0.012210006256494672
3440000	0.012227806786540896
3480000	0.012085602719150483
3520000	0.012165703381039202
3560000	0.012195313258934765
3600000	0.01213340745260939
3640000	0.011977833570633084
3680000	0.011585731856990605
3720000	0.011673606082238257
3760000	0.011981979774590581
3800000	0.01230178096992895
3840000	0.011936175463814288
3880000	0.011816922081075609
3920000	0.01202659485442564
3960000	0.01185140261920169
4000000	0.01184816443398595
4040000	0.011843498645909131
4080000	0.012499956852756441
4120000	0.011975012760423124
4160000	0.012211685284785926
4200000	0.012178081826493143
4240000	0.012436066991090775
4280000	0.012295828675758094
4320000	0.012183525626268238
4360000	0.012231244193483143
4400000	0.012240349450614304
4440000	0.012119372106716037
4480000	0.01231128543317318
4520000	0.011674034057464451
4560000	0.011860328721813857
4600000	0.011592077351082116
4640000	0.011650921501591801
4680000	0.012058875000197441
4720000	0.012270020138751716
4760000	0.012398617504537105
4800000	0.012998964701313525
4840000	0.012915189451631158
4880000	0.012750663845054805
4920000	0.012889424649626016
4960000	0.013014889547601343
5000000	0.01243973051700741
5040000	0.012598936812765896
5080000	0.013414690790325404
5120000	0.012868118265643717
5160000	0.01267442764583975
5200000	0.013231912054307758
5240000	0.013411944727413356
5280000	0.012843043069541454
5320000	0.012711799782607704
5360000	0.01321504949266091
5400000	0.013350835264101624
5440000	0.013353911559283733
5480000	0.012430796574614942
5520000	0.012439587587863206
5560000	0.013174700808525085
5600000	0.013034454987104982
5640000	0.012908636966906488
5680000	0.013657466814108192
5720000	0.0132758952986449
5760000	0.013039745806623251
5800000	0.013080222411826253
5840000	0.012477924131322652
5880000	0.012938842813298107
5920000	0.013039769580215216
5960000	0.012632179110683501
6000000	0.012915270507894457
6040000	0.012598838081862778
6080000	0.012898420701362193
6120000	0.012988908231444657
6160000	0.013153227349370718
6200000	0.013237792929075658
6240000	0.013178842288721352
6280000	0.013073143596015871
6320000	0.013288036658987402
6360000	0.013396238961815835
6400000	0.013151610266324132
6440000	0.013154526739474386
6480000	0.013415896977856756
6520000	0.013555171106103808
6560000	0.013536802706308663
6600000	0.013123870645649731
6640000	0.013361895995587111
6680000	0.013331383922509848
6720000	0.01334380767084658
6760000	0.01387795981168747
6800000	0.014048634051159024
6840000	0.014189587862789631
6880000	0.013978402447048574
6920000	0.013555669465847313
6960000	0.013323753004800529
7000000	0.0133886767398566
7040000	0.013091039304900914
7080000	0.012643348045274616
7120000	0.012896853748057038
7160000	0.013180886810459197
7200000	0.013259231273178011
7240000	0.012814418916590511
7280000	0.012797636821027846
7320000	0.013531420294195413
7360000	0.013761057982686908
7400000	0.013122504717484117
7440000	0.013691878085024655
7480000	0.013428295205626637
7520000	0.0134202625435777
7560000	0.013652625356987119
7600000	0.01338278831243515
7640000	0.013806849525589495
7680000	0.013605313603021205
7720000	0.013223646745551378
7760000	0.013337810631282627
7800000	0.013725349085871131
7840000	0.014144965060800313
7880000	0.01407936479151249
7920000	0.014260130177997052
7960000	0.013912090297602117
8000000	0.01406888269269839
8040000	0.014075044786278159
8080000	0.014137019322253764
8120000	0.014247599031962455
8160000	0.014276597897615284
8200000	0.014350700039882213
8240000	0.01414786745775491
8280000	0.01423012916892767
8320000	0.01388926074374467
8360000	0.013765824917610735
8400000	0.013951441713515669
8440000	0.013617526689637453
8480000	0.014019354495964944
8520000	0.014052291324641555
8560000	0.013505811831355095
8600000	0.013694192955642939
8640000	0.014097338468953967
8680000	0.014166395495459437
8720000	0.014123632461577653
8760000	0.014383823919482529
8800000	0.014483530526608229
8840000	0.014259211581386625
8880000	0.014309123943559826
8920000	0.013748145028017461
8960000	0.013842551073804497
9000000	0.014113748921267688
9040000	0.014477384433709085
9080000	0.014673434100486339
9120000	0.014274339036270976
9160000	0.014355202000401914
9200000	0.014506782827153801
9240000	0.014483906074892729
9280000	0.01483314400743693
9320000	0.01418803494926542
9360000	0.014418697761371732
9400000	0.014450163282640278
9440000	0.014704362644441426
9480000	0.013906869430094957
9520000	0.013711647164821626
9560000	0.014042982964031399
9600000	0.014308861599303783
9640000	0.013850317187048496
9680000	0.0141825111085549
9720000	0.014038472633995117
9760000	0.013837906497437507
9800000	0.013500735327415168
9840000	0.013642880675010384
9880000	0.014178568515740335
9920000	0.013745767626259476
9960000	0.013363205438293517
10000000	0.014216369996592402
10040000	0.014386292015016079
10080000	0.014916753816138953
10120000	0.014321663097664713
10160000	0.014399706743843853
10200000	0.014225477059464902
10240000	0.01380240971017629
10280000	0.01340006694002077
10320000	0.013653288568370045
10360000	0.013966109357587993
10400000	0.013701889134664089
10440000	0.013517153085023164
10480000	0.013228224845882505
10520000	0.013981869963183999
10560000	0.01430731445979327
10600000	0.01361991529352963
10640000	0.01427986842673272
10680000	0.0145107607094571
10720000	0.01413964835871011
10760000	0.013539207310974598
10800000	0.013927794026583434
10840000	0.013760751841403544
10880000	0.013858687103912234
10920000	0.013487658616807311
10960000	0.013370460869092495
11000000	0.013250216274242848
11040000	0.013857261378783733
11080000	0.013490814312454313
11120000	0.013347235476970672
11160000	0.013822941410169005
11200000	0.013818657640460879
11240000	0.013517535296361894
11280000	0.013645754873380066
11320000	0.013930261052493006
11360000	0.013441236187051982
11400000	0.013311557315196842
11440000	0.013624104705266654
11480000	0.013693535219412297
11520000	0.013403106801770627
11560000	0.013377386360708624
11600000	0.013077300835214556
11640000	0.01341271376842633
11680000	0.013879175231326372
11720000	0.013424908335786313
11760000	0.013670108961779625
11800000	0.013449052701983601
11840000	0.013275624876283108
11880000	0.01289283775165677
11920000	0.012821414663176984
11960000	0.01306220838399604
12000000	0.013014014289155603
12040000	0.012928619234170765
12080000	0.012931350115966052
12120000	0.013027691286709159
12160000	0.01341158105256036
12200000	0.013326444806344807
12240000	0.013431454836111516
12280000	0.013235069974139332
12320000	0.013134360205754638
12360000	0.012833427412621676
12400000	0.013275394283141942
12440000	0.013762485923618078
12480000	0.013365429663844406
12520000	0.012611371988244354
12560000	0.01330921455603093
12600000	0.013367149865347892
12640000	0.013163577641453594
12680000	0.012917704481445252
12720000	0.01301412876918912
12760000	0.012806019822601229
12800000	0.012501722313370555
12840000	0.01235966454911977
12880000	0.013118529417179526
12920000	0.013134804104734213
12960000	0.01280830948278308
13000000	0.01273744238158688
13040000	0.013005164846405386
13080000	0.012621028943080455
13120000	0.01312797434385866
13160000	0.012634632828459143
13200000	0.012752875446900725
13240000	0.013428032413963228
13280000	0.013456048585660756
13320000	0.0133663813944906
13360000	0.013428164539858699
13400000	0.013432642089203
13440000	0.01330729956626892
13480000	0.013608211164176464
13520000	0.013336394741479308
13560000	0.013872812987305224
13600000	0.013502776775043458
13640000	0.01342114422218874
13680000	0.013510522270016373
13720000	0.01469000360146165
13760000	0.014060855512972922
13800000	0.013227534586191178
13840000	0.013444741287548094
13880000	0.013445839721523226
13920000	0.013670773839019238
13960000	0.013081324932072312
14000000	0.013196517961658537
14040000	0.01338892264487222
14080000	0.013078751053474844
14120000	0.013480439824983478
14160000	0.013805271843820811
14200000	0.013668626693449915
14240000	0.013886473330110312
14280000	0.013223050626646728
14320000	0.013402051160298288
14360000	0.01350810666186735
14400000	0.01372936812955886
14440000	0.013498442081268876
14480000	0.013333878277614713
14520000	0.013891767055541277
14560000	0.01385048091094941
14600000	0.014001731941010802
14640000	0.014377373933698982
14680000	0.01424191532805562
14720000	0.013842465556785465
14760000	0.013978659784421324
14800000	0.013694432030431926
14840000	0.013619752524979413
14880000	0.013950952366739511
14920000	0.014105533002503216
14960000	0.014042727444786579
15000000	0.013805475589446723
15040000	0.013680477504618467
15080000	0.013665135291032493
15120000	0.01368584160618484
15160000	0.013667205340974034
15200000	0.01426279827132821
15240000	0.013762102467939257
15280000	0.01379906818587333
15320000	0.013358627537451685
15360000	0.013358432589937002
15400000	0.013151018734648823
15440000	0.013526353645697237
15480000	0.01399641190012917
15520000	0.013700132889300585
15560000	0.013658211111277341
15600000	0.013687777336407452
15640000	0.013684784066956491
15680000	0.013227779337577522
15720000	0.013079760586097836
15760000	0.0131206203087233
15800000	0.013319362331181764
15840000	0.013262899627909065
15880000	0.013081076053902506
15920000	0.012488273542933167
15960000	0.012669179824832826
16000000	0.012855793496128172
16040000	0.012483698087837548
16080000	0.013423858433496206
16120000	0.013714054901245982
16160000	0.013801402103062719
16200000	0.012980281989835203
16240000	0.013673643048852682
16280000	0.013261549433507025
16320000	0.013391794746275991
16360000	0.01307120868768543
16400000	0.013446773308049888
16440000	0.013430787527002394
16480000	0.013008264079131186
16520000	0.013189422210957855
16560000	0.013030349509418011
16600000	0.013271639549639076
16640000	0.01386051552966237
16680000	0.013347990368306637
16720000	0.013033126257546246
16760000	0.013025740797817707
16800000	0.013553120539337396
16840000	0.01303484737118706
16880000	0.013154885271377861
16920000	0.013679644016735255
16960000	0.013459587440826
17000000	0.013289468805864454
17040000	0.012742148901708425
17080000	0.01282099792752415
17120000	0.013109981578215957
17160000	0.013060936173424124
17200000	0.01296530571533367
17240000	0.01277442869078368
17280000	0.01296530754379928
17320000	0.013465475726965815
17360000	0.01303772204099223
17400000	0.013827096834033728
17440000	0.013776036569196732
17480000	0.01336084758369252
17520000	0.01302210968164727
17560000	0.012810643698181957
17600000	0.012850472174212337
17640000	0.013639264711737632
17680000	0.012816444547101855
17720000	0.012881136589124799
17760000	0.013313324412703513
17800000	0.013335106332600117
17840000	0.013117589394561946
17880000	0.01303088939730078
17920000	0.013396109292283654
17960000	0.013077487697266042
18000000	0.012759779279865324
18040000	0.013295186560880393
18080000	0.013489845237508416
18120000	0.013291862498037517
18160000	0.012598870258126407
18200000	0.0130922598535195
18240000	0.012987397410627455
18280000	0.012235213297978043
18320000	0.012472688726708293
18360000	0.012632260378729552
18400000	0.012204704008344561
18440000	0.011967242334410549
18480000	0.012361595939751715
18520000	0.012525907584000379
18560000	0.012717570631206036
18600000	0.01251429113894701
18640000	0.013495820908341557
18680000	0.013944998373277485
18720000	0.014557086178474128
18760000	0.014254172413982451
18800000	0.01398754897788167
18840000	0.01333287302935496
18880000	0.0135496522041969
18920000	0.012476293485984205
18960000	0.012154172201640903
19000000	0.012239745962433516
19040000	0.012582773886807263
19080000	0.012599727740697562
19120000	0.013132842674665152
19160000	0.013695650855638087
19200000	0.013233894739206881
19240000	0.01313732483573258
19280000	0.013187514014262706
19320000	0.012941222627460957
19360000	0.012643132084235549
19400000	0.012753045399114489
19440000	0.013047328669764102
19480000	0.012992756903450937
19520000	0.012598180688358843
19560000	0.012476124714594335
19600000	0.012751336334273219
19640000	0.013088785523734986
19680000	0.012606943078432232
19720000	0.012993375716079026
19760000	0.01330228638742119
19800000	0.012990510960761458
19840000	0.013359648599289358
19880000	0.012486009206064045
19920000	0.012816916403733194
19960000	0.012872797757014632
20000000	0.012716745648160577
20040000	0.012886011566407979
20080000	0.012721700441092252
20120000	0.012286833265703172
20160000	0.012166404020693153
20200000	0.011875266347173601
20240000	0.012098038324620575
20280000	0.012240616702102124
20320000	0.012706849501747637
20360000	0.011919997552316635
20400000	0.011961200449801982
20440000	0.01267599777681753
20480000	0.013024449970480054
20520000	0.013182956789899617
20560000	0.01314160599987954
20600000	0.013486133354716002
20640000	0.013146925220731645
20680000	0.013587630714476108
20720000	0.013676058249082416
20760000	0.013192735738493501
20800000	0.013469504785444588
20840000	0.01282073293691501
20880000	0.013005185992270707
20920000	0.013629562103375792
20960000	0.013660816960223018
21000000	0.01275073774382472
21040000	0.012449677884671837
21080000	0.012664881658647209
21120000	0.012140205296035857
21160000	0.012033629150595516
21200000	0.012531978914979845
21240000	0.012709336478076875
21280000	0.013241940532065928
21320000	0.012720038026571274
21360000	0.012808156771864742
21400000	0.012602595296688378
21440000	0.012235199618153274
21480000	0.012199730059690774
21520000	0.012558159478846937
21560000	0.012387101458385587
21600000	0.012460970958694816
21640000	0.012322858070675284
21680000	0.01280790566112846
21720000	0.013262999335490168
21760000	0.01344404853451997
21800000	0.013054029331170022
21840000	0.013351165478117764
21880000	0.013514022393710912
21920000	0.013450293913297355
21960000	0.013271337629947812
22000000	0.012941824644338339
22040000	0.012482171676214784
22080000	0.012380723268911242
22120000	0.011818663015589119
22160000	0.012649328584223987
22200000	0.013072746538091451
22240000	0.01392321007642895
22280000	0.012979169668722897
22320000	0.013403459452092648
22360000	0.013520603573694825
22400000	0.013622567449789494
22440000	0.013584047163743526
22480000	0.014060445973090828
22520000	0.014354466296732425
22560000	0.014126493402663618
22600000	0.013697245508152992
22640000	0.013142435533180832
22680000	0.013267232988402248
22720000	0.013660436887014658
22760000	0.013223272670432926
22800000	0.012953067177161574
22840000	0.013184292452875526
22880000	0.013859420604910702
22920000	0.0122571218714118
22960000	0.01324595539048314
23000000	0.01323703044038266
23040000	0.013805784451961517
23080000	0.013269150192756205
23120000	0.01376686083190143
23160000	0.01317759676836431
23200000	0.012949799545668066
23240000	0.012796607097331434
23280000	0.012516955520957709
23320000	0.012181086772773415
23360000	0.01250051770042628
23400000	0.012365057125408202
23440000	0.012212179312855006
23480000	0.012291740436386317
23520000	0.012546557779796422
23560000	0.012568073127232493
23600000	0.012788448250107467
23640000	0.013311262181028724
23680000	0.01317493042545393
23720000	0.012943946606200189
23760000	0.01302725966470316
23800000	0.01304385474184528
23840000	0.01326191248288378
23880000	0.012897647156007589
23920000	0.012855185006931424
23960000	0.012392778048198671
24000000	0.012198128261417151
24040000	0.01247828628309071
24080000	0.012605330482311546
24120000	0.012746286997850985
24160000	0.01241830400498584
24200000	0.012018979794625193
24240000	0.01185850488813594
24280000	0.011696873278077691
24320000	0.011917775421217084
24360000	0.01176983298631385
24400000	0.01246228689039126
24440000	0.012349235315062105
24480000	0.012478541136160494
24520000	0.01230454119015485
24560000	0.012642813041713089
24600000	0.012826648974232375
24640000	0.012532651135791092
24680000	0.012520852422248572
24720000	0.012442789153754711
24760000	0.012688019208796322
24800000	0.012520204769354313
24840000	0.012656899139471352
24880000	0.012141312788613141
24920000	0.012755638966523111
24960000	0.012481946965679527
25000000	0.012968790797702969
25040000	0.013431622632965446
25080000	0.012784810139238835
25120000	0.012170594260375946
25160000	0.012285270178783685
25200000	0.012313755257427693
25240000	0.013207887902110815
25280000	0.012989880639873445
25320000	0.01247007168084383
25360000	0.012738725406117738
25400000	0.01283203501040116
25440000	0.01280539368847385
25480000	0.011992598081380128
25520000	0.012134879012778401
25560000	0.012937667844630778
25600000	0.012437274772394449
25640000	0.012204172971844673
25680000	0.012172367125935852
25720000	0.012111168073397129
25760000	0.012519909364450722
25800000	0.012526462930534036
25840000	0.012653392334282398
25880000	0.012533218559995294
25920000	0.013055350350216032
25960000	0.013228265170380473
26000000	0.013156081541534513
26040000	0.013197453990392388
26080000	0.01320134071726352
26120000	0.012851114863529802
26160000	0.01307432808773592
26200000	0.012882496465649455
26240000	0.012407820676080882
26280000	0.01245417662151158
26320000	0.012649170086160302
26360000	0.013069149483647197
26400000	0.011861497686896472
26440000	0.012359861149638891
26480000	0.012069162654969842
26520000	0.01209096710588783
26560000	0.012120749001018703
26600000	0.011794003776460886
26640000	0.012110919271130114
26680000	0.012537895914819092
26720000	0.012310615507978946
26760000	0.011801052904501558
26800000	0.012311737751215697
26840000	0.012419478079117835
26880000	0.012814913510717452
26920000	0.012431349863205106
26960000	0.012134171598311514
27000000	0.013167005508393049
27040000	0.01296601798273623
27080000	0.012563542958628385
27120000	0.012965916469879449
27160000	0.013019981149211527
27200000	0.011784554211236536
27240000	0.012011105638369917
27280000	0.012401236594095826
27320000	0.012174510834086686
27360000	0.012913970493897796
27400000	0.012853742313757539
27440000	0.012384390230197459
27480000	0.013019348988030106
27520000	0.012808916097320617
27560000	0.012670683197490871
27600000	0.01266246436983347
27640000	0.012620630535576492
27680000	0.013134713042434305
27720000	0.012275467304047197
27760000	0.01267308540130034
27800000	0.012942874205764383
27840000	0.013430824826378375
27880000	0.012930379764176905
27920000	0.013443514215387404
27960000	0.013345879873540252
28000000	0.013536896399501711
28040000	0.013465285195503383
28080000	0.01398652185210958
28120000	0.013866183637734503
28160000	0.013413888510502875
28200000	0.013471493356581777
28240000	0.013506589696370065
28280000	0.013219844066165387
28320000	0.012564336850307882
28360000	0.012128002949059009
28400000	0.012964529490377755
28440000	0.013037377220392226
28480000	0.01244762464640662
28520000	0.012622290877625347
28560000	0.012640748761873693
28600000	0.013124623837321997
28640000	0.013218783976789564
28680000	0.013620596268959343
28720000	0.012960591972991825
28760000	0.013301195334456862
28800000	0.012719016059022396
28840000	0.013311110418010502
28880000	0.013379047866724432
28920000	0.013404770939424633
28960000	0.01353667610110715
29000000	0.013198580535128712
29040000	0.012856827656645328
29080000	0.013105426490679382
29120000	0.012442124885879457
29160000	0.012738647574465722
29200000	0.013175220828782768
29240000	0.013816108039580286
29280000	0.01287794818226248
29320000	0.012809551907517015
29360000	0.013261213026475161
29400000	0.012656161424517632
29440000	0.012827162106893957
29480000	0.01287692529950291
29520000	0.013739428910799325
29560000	0.013344804599229246
29600000	0.013023696493916213
29640000	0.012074666614737361
29680000	0.012394262986909599
29720000	0.012444816803373396
29760000	0.012486652778275311
29800000	0.012717629064060747
29840000	0.013021131729334593
29880000	0.01314504199307412
29920000	0.0133033714142628
29960000	0.012593289941456169
30000000	0.012575180061347783
30040000	0.012545104757510125
30080000	0.01286620085760951
30120000	0.01206286019012332
30160000	0.01204182773772627
30200000	0.012678383090626449
30240000	0.012903759996034206
30280000	0.012799067508429289
30320000	0.012689920920040459
30360000	0.012885873564332724
30400000	0.012459295946359635
30440000	0.012244081498403102
30480000	0.012672189569938928
30520000	0.012468687577918173
30560000	0.01247388073867187
30600000	0.013044694330357015
30640000	0.013013458284549416
30680000	0.012752958324085921
30720000	0.012591597520932555
30760000	0.01209719327846542
30800000	0.011975641298387199
30840000	0.01175728848669678
30880000	0.012152043115813286
30920000	0.01240327489087358
30960000	0.012943415089976042
31000000	0.012626005637086928
31040000	0.01295654771719128
31080000	0.012571928076259791
31120000	0.012531659122463316
31160000	0.01220362771982327
31200000	0.01302936282036826
31240000	0.012391369659733028
31280000	0.012356738064344973
31320000	0.012656381525937468
31360000	0.012746136626880617
31400000	0.012627200993150473
31440000	0.012845815691445023
31480000	0.013666474483907223
31520000	0.013642477779462934
31560000	0.01314163265246898
31600000	0.013521817240491509
31640000	0.013340520053170622
31680000	0.013094883477315307
31720000	0.013028986251167954
31760000	0.013593568373844027
31800000	0.012940845019556581
31840000	0.0129894405788742
31880000	0.01226361267734319
31920000	0.011831548619270325
31960000	0.011801228432171046
32000000	0.012432848235871643
32040000	0.011890782783925533
32080000	0.012115161139890552
32120000	0.011904038235452026
32160000	0.012334058122523129
32200000	0.012463485791347921
32240000	0.012110201773326845
32280000	0.01157977424999699
32320000	0.012308809860423207
32360000	0.012827330364845693
32400000	0.012926636653859168
32440000	0.0126211877848953
32480000	0.01267045814320445
32520000	0.012450855761300773
32560000	0.012014210038166493
32600000	0.012304199297074228
32640000	0.012254699326585978
32680000	0.01237691155867651
32720000	0.0125767874032259
32760000	0.012766674390155821
32800000	0.01329309388063848
32840000	0.013039830933511257
32880000	0.013069737301766872
32920000	0.012594533958286048
32960000	0.012301755063049495
33000000	0.011301213488262147
33040000	0.012043063947651535
33080000	0.01230080915344879
33120000	0.01272942569879815
33160000	0.012907425776775927
33200000	0.012810104901902378
33240000	0.01256923354100436
33280000	0.01251514846123755
33320000	0.011854630824178458
33360000	0.012733550535142421
33400000	0.01247576747816056
33440000	0.013094808676745742
33480000	0.011977862017508596
33520000	0.012654290304426104
33560000	0.012907700735144316
33600000	0.012671196363214404
33640000	0.011894147155247628
33680000	0.012196470560319722
33720000	0.0123832719120197
33760000	0.013202549140434712
33800000	0.013365192159172147
33840000	0.01315128916632384
33880000	0.012378242030832917
33920000	0.013045229643117636
33960000	0.012452390711382032
34000000	0.013345736860949546
34040000	0.013114716183580458
34080000	0.012793554349057377
34120000	0.012024003903195262
34160000	0.01248270335579291
34200000	0.013044139176327735
34240000	0.013072700093872845
34280000	0.013041046725399793
34320000	0.013122138192038984
34360000	0.0125264997350052
34400000	0.013150605276040733
34440000	0.012400442892033606
34480000	0.012368517393805087
34520000	0.013127655695192517
34560000	0.012189939882513136
34600000	0.012412681967299432
34640000	0.01212608835324645
34680000	0.012544165238458664
34720000	0.012886065492313355
34760000	0.012278359092213214
34800000	0.012217129259184003
34840000	0.012313701137993485
34880000	0.012705709752906113
34920000	0.012170946759451181
34960000	0.012636769395507872
35000000	0.012373632480204105
35040000	0.011836648162081837
35080000	0.011915014251414686
35120000	0.012172222062759102
35160000	0.012544515100121499
35200000	0.012996649688575416
35240000	0.012968545559234917
35280000	0.014136050704773516
35320000	0.013671779567562044
35360000	0.013221695956308394
35400000	0.012712628713995219
35440000	0.013100610421225428
35480000	0.01336070399582386
35520000	0.013063675999455154
35560000	0.013996532332524658
35600000	0.014002186871878803
35640000	0.012460218926053495
35680000	0.012673921602219343
35720000	0.01331926554813981
35760000	0.012938462329469621
35800000	0.012863063440658152
35840000	0.01240721384882927
35880000	0.012736289266962558
35920000	0.013008534174133092
35960000	0.012218063724506647
36000000	0.012529994221869857
36040000	0.012157388665806502
36080000	0.013043921514600515
36120000	0.01255067004431039
36160000	0.013003418343514204
36200000	0.012478567641880363
36240000	0.013092941821739078
36280000	0.012749779560882598
36320000	0.012376798745431006
36360000	0.012432104783412069
36400000	0.013144824967719614
36440000	0.013508065762929618
36480000	0.01326859398605302
36520000	0.012283674393780529
36560000	0.012592337206564844
36600000	0.01245429112650454
36640000	0.012792784784268587
36680000	0.012670082793012261
36720000	0.01224560735616833
36760000	0.012054388336557895
36800000	0.012153892662283033
36840000	0.01135155575685203
36880000	0.011646480428799988
36920000	0.01194052157625556
36960000	0.012004480270296335
37000000	0.011788156760670245
37040000	0.012048700693342835
37080000	0.012033582664560527
37120000	0.012261649282090366
37160000	0.01212325459830463
37200000	0.011846167051233352
37240000	0.011828085502889007
37280000	0.012431572928279639
37320000	0.012152025734633207
37360000	0.012577854053210467
37400000	0.012514614615403116
37440000	0.012725887121632695
37480000	0.013618100632354618
37520000	0.013949972798768431
37560000	0.01278543986035511
37600000	0.012726286200061441
37640000	0.012022448970563709
37680000	0.012403240340203047
37720000	0.012929495969880373
37760000	0.01321098234578967
37800000	0.013115942341834306
37840000	0.014062829500809311
37880000	0.013500785238854587
37920000	0.013456772541813553
37960000	0.012505260974913836
38000000	0.012589061041828244
38040000	0.012227615792118013
38080000	0.012446149657666683
38120000	0.011787110354099423
38160000	0.01186719920951873
38200000	0.011496239209827036
38240000	0.012244611385464668
38280000	0.011643148068524897
38320000	0.011680149939190596
38360000	0.012207450946047901
38400000	0.012428201539628208
38440000	0.012610525415092706
38480000	0.012790765789616854
38520000	0.012904085695650429
38560000	0.012621559897810221
38600000	0.012012516057025642
38640000	0.012443963675852866
38680000	0.012305783212650568
38720000	0.011787817144300789
38760000	0.012310896204132588
38800000	0.011994965464342386
38840000	0.012387692586798222
38880000	0.012178048558812589
38920000	0.012049616622459144
38960000	0.011885931994207203
39000000	0.012095207422599197
39040000	0.01235867730146274
39080000	0.011565187381580471
39120000	0.012104252812918275
39160000	0.012820120984315873
39200000	0.012471644904464483
39240000	0.011816312189865858
39280000	0.013432673455309123
39320000	0.012914879241678863
39360000	0.013562034313753248
39400000	0.013134387174993753
39440000	0.013748613435216248
39480000	0.012583186416886747
39520000	0.012675834526494146
39560000	0.01235321149788797
39600000	0.011975897547043859
39640000	0.01172042769882828
39680000	0.01210926560536027
39720000	0.012124856215156615
39760000	0.01245581684038043
39800000	0.013054951127804816
39840000	0.012785245388746262
39880000	0.012931053014937788
39920000	0.01306973497532308
39960000	0.012967615802492947
40000000	0.012650532740168273
40040000	0.01315004262086004
40080000	0.013091764196101576
40120000	0.01401465297229588
40160000	0.013860996055044233
40200000	0.012816318902373313
40240000	0.012679305636696517
40280000	0.013238878034427762
40320000	0.014032153776567429
40360000	0.0133588437192142
40400000	0.013368418504483998
40440000	0.013350818497128785
40480000	0.013546709448657929
40520000	0.012520197180379182
40560000	0.013360456493869424
40600000	0.014352845716103912
40640000	0.013707472665794194
40680000	0.013473254522308707
40720000	0.012651572541892529
40760000	0.013525488080456853
40800000	0.013928052947763354
40840000	0.014237405634857715
40880000	0.013451142388954758
40920000	0.01400097968801856
40960000	0.012980800391547382
41000000	0.013241538698971272
41040000	0.013117003678064794
41080000	0.013076819375529885
41120000	0.013345811489969491
41160000	0.012747160718869418
41200000	0.012406284662988036
41240000	0.012757108746282756
41280000	0.012777335212938487
41320000	0.012467716769687831
41360000	0.012820623300597071
41400000	0.012709046523831785
41440000	0.013973721183463931
41480000	0.013769895530212671
41520000	0.01377549598738551
41560000	0.012802759982459246
41600000	0.01339580572443083
41640000	0.012039125483855604
41680000	0.01290621289294213
41720000	0.012897467609494924
41760000	0.013451259015314281
41800000	0.012610762867424637
41840000	0.013033821908943356
41880000	0.013355562609992922
41920000	0.012941861834935843
41960000	0.012600698291510344
42000000	0.012148406596202404
42040000	0.012722474269941449
42080000	0.012741933944355696
42120000	0.01265207214318216
42160000	0.012331785044353455
42200000	0.012943663041107356
42240000	0.012599315333832056
42280000	0.012235692720487714
42320000	0.013140323961153626
42360000	0.014007587139122188
42400000	0.01389129523234442
42440000	0.013930700697936118
42480000	0.01359790043346584
42520000	0.013211948061920702
42560000	0.013159901938587426
42600000	0.012710288406908512
42640000	0.01227651283647865
42680000	0.012276371303014457
42720000	0.012332748774439097
42760000	0.012425579586997628
42800000	0.012475381891988218
42840000	0.012428319860901683
42880000	0.012912523533962666
42920000	0.0130925084752962
42960000	0.013063046526070684
43000000	0.01316387125980109
43040000	0.01266684764875099
43080000	0.012360899828467518
43120000	0.012253530450444668
43160000	0.012491842132713645
43200000	0.011842864345479756
43240000	0.01169951654272154
43280000	0.011667661713343113
43320000	0.012418110490590334
43360000	0.012507435849029571
43400000	0.012299683360010385
43440000	0.012322807457763702
43480000	0.012401705194357782
43520000	0.012311625214386732
43560000	0.012365212104748934
43600000	0.012041769913118333
43640000	0.011889670262299479
43680000	0.012408687375113367
43720000	0.012198108255118132
43760000	0.01250173132987693
43800000	0.012750798185542226
43840000	0.012560028859972953
43880000	0.012575603627227247
43920000	0.012246868840139358
43960000	0.012032493862323463
44000000	0.012627125898655504
44040000	0.012504263126384467
44080000	0.013175824768003077
44120000	0.013457083476707338
44160000	0.013816792937461287
44200000	0.012885114871058614
44240000	0.013390927791316062
44280000	0.012886102030519396
44320000	0.012863174120336772
44360000	0.012539271475560963
44400000	0.01369653895739466
44440000	0.013551392391510307
44480000	0.012678644076734781
44520000	0.012938416376058012
44560000	0.013619794960319996
44600000	0.013406433564983309
44640000	0.013310826455801726
44680000	0.01297689947374165
44720000	0.013091946286614984
44760000	0.013197598237544298
44800000	0.012281259652692824
44840000	0.012437873126845807
44880000	0.012892103713657708
44920000	0.012645340528152882
44960000	0.012528903703112155
45000000	0.012578737330157309
45040000	0.01369290949460119
45080000	0.014060263362526894
45120000	0.014195452110283077
45160000	0.01322575475871563
45200000	0.013869962628558278
45240000	0.013717969512939453
45280000	0.014178495197184384
45320000	0.013773689304757863
45360000	0.013976552944816648
45400000	0.013390344682894647
45440000	0.013937693571671843
45480000	0.013153481390327215
45520000	0.013275905116647483
45560000	0.01372559042777866
45600000	0.013265819651912899
45640000	0.012710570699628443
45680000	0.012783110189903527
45720000	0.013017743271961809
45760000	0.013279404412582517
45800000	0.013057883839029819
45840000	0.012665325340162962
45880000	0.012584653277602047
45920000	0.012428335516806692
45960000	0.012901800745446236
46000000	0.012598033249471336
46040000	0.012490516885183751
46080000	0.012643210326414555
46120000	0.01295587879922241
46160000	0.013266646459978073
46200000	0.013235243680328131
46240000	0.013160294808261096
46280000	0.013136258779652417
46320000	0.013145973381958902
46360000	0.01282086033532396
46400000	0.01320718930400908
46440000	0.013027327913604676
46480000	0.013060941810999066
46520000	0.012018977045733481
46560000	0.011884581803437322
46600000	0.012134079303219915
46640000	0.012379994158260525
46680000	0.012637543585151434
46720000	0.012833974277414381
46760000	0.012942698278836906
46800000	0.013097488201595843
46840000	0.012692354521993549
46880000	0.013928406975977123
46920000	0.013864303626399488
46960000	0.013515544094145298
47000000	0.013193059301190078
47040000	0.01281684317998588
47080000	0.012903357375971973
47120000	0.0125944069346413
47160000	0.012247480057366191
47200000	0.012804028506577015
47240000	0.012331419864483177
47280000	0.012741699267551303
47320000	0.012476227616518737
47360000	0.012740400185901671
47400000	0.012233339176140726
47440000	0.013131835055351258
47480000	0.013202112662233412
47520000	0.012372508217860014
47560000	0.012794189958740026
47600000	0.012820261378213764
47640000	0.012936634359508753
47680000	0.012655247375927865
47720000	0.012145065173693001
47760000	0.012457330388575792
47800000	0.012514208892267197
47840000	0.01257907059788704
47880000	0.01226939787575975
47920000	0.011369490876421333
47960000	0.01260971842315048
48000000	0.012344328343309462
48040000	0.012359228383563459
48080000	0.012998519763629883
48120000	0.013252091057319193
48160000	0.013281508762668818
48200000	0.012360041862819344
48240000	0.012881375541351735
48280000	0.013122126350644976
48320000	0.01223060278482735
48360000	0.012089954700414091
48400000	0.012553643492236734
48440000	0.01266670393999666
48480000	0.013054959702771157
48520000	0.012491299848072231
48560000	0.012565873342379928
48600000	0.012654000040423125
48640000	0.013152758598979563
48680000	0.013209414355829358
48720000	0.01239739954257384
48760000	0.01246981017254293
48800000	0.012083872551657259
48840000	0.012531574323400855
48880000	0.012392151346988976
48920000	0.01294921038057655
48960000	0.012641563711222261
49000000	0.011774030318576843
49040000	0.01197293220339343
49080000	0.012093414046242833
49120000	0.012477565415296703
49160000	0.012297190045751631
49200000	0.011779514297656715
49240000	0.011365882903244346
49280000	0.011344384544156491
49320000	0.012165984838828444
49360000	0.012341034438554197
49400000	0.012067306034825743
49440000	0.01222386550437659
49480000	0.012683616815041751
49520000	0.012222593795880676
49560000	0.011863395889103413
49600000	0.012137300332635641
49640000	0.012069546022638678
49680000	0.011849062594678253
49720000	0.011977596714906395
49760000	0.012161667208187283
49800000	0.012486091338098049
49840000	0.012682263742759823
49880000	0.012890050612110645
49920000	0.013037490782234817
49960000	0.01268910201061517
50000000	0.012867562811542303
50040000	0.01275364616084844
50080000	0.012162405748851596
50120000	0.012588270480930806
50160000	0.012256403651926666
50200000	0.012635073469113559
50240000	0.01314407297661528
50280000	0.012827596406079828
50320000	0.012363305700942875
50360000	0.012580454653687775
50400000	0.012307699163071811
50440000	0.012390711996052415
50480000	0.012458420121204109
50520000	0.012497593946009874
50560000	0.013238678981270641
50600000	0.012316839207243174
50640000	0.01312095780391246
50680000	0.0129634293820709
50720000	0.012660634726658463
50760000	0.012601401229295879
50800000	0.013226324599608779
50840000	0.012905798494815827
50880000	0.012594522359780968
50920000	0.012560833845660091
50960000	0.01278697818685323
51000000	0.012872478817030788
51040000	0.013258926508575677
51080000	0.013171050976030529
51120000	0.012416078973375261
51160000	0.012532704825513065
51200000	0.012091794468928128
51240000	0.011831726380810141
51280000	0.01203485366795212
51320000	0.011955174100399018
51360000	0.011919806630071252
51400000	0.01180704744849354
51440000	0.012185446205269545
51480000	0.012330561661254614
51520000	0.011897035831026734
51560000	0.011887134209554642
51600000	0.01153450723979622
51640000	0.011221091273985804
51680000	0.01160344627611339
51720000	0.011457158257439733
51760000	0.011001103641092778
51800000	0.011775808445829898
51840000	0.012826920799911021
51880000	0.01225512498030439
51920000	0.012570678131841123
51960000	0.012131960746180266
52000000	0.012613197377230972
52040000	0.0122098059091717
52080000	0.012293496751692145
52120000	0.012763636666536331
52160000	0.012940458027739079
52200000	0.013360037603788079
52240000	0.01292988886013627
52280000	0.012849604175705463
52320000	0.012447493453789503
52360000	0.012197380224056541
52400000	0.013070531567465514
52440000	0.013900794746913015
52480000	0.013626667058747263
52520000	0.013916278926469386
52560000	0.01341840213984251
52600000	0.012682511885929853
52640000	0.012456092379707843
52680000	0.012704721601307391
52720000	0.013267595552653074
52760000	0.01350678013926372
52800000	0.012821826603356748
52840000	0.012948874191567301
52880000	0.013053334189392626
52920000	0.01248783866930753
52960000	0.012971014516893774
53000000	0.012850718286354096
53040000	0.013140914679225534
53080000	0.012898399571422487
53120000	0.013080233801342546
53160000	0.01235736971963197
53200000	0.012971875636652112
53240000	0.012601123613491654
53280000	0.012426084963791072
53320000	0.01240007867226377
53360000	0.012064086131658405
53400000	0.011789926530979574
53440000	0.011589641207829118
53480000	0.011451303650438786
53520000	0.012228723014611751
53560000	0.01216547253811732
53600000	0.011934518515039235
53640000	0.012556818641908466
53680000	0.012290287920460104
53720000	0.012221718675736338
53760000	0.012602427648566663
53800000	0.012655762175563723
53840000	0.013109668448846788
53880000	0.013120007716026158
53920000	0.013498753082752227
53960000	0.012725718770176172
54000000	0.013040232008323074
54040000	0.013089644061867148
54080000	0.012736323428340256
54120000	0.012615323137491941
54160000	0.0129791457737796
54200000	0.013152037522476167
54240000	0.013557641922961921
54280000	0.013337757600285114
54320000	0.013350584216974676
54360000	0.013616905440948903
54400000	0.01422417761888355
54440000	0.01380187913523987
54480000	0.013465373092517257
54520000	0.013375502366572619
54560000	0.014108051299117505
54600000	0.013371817916445435
54640000	0.012929544882290065
54680000	0.013007129815779627
54720000	0.012514030078612268
54760000	0.012394942570198327
54800000	0.012730011436901986
54840000	0.012629272523615509
54880000	0.012459966015350073
54920000	0.01235027493238449
54960000	0.012235379328206182
55000000	0.012622994921915234
55040000	0.012739091145060957
55080000	0.012106856311112642
55120000	0.012785861331783235
55160000	0.013478421239834278
55200000	0.013084052590001375
55240000	0.012722901007719337
55280000	0.012918858806416392
55320000	0.012254827387072146
55360000	0.011959836310800165
55400000	0.012055369791015983
55440000	0.012389429395087064
55480000	0.012181265096366406
55520000	0.011894782448932528
55560000	0.012045267658866942
55600000	0.01209907334651798
55640000	0.01242677803216502
55680000	0.012427728794142603
55720000	0.012467990740109234
55760000	0.012645476451795548
55800000	0.012830050507467241
55840000	0.012860573245678098
55880000	0.01250173417693004
55920000	0.01279837371231988
55960000	0.012688234279397874
56000000	0.012583878334145994
56040000	0.012118323762714862
56080000	0.012100868105515838
56120000	0.012743514555413275
56160000	0.012721395505033433
56200000	0.012115520655550063
56240000	0.012344880625233054
56280000	0.01186829233262688
56320000	0.01211969096949324
56360000	0.012262705443333834
56400000	0.011868166740983725
56440000	0.01228620572220534
56480000	0.01211566954581067
56520000	0.012198411331418902
56560000	0.01214050669129938
56600000	0.011884449182730168
56640000	0.011988602723181249
56680000	0.011793693134468049
56720000	0.011718038087058812
56760000	0.012117537245247513
56800000	0.012757314597815275
56840000	0.01222567136771977
56880000	0.013120691009797156
56920000	0.01326489067459479
56960000	0.012906221561785787
57000000	0.012571056688763202
57040000	0.012027956765145063
57080000	0.012431413187645375
57120000	0.012341868306417017
57160000	0.012285725849866867
57200000	0.012250810285564512
57240000	0.012924858753196895
57280000	0.013120201728772372
57320000	0.012381969954632222
57360000	0.012302296524401754
57400000	0.012200951264053583
57440000	0.012011509557068348
57480000	0.011589424290228635
57520000	0.011432380096241831
57560000	0.011439971423801034
57600000	0.011950393808353693
57640000	0.011956967657990753
57680000	0.011944430768862367
57720000	0.012228696229401976
57760000	0.012816632506716996
57800000	0.011791911110002547
57840000	0.012362194396276028
57880000	0.01173347510267049
57920000	0.011834148055035621
57960000	0.011723721433244646
58000000	0.012299205965735019
58040000	0.011791973655298353
58080000	0.011703734947927296
58120000	0.012786678927950561
58160000	0.01206055165193975
58200000	0.012473432061262429
58240000	0.012383249576669187
58280000	0.01239220377728343
58320000	0.012089250116236508
58360000	0.011555909379478544
58400000	0.011870179682318122
58440000	0.011996326193306595
58480000	0.012564880034700037
58520000	0.012610736726783216
58560000	0.01223739123493433
58600000	0.01143553574346006
58640000	0.011539620655123144
58680000	0.011583353531826287
58720000	0.011930388060305268
58760000	0.01099500838695094
58800000	0.011494989677798002
58840000	0.011170050109922886
58880000	0.011289579894207417
58920000	0.011957600881811232
58960000	0.011543836092855782
59000000	0.012146013178676366
59040000	0.012009413770213723
59080000	0.012424891370069236
59120000	0.012344694282580167
59160000	0.012022053127828985
59200000	0.012047919013258069
59240000	0.011745884910132736
59280000	0.01217374580297619
59320000	0.011717265880014748
59360000	0.012150351405981929
59400000	0.01254953720383346
59440000	0.012643825357221066
59480000	0.012650074815377593
59520000	0.0126413932335563
59560000	0.012035527953132986
59600000	0.012175529843382537
59640000	0.012347104857675732
59680000	0.012213147972058505
59720000	0.012996905695740133
59760000	0.012302487538009882
59800000	0.012525842322222888
59840000	0.012161932364478708
59880000	0.011847101866547019
59920000	0.011890290774498135
59960000	0.012123666731920094
60000000	0.01208293714793399
60040000	0.01189232236398384
60080000	0.011897297340352088
60120000	0.012047779341321438
60160000	0.012021977374982088
60200000	0.011605034578312188
60240000	0.01166106572933495
60280000	0.012057492655981331
60320000	0.011703407049272209
60360000	0.011790937168337404
60400000	0.012362885339185595
60440000	0.012836308929137886
60480000	0.012292030957620591
60520000	0.01259603956565261
60560000	0.01264385670060292
60600000	0.012587622065935285
60640000	0.012388172636181116
60680000	0.012365551668591797
60720000	0.012295417295303196
60760000	0.012680780912935733
60800000	0.012353580928500741
60840000	0.011995985388755799
60880000	0.012466154840402305
60920000	0.012824178457818925
60960000	0.012233388247713447
61000000	0.012071057922579348
61040000	0.01264306844547391
61080000	0.012370093849487602
61120000	0.012450505036022514
61160000	0.011713961287494749
61200000	0.011844778082985431
61240000	0.012117394891940057
61280000	0.012020439655520023
61320000	0.01151626619482413
61360000	0.011281963801477104
61400000	0.011838817455340177
61440000	0.012549984833784401
61480000	0.012608798272907734
61520000	0.012338030233047902
61560000	0.012128987904917449
61600000	0.011976162840798497
61640000	0.012149517824035137
61680000	0.012130291980691254
61720000	0.012442880638688803
61760000	0.012560812201723457
61800000	0.01211132402420044
61840000	0.012040428535360843
61880000	0.012402123850025237
61920000	0.01248951598573476
61960000	0.0127347731012851
62000000	0.012432042721565813
62040000	0.012122894485574215
62080000	0.011513226546812803
62120000	0.010850674740877003
62160000	0.010981109402049332
62200000	0.0122541623509489
62240000	0.011754176902305334
62280000	0.011154999872017651
62320000	0.011665371802542358
62360000	0.012336413453053682
62400000	0.011835617519449443
62440000	0.011476394929084926
62480000	0.011662483556102962
62520000	0.01179192751692608
62560000	0.011956693114899098
62600000	0.011612365596927703
62640000	0.011943551758397371
62680000	0.011445523509383201
62720000	0.011609967375826091
62760000	0.011761211116146296
62800000	0.011544076809473336
62840000	0.011665901562478393
62880000	0.01138666826384142
62920000	0.011457766416668892
62960000	0.011759568349830806
63000000	0.011094797351863235
63040000	0.011339745629485696
63080000	0.011073288807738573
63120000	0.010973117005266248
63160000	0.01161605506753549
63200000	0.01194018046874553
63240000	0.011618433523830027
63280000	0.012171864939667284
63320000	0.012019589166808873
63360000	0.012380133468098938
63400000	0.011910601000487804
63440000	0.012497704729158432
63480000	0.01254890029206872
63520000	0.012183041472546756
63560000	0.012336905116681009
63600000	0.011760838600434363
63640000	0.011640849115233868
63680000	0.01168588731084019
63720000	0.010714026088546961
63760000	0.011902837377227842
63800000	0.01150955220926553
63840000	0.011652741318289191
63880000	0.011353657862450928
63920000	0.01198711357852444
63960000	0.011936741527915
64000000	0.011890427495818584
64040000	0.011680684409383685
64080000	0.011512150234542787
64120000	0.011535173241980374
64160000	0.01142655028514564
64200000	0.011343040113709867
64240000	0.012017554580606521
64280000	0.012031831133924425
64320000	0.011550046360306442
64360000	0.01232870110468939
64400000	0.01187134612686932
64440000	0.012380272344127297
64480000	0.01217799147395417
64520000	0.012246850175224245
64560000	0.011898223532084376
64600000	0.011852716670744121
64640000	0.011106909074448048
64680000	0.010933010174147785
64720000	0.01124839386595413
64760000	0.01117368710897863
64800000	0.012462478963285685
64840000	0.011456615468580275
64880000	0.011442734826728702
64920000	0.011178017529845237
64960000	0.01173794623380527
65000000	0.011225270884763449
65040000	0.011725978263933212
65080000	0.0114079804552719
65120000	0.011215732468944042
65160000	0.011677264448627829
65200000	0.011621810419019312
65240000	0.0116539781360887
65280000	0.011270775597449392
65320000	0.011626478572376073
65360000	0.011218171192891896
65400000	0.011594842202495783
65440000	0.01184554236587137
65480000	0.011393133931327612
65520000	0.011700469202082604
65560000	0.011972681687027215
65600000	0.011822753838263452
65640000	0.01203685647174716
65680000	0.01176104061808437
65720000	0.011227974476013333
65760000	0.012199088068585842
65800000	0.011304616433940828
65840000	0.01229315299158916
65880000	0.012026957760751248
65920000	0.011697947670798748
65960000	0.011681791217438876
66000000	0.011370533857308329
66040000	0.010946674667298794
66080000	0.011058512701746076
66120000	0.01083894121516496
66160000	0.011537043279036879
66200000	0.011399857499077915
66240000	0.011497426487598569
66280000	0.011719873463641853
66320000	0.011234304963145404
66360000	0.011660769693460315
66400000	0.011273698692489415
66440000	0.01149104379657656
66480000	0.011983984935469925
66520000	0.01196919491859153
66560000	0.0126975521620363
66600000	0.0124631717315875
66640000	0.0128566246913746
66680000	0.012345914029423147
66720000	0.012302665084414185
66760000	0.011656003358773887
66800000	0.011562946683727204
66840000	0.01186292686574161
66880000	0.011715515209175647
66920000	0.011619990847166627
66960000	0.01193850656216964
67000000	0.012046815364807844
67040000	0.01235677005648613
67080000	0.011448746601026506
67120000	0.011354030230361968
67160000	0.01163005844578147
67200000	0.011211633351724594
67240000	0.010859507846646011
67280000	0.011082544524222613
67320000	0.011348800032120198
67360000	0.012140215562656521
67400000	0.011821720813773572
67440000	0.012024129697680474
67480000	0.011438514872826636
67520000	0.011567867411766202
67560000	0.011092295337934047
67600000	0.010992923885118216
67640000	0.011623542450927197
67680000	0.011567499672621488
67720000	0.011209536581672728
67760000	0.011761060465499759
67800000	0.011688319328427314
67840000	0.011863130679447205
67880000	0.012841921021137386
67920000	0.012500086455605923
67960000	0.01192207068009302
68000000	0.012095276658888906
68040000	0.011079256361722946
68080000	0.011388453911058605
68120000	0.011417716181930155
68160000	0.011481553676351905
68200000	0.010866192803345621
68240000	0.010947910096868872
68280000	0.011148182183876634
68320000	0.010738464625552297
68360000	0.010836279913503676
68400000	0.010941526681091636
68440000	0.011488279882911593
68480000	0.011184777261223643
68520000	0.011113923158403486
68560000	0.011571213640924543
68600000	0.011356810466200113
68640000	0.01119571062978357
68680000	0.011068981221877038
68720000	0.010823763493914158
68760000	0.01068004023609683
68800000	0.011580679238028824
68840000	0.011073343942686916
68880000	0.011458717236854135
68920000	0.010947618677746504
68960000	0.011078662119619548
69000000	0.010892231308203191
69040000	0.011813711047545075
69080000	0.011734061810560524
69120000	0.012124517695978283
69160000	0.01143795218160376
69200000	0.01197282387232408
69240000	0.011752912885416298
69280000	0.01180463834758848
69320000	0.011222766016609967
69360000	0.011238090662565082
69400000	0.011382459200453013
69440000	0.01081986623154953
69480000	0.010769647494796664
69520000	0.011093513965141029
69560000	0.011135017141979188
69600000	0.011021251432783902
69640000	0.011466249127872289
69680000	0.011103498782776297
69720000	0.011022687360364944
69760000	0.010603753791283817
69800000	0.010504954503569752
69840000	0.010387229759339244
69880000	0.011023800484649836
69920000	0.011624367206916213
69960000	0.012189937049429864
70000000	0.01129317261474207
70040000	0.011584876265469939
70080000	0.012595472004078328
70120000	0.011566987790353596
70160000	0.011518010790180415
70200000	0.011114963066019118
70240000	0.011009402055013925
70280000	0.011525371102709323
70320000	0.011987111364491284
70360000	0.011371693311538547
70400000	0.011753871249500662
70440000	0.011221113909594715
70480000	0.011320255628693848
70520000	0.012023802091367542
70560000	0.011970406956039369
70600000	0.010945448095723986
70640000	0.010964925303682685
70680000	0.010946161129511894
70720000	0.011334282645117492
70760000	0.010760827758722008
70800000	0.01039517149841413
70840000	0.010967475221771748
70880000	0.011211326060444117
70920000	0.010398930963594467
70960000	0.010948852904234082
71000000	0.010361724916659296
71040000	0.010874810472223908
71080000	0.010093191775865852
71120000	0.010235666707716883
71160000	0.01075402531158179
71200000	0.011140828386228532
71240000	0.010573992638662457
71280000	0.010520775172393769
71320000	0.010834181931428611
71360000	0.010497139868885279
71400000	0.010345457402896135
71440000	0.011251879272516817
71480000	0.01145630542114377
71520000	0.011496914425864816
71560000	0.011085331911966204
71600000	0.011875468250736595
71640000	0.011746753507573158
71680000	0.011368381251022219
71720000	0.010990504818130284
71760000	0.011262867961637675
71800000	0.010830238019023091
71840000	0.011194035512953997
71880000	0.010661328728310764
71920000	0.011378764871135354
71960000	0.010825839743576943
72000000	0.010810423849802464
72040000	0.010467792906425893
72080000	0.010895082844235003
72120000	0.010791421138308943
72160000	0.010684537895116955
72200000	0.010620878766383976
72240000	0.010700559337157757
72280000	0.010921159274689854
72320000	0.010483493948541582
72360000	0.010065758436359465
72400000	0.010732419846765697
72440000	0.01112909029610455
72480000	0.011477846959140153
72520000	0.010867530996445567
72560000	0.011159969219285994
72600000	0.011609205770120024
72640000	0.011346966931503267
72680000	0.01092154079619795
72720000	0.010890495979692787
72760000	0.010444499403610825
72800000	0.010869495451822878
72840000	0.010995584612060337
72880000	0.011160664131399245
72920000	0.010962505565024913
72960000	0.011120277209952473
73000000	0.01076688696872443
73040000	0.01069857896566391
73080000	0.011423873270489276
73120000	0.011549326302483677
73160000	0.011455559773184359
73200000	0.012219235111773015
73240000	0.012412520326394588
73280000	0.012006665201578288
73320000	0.012239148673415185
73360000	0.012349952818918973
73400000	0.012211164987366647
73440000	0.012496667309850454
73480000	0.012472416094131768
73520000	0.012347304432280362
73560000	0.012333080041687936
73600000	0.012160169537086039
73640000	0.011916202123649418
73680000	0.01146650456963107
73720000	0.011614037661068142
73760000	0.011839350274577738
73800000	0.01148090889370069
73840000	0.01116462203571573
73880000	0.011218599723372608
73920000	0.010999785042367876
73960000	0.01056288251793012
74000000	0.010845452403090894
74040000	0.010886232496611773
74080000	0.010456130519229919
74120000	0.010351496398355812
74160000	0.010703006524313241
74200000	0.010685860424768179
74240000	0.010587789171282202
74280000	0.010593161531351506
74320000	0.01071483196625486
74360000	0.010550745537690817
74400000	0.01076057998072356
74440000	0.010531560428719968
74480000	0.010162270871642978
74520000	0.01053041760623455
74560000	0.010153872072603553
74600000	0.010545020570978522
74640000	0.010588459371123463
74680000	0.0122372752151452
74720000	0.012112347115948796
74760000	0.010754764430224896
74800000	0.010888855786900967
74840000	0.01088139644144103
74880000	0.010651651096343993
74920000	0.010846470166835934
74960000	0.010569655806664377
75000000	0.011000769805163145
75040000	0.01105176810445264
75080000	0.010707536487840116
75120000	0.010802707247342915
75160000	0.010267120897863061
75200000	0.010222752441279591
75240000	0.010514828950352967
75280000	0.010620604370068759
75320000	0.010816871517710387
75360000	0.010533643413428218
75400000	0.010181068191118539
75440000	0.010220546892471611
75480000	0.010409606115613132
75520000	0.01022700448455289
75560000	0.009778100502956659
75600000	0.010400115021597593
75640000	0.01048141197040677
75680000	0.009933414076268673
75720000	0.010336948277242481
75760000	0.010256163161061704
75800000	0.010136442115623505
75840000	0.010353066528681665
75880000	0.010397845296189189
75920000	0.010311453056987375
75960000	0.010665093488059938
76000000	0.010337032404355705
76040000	0.010163019206933677
76080000	0.010846339926868677
76120000	0.011269852500688285
76160000	0.011498175022006035
76200000	0.010629206680413335
76240000	0.01051809914847836
76280000	0.010684173448663205
76320000	0.010695013178233057
76360000	0.010102854279149323
76400000	0.01073362728068605
76440000	0.010812481586821377
76480000	0.011133740916848182
76520000	0.01045292504047975
76560000	0.010536715244874359
76600000	0.010430378104001284
76640000	0.010985184103436768
76680000	0.011803668303694576
76720000	0.011394114066381007
76760000	0.011466437405068428
76800000	0.011706320864986628
76840000	0.011085701318830252
76880000	0.011147840678878128
76920000	0.011044222440756857
76960000	0.010845868464931846
77000000	0.01065079365586862
77040000	0.010952322266064584
77080000	0.010571792237460614
77120000	0.010649744097422809
77160000	0.011205776201188565
77200000	0.011005884109064936
77240000	0.011198536111135035
77280000	0.010964495758432896
77320000	0.010393050359096379
77360000	0.010802634247671812
77400000	0.010623860572837294
77440000	0.010630198931414633
77480000	0.010596804658323527
77520000	0.010754755785129964
77560000	0.011145787481311708
77600000	0.011584093131031842
77640000	0.011689596350025385
77680000	0.0113527992060408
77720000	0.011548704759590328
77760000	0.010822645872738212
77800000	0.010584771066438407
77840000	0.010363127567060293
77880000	0.010026432937383652
77920000	0.010147015754412859
77960000	0.010677993875928223
78000000	0.01033328236239031
78040000	0.010430099510494619
78080000	0.011121089952904731
78120000	0.010418397838063538
78160000	0.01025914059150964
78200000	0.010770857975352556
78240000	0.010813181761931629
78280000	0.010284443457238376
78320000	0.0102231611113064
78360000	0.01057211909275502
78400000	0.011002244885917754
78440000	0.010148888785857707
78480000	0.010068935542926193
78520000	0.009848800984863192
78560000	0.010448057974502444
78600000	0.010335069813486189
78640000	0.010743046843726189
78680000	0.010791642376128584
78720000	0.010976275689061732
78760000	0.01083855455191806
78800000	0.010714057712536305
78840000	0.010899097649846225
78880000	0.011291319769527764
78920000	0.011492069646902383
78960000	0.011805438489280642
79000000	0.011498354642465711
79040000	0.011728794030845166
79080000	0.011410698073543607
79120000	0.011303556744940579
79160000	0.011168057669047266
79200000	0.011202731323149055
79240000	0.0108129993211478
79280000	0.011616575707960874
79320000	0.011640793497487903
79360000	0.011716876869928092
79400000	0.01118782096253708
79440000	0.011771537621878088
79480000	0.011286261893063783
79520000	0.011376005878672003
79560000	0.011065725691895931
79600000	0.01145835181158036
79640000	0.011216552297770977
79680000	0.010788553501013666
79720000	0.010949524963926524
79760000	0.010787553578335793
79800000	0.01108148892801255
79840000	0.010911251017265021
79880000	0.010264096108078956
79920000	0.010244648796599358
79960000	0.010104728015884757
80000000	0.010376991817820817
80040000	0.009939169777184724
80080000	0.01041953336149454
80120000	0.010840113525651396
80160000	0.010742794954497367
80200000	0.011007143765315414
80240000	0.0106667004766874
80280000	0.011149736652709543
80320000	0.011356762875616551
80360000	0.011121192443557084
80400000	0.011188705030828715
80440000	0.01134560228837654
80480000	0.011073797736037522
80520000	0.010570960607100279
80560000	0.010547699460294097
80600000	0.01065638375179842
80640000	0.010412081839516758
80680000	0.010330197855643928
80720000	0.010303571375645698
80760000	0.011063257413730026
80800000	0.010931973304692656
80840000	0.01073445579148829
80880000	0.010958061193022877
80920000	0.011122137863654643
80960000	0.011498170764744282
81000000	0.011143420694116503
81040000	0.010780798020213842
81080000	0.010958896437380463
81120000	0.011099450345244259
81160000	0.010725368464365602
81200000	0.010525969487708063
81240000	0.010339951153192669
81280000	0.010778516981191933
81320000	0.010797049502562732
81360000	0.011101872886531056
81400000	0.011118212969880551
81440000	0.010976740326639265
81480000	0.011156235905829818
81520000	0.01106709608566016
81560000	0.011364144275244325
81600000	0.01100001750877127
81640000	0.010931997163034975
81680000	0.01152822814481333
81720000	0.011309189750440419
81760000	0.01147704234449193
81800000	0.011363949465472251
81840000	0.011583644932229072
81880000	0.011255936818942427
81920000	0.010748562270123512
81960000	0.01079834545077756
82000000	0.01037805656073615
82040000	0.010065045529138297
82080000	0.010436179115250707
82120000	0.010395704820845276
82160000	0.010354939683992415
82200000	0.010022876581270247
82240000	0.010748862073384225
82280000	0.010445207736361772
82320000	0.009933195695839822
82360000	0.00983860888555646
82400000	0.00984260650863871
82440000	0.010136704163160174
82480000	0.010594437698926776
82520000	0.010308310876507312
82560000	0.010667706580553203
82600000	0.010462986317276955
82640000	0.010971722594369203
82680000	0.010779320071544498
82720000	0.01055525164771825
82760000	0.010602109513338655
82800000	0.011067460410203785
82840000	0.011036949206609279
82880000	0.01092342941975221
82920000	0.01070428807158023
82960000	0.010309884498640894
83000000	0.01023368452899158
83040000	0.010141121260914952
83080000	0.010071360935922712
83120000	0.010135591432265938
83160000	0.0100399699264206
83200000	0.009881859552953393
83240000	0.010474722543824463
83280000	0.010598045967426152
83320000	0.010475511188991368
83360000	0.010581984435208141
83400000	0.009942060019634665
83440000	0.009710731568094343
83480000	0.01006125171771273
83520000	0.011050951256230474
83560000	0.010270865773968399
83600000	0.010292987751588226
83640000	0.009930732984188943
83680000	0.010193838086072356
83720000	0.00979071396952495
83760000	0.009946415132004768
83800000	0.010022083850577474
83840000	0.010439908490329981
83880000	0.009752653131075203
83920000	0.010172195183020085
83960000	0.009943668978381903
84000000	0.009706232314929366
84040000	0.009294828120991588
84080000	0.00957648461330682
84120000	0.009840486954152584
84160000	0.009853549748379736
84200000	0.009898468291666358
84240000	0.010535421554744243
84280000	0.011169453210290522
84320000	0.010924330896977336
84360000	0.010477489943336695
84400000	0.01102415204513818
84440000	0.01045037778140977
84480000	0.009974175998289139
84520000	0.01044486387167126
84560000	0.010157479527872056
84600000	0.01024317299425602
84640000	0.009534859052486718
84680000	0.00906374429408461
84720000	0.00960251918900758
84760000	0.009547664188127965
84800000	0.009837054015044124
84840000	0.009581854758877307
84880000	0.009435180873051285
84920000	0.009362440513074399
84960000	0.009356674017105252
85000000	0.009258006582502276
85040000	0.00939137491043657
85080000	0.009472715472243726
85120000	0.00964336255742237
85160000	0.009925757296103984
85200000	0.01008222527578473
85240000	0.01070576420109719
85280000	0.010183812930062413
85320000	0.010321791049279272
85360000	0.011096796073392033
85400000	0.010938932809513063
85440000	0.011670061159692704
85480000	0.010873017015494407
85520000	0.011017923767399043
85560000	0.010569325309898705
85600000	0.010738776954170316
85640000	0.010819906555954367
85680000	0.010799805245455355
85720000	0.010853973970282822
85760000	0.010911323106102645
85800000	0.010809061682969332
85840000	0.01059760438967496
85880000	0.0102055489173159
85920000	0.010566600842494518
85960000	0.010662504942156375
86000000	0.01075138935521245
86040000	0.010296339710615575
86080000	0.010328479176666587
86120000	0.009975921729113907
86160000	0.009798482683021576
86200000	0.00946919020889327
86240000	0.00989576525883749
86280000	0.010594671488273888
86320000	0.010422208991274237
86360000	0.010113973849639296
86400000	0.01014549506381154
86440000	0.009852957196347415
86480000	0.010193149954825639
86520000	0.009871224492695183
86560000	0.010417031442094594
86600000	0.010223681501392275
86640000	0.009752755731251091
86680000	0.010064926158916205
86720000	0.009879760809149592
86760000	0.010693458707071841
86800000	0.009785713250096887
86840000	0.009877149921841919
86880000	0.009635794974491
86920000	0.009785115732531994
86960000	0.010456754751689732
87000000	0.01026492906352505
87040000	0.010107692289911211
87080000	0.00978723176466301
87120000	0.009603592715412378
87160000	0.010489897088706493
87200000	0.010740765357483178
87240000	0.010441860889736563
87280000	0.010570814851764589
87320000	0.010797222366929054
87360000	0.010801663968525827
87400000	0.010419570848252624
87440000	0.010395162475388497
87480000	0.010208288952242583
87520000	0.009943031888175755
87560000	0.009739597885590047
87600000	0.009247220580279826
87640000	0.009372343150433154
87680000	0.00963859936175868
87720000	0.009776465483009816
87760000	0.010105023578368127
87800000	0.01030115662207827
87840000	0.010223893386218697
87880000	0.009769309581257404
87920000	0.010093568227812648
87960000	0.010143748773820698
88000000	0.010059662960655988
88040000	0.010629263629764319
88080000	0.0098562071188353
88120000	0.010028856005240231
88160000	0.00962034662598744
88200000	0.010351501003839076
88240000	0.01018185691172257
88280000	0.009467128164786846
88320000	0.01020050628175959
88360000	0.009842267367150635
88400000	0.010073483790177851
88440000	0.010559070212673397
88480000	0.010705048932135105
88520000	0.009893488189205527
88560000	0.009965385803580284
88600000	0.010179240197967739
88640000	0.010645522048324347
88680000	0.01083787469053641
88720000	0.010860903689730913
88760000	0.011028905624430627
88800000	0.010739281977899372
88840000	0.01093591173859313
88880000	0.010122859041765332
88920000	0.009902054961025714
88960000	0.009698575528897345
89000000	0.009274727352894842
89040000	0.009759072005655617
89080000	0.00981466800076887
89120000	0.009933755608648061
89160000	0.009701479506399482
89200000	0.009910864266101271
89240000	0.010360576395504176
89280000	0.010485052734147758
89320000	0.010251676827017218
89360000	0.010305977734457702
89400000	0.009940543434303254
89440000	0.009683395748212933
89480000	0.009544062018115073
89520000	0.00945057642729953
89560000	0.00984917112858966
89600000	0.01009292049156502
89640000	0.009579514404479414
89680000	0.009768627426214517
89720000	0.010211400076467543
89760000	0.010394399363175034
89800000	0.010410237410012632
89840000	0.010590577985253185
89880000	0.01063660807237029
89920000	0.01022582706687972
89960000	0.010195478124637157
90000000	0.01009208581354469
90040000	0.009713815368432552
90080000	0.01003209061184898
90120000	0.010424517397861927
90160000	0.009952344296593219
90200000	0.010648961611278355
90240000	0.009983765825349837
90280000	0.00987008277317509
90320000	0.010335681772511452
90360000	0.010582029237505048
90400000	0.010764059638977051
90440000	0.010167028018459678
90480000	0.010169743877369911
90520000	0.010147801869548858
90560000	0.010394477756414562
90600000	0.009890158190578223
90640000	0.009937568832561373
90680000	0.010684949681069702
90720000	0.010902912141848355
90760000	0.010700261124596
90800000	0.010917913103476166
90840000	0.010925144059583544
90880000	0.010910691463761031
90920000	0.010649944414012133
90960000	0.010929228946659713
91000000	0.011068863571342081
91040000	0.011151258907001466
91080000	0.011021824955567718
91120000	0.010601906000357122
91160000	0.010169986344128848
91200000	0.009984851439855993
91240000	0.010015378570277244
91280000	0.00984721541404724
91320000	0.010191915544029326
91360000	0.009909751878399401
91400000	0.010111246740911156
91440000	0.009775358530785889
91480000	0.009583283435273916
91520000	0.009653841507900506
91560000	0.009392384580802172
91600000	0.009769119860325009
91640000	0.009870366489049048
91680000	0.00971178026450798
91720000	0.009914019869081676
91760000	0.010002782559860498
91800000	0.010953216806333512
91840000	0.0103258141011931
91880000	0.010113119989074767
91920000	0.009898223845474423
91960000	0.009880598154012113
92000000	0.00939288053540513
92040000	0.009126887814048678
92080000	0.009382212470751257
92120000	0.009365261219348758
92160000	0.009586215080320835
92200000	0.009341532816458494
92240000	0.009539959960058332
92280000	0.009530716690514236
92320000	0.00928607235411182
92360000	0.009336948860995472
92400000	0.00899469990618527
92440000	0.010095746670477091
92480000	0.010388961303699762
92520000	0.010113040789123624
92560000	0.01109605478234589
92600000	0.010582309990003706
92640000	0.009913473105803133
92680000	0.009465182980336249
92720000	0.009920447905361653
92760000	0.010085093638021498
92800000	0.009831506756599993
92840000	0.009759676121920347
92880000	0.009650240327045322
92920000	0.00994137363564223
92960000	0.009562174096237868
93000000	0.009175539557728917
93040000	0.009272039768751711
93080000	0.009199166734609753
93120000	0.009242077521234751
93160000	0.009186298390943558
93200000	0.009753799632005393
93240000	0.009772581600397826
93280000	0.009849595544859768
93320000	0.010173204451613129
93360000	0.011305408810079097
93400000	0.010590032247267664
93440000	0.010936656858585775
93480000	0.009631831878609956
93520000	0.009302547200582921
93560000	0.009131574209500105
93600000	0.009473865021765232
93640000	0.009863876989018172
93680000	0.009700711694825441
93720000	0.010172683275304734
93760000	0.00980757068824023
93800000	0.009106002397462726
93840000	0.00886053219800815
93880000	0.009011451453063637
93920000	0.009141672539431602
93960000	0.008963443897198886
94000000	0.008997628948185593
94040000	0.009115878829360009
94080000	0.009781059498805552
94120000	0.009787029383145273
94160000	0.010605608404800296
94200000	0.00971916001373902
94240000	0.009664215457439423
94280000	0.009508758515678346
94320000	0.009658683658670633
94360000	0.009908695816714316
94400000	0.009457062253169715
94440000	0.00914590358901769
94480000	0.009419243862479925
94520000	0.009613807978108525
94560000	0.009194352630805223
94600000	0.009520540773961693
94640000	0.010558751595951616
94680000	0.009824595697689802
94720000	0.009648708314634859
94760000	0.009233707220386713
94800000	0.008868141291290522
94840000	0.008601728898938746
94880000	0.008842545877303928
94920000	0.00856925112111494
94960000	0.00867278398219496
95000000	0.008748392475303263
95040000	0.00821076421039179
95080000	0.008397991934325546
95120000	0.008454213578812778
95160000	0.008468839507177472
95200000	0.008254914956633002
95240000	0.007918225180637091
95280000	0.007887572301831097
95320000	0.007975880602374672
95360000	0.008548751817829906
95400000	0.008355716106388718
95440000	0.00838388066124171
95480000	0.008377114260476083
95520000	0.008472369281947613
95560000	0.008856292519345879
95600000	0.008833711226936429
95640000	0.00886566662658006
95680000	0.009036886032111942
95720000	0.008655202576052397
95760000	0.00869429737785831
95800000	0.00858886828366667
95840000	0.00907100701900199
95880000	0.009159795817453414
95920000	0.008851894001848996
95960000	0.009024993218947203
96000000	0.009487108639068901
96040000	0.009343309963867069
96080000	0.00955551957441494
96120000	0.008910163339413702
96160000	0.009158251864183694
96200000	0.009712753433734178
96240000	0.0093150914831087
96280000	0.009318884577509016
96320000	0.009230150339752436
96360000	0.009323430038429796
96400000	0.00891410895884037
96440000	0.009040522890072317
96480000	0.00886027949983254
96520000	0.00944856734527275
96560000	0.009712181585654617
96600000	0.010099955403059722
96640000	0.00995292966933921
96680000	0.0096761744084768
96720000	0.009669260319508613
96760000	0.009396354991849511
96800000	0.009005244947969913
96840000	0.00865400757221505
96880000	0.009101062464341522
96920000	0.009062641942687332
96960000	0.008816896868310869
97000000	0.00931934118848294
97040000	0.009159647878818214
97080000	0.009591370813827962
97120000	0.009904774408973754
97160000	0.009471116488520056
97200000	0.009364505033753813
97240000	0.008910022949427367
97280000	0.009061854091938585
97320000	0.008894274019356817
97360000	0.008828264601528645
97400000	0.008816582531109451
97440000	0.009431807185057551
97480000	0.009369090218748898
97520000	0.009545859516225755
97560000	0.009819346319697797
97600000	0.010315095076803118
97640000	0.009937559577729554
97680000	0.009734728193562478
97720000	0.00910634732209146
97760000	0.009169989569019526
97800000	0.009224616818036884
97840000	0.00945405972180888
97880000	0.010402540297806262
97920000	0.010005299824848771
97960000	0.009858271810319275
98000000	0.009532941639982164
98040000	0.009455193343292922
98080000	0.009283734830934554
98120000	0.009467264589760452
98160000	0.009378544458374381
98200000	0.009423049033805728
98240000	0.009292678787279874
98280000	0.00921758598992601
98320000	0.009119216066412628
98360000	0.009395542311761528
98400000	0.009701981052849442
98440000	0.009561556589510292
98480000	0.009992623107414693
98520000	0.010361859871540218
98560000	0.010068836501054466
98600000	0.009901436651777475
98640000	0.009709085651673376
98680000	0.009735785534698517
98720000	0.009293324633780867
98760000	0.009260724206641317
98800000	0.009335605902969836
98840000	0.009776108009461314
98880000	0.00965862993253395
98920000	0.010354218780528755
98960000	0.010618451418448239
99000000	0.010268733184225857
99040000	0.00968953318502754
99080000	0.009190349383559077
99120000	0.010241009531635792
99160000	0.010098521051276475
99200000	0.00970750123783946
99240000	0.009363707817252726
99280000	0.010006520386226476
99320000	0.010161104022152721
99360000	0.010095962800644337
99400000	0.009892167545668781
99440000	0.00956168495696038
99480000	0.009792501576524228
99520000	0.010249389095883816
99560000	0.009789955525565892
99600000	0.00975505888890475
99640000	0.009534391367435455
99680000	0.009707900007907302
99720000	0.009681626374274492
99760000	0.009638372630719096
99800000	0.00983152878684923
99840000	0.009554085024166853
99880000	0.009048306326847524
99920000	0.008861992589570582
99960000	0.008973466300591827
100000000	0.009090938284061848
