240000	0.02411138014441822
280000	0.036241480253404006
320000	0.038779372257273646
360000	0.03714817599505186
400000	0.035057611775584516
440000	0.033899287089519205
480000	0.033546143964491786
520000	0.03415582878198475
560000	0.03524935024343431
600000	0.03594741922020912
640000	0.03563101845998317
680000	0.03704202544614673
720000	0.03706969343610108
760000	0.037874338906630875
800000	0.03787619465403259
840000	0.04117516372278333
880000	0.04160559998378158
920000	0.043171321135386825
960000	0.04444705083966255
1000000	0.046466086403280496
1040000	0.04617185308597982
1080000	0.048628095019608734
1120000	0.04806290897168219
1160000	0.04728845293596387
1200000	0.050087929920479654
1240000	0.049228965655341746
1280000	0.052198664950951934
1320000	0.05244782208390534
1360000	0.056398465395718814
1400000	0.05761337918266654
1440000	0.06031230958029628
1480000	0.06470232090204954
1520000	0.0663118817821145
1560000	0.06748292532972991
1600000	0.06698622672595084
1640000	0.07176659658588469
1680000	0.07082264541685582
1720000	0.07203603066280484
1760000	0.07473778979629278
1800000	0.07666219739615918
1840000	0.08010426435172557
1880000	0.08637869456708432
1920000	0.09213522997051478
1960000	0.09201022802442312
2000000	0.09516672775559128
2040000	0.10244480941295624
2080000	0.1089639063604176
2120000	0.1159471110381186
2160000	0.11817580548375844
2200000	0.1248357143908739
2240000	0.12193034888282418
2280000	0.11856961099356413
2320000	0.12149362396970391
2360000	0.12109822804704308
2400000	0.11893045061677694
2440000	0.12158085560649634
2480000	0.12823208910003303
2520000	0.11546873172223568
2560000	0.12041956796944141
2600000	0.12951791851893069
2640000	0.13375619388967752
2680000	0.13250045965760945
2720000	0.13492864921316505
2760000	0.13424527783989906
2800000	0.13222976655587554
2840000	0.13106589514911174
2880000	0.12862951118573546
2920000	0.117801538451761
2960000	0.111883902040869
3000000	0.11195468552485108
3040000	0.10364887027442456
3080000	0.1028615280777216
3120000	0.10767014631703496
3160000	0.1088153866186738
3200000	0.1072320608355105
3240000	0.10852938524782657
3280000	0.10535550602450967
3320000	0.10306360955238342
3360000	0.09954294585436582
3400000	0.10095299532711506
3440000	0.10512227230370044
3480000	0.10395668955370783
3520000	0.09579514010250569
3560000	0.09329622035995126
3600000	0.08967967915609479
3640000	0.08895161126181483
3680000	0.08861142534315586
3720000	0.0886281838297844
3760000	0.08906833670809865
3800000	0.09061263795047998
3840000	0.09007279976308345
3880000	0.08822760848253966
3920000	0.09326735311672091
3960000	0.09175408848896623
4000000	0.09268432971462608
4040000	0.09239903187304735
4080000	0.09295623063594102
4120000	0.08445997115001082
4160000	0.08309274798706173
4200000	0.08464069911167026
4240000	0.08265763364881278
4280000	0.08336114992499352
4320000	0.08286381656229495
4360000	0.08228437399342656
4400000	0.08423587438985705
4440000	0.08653935376405716
4480000	0.09114269065111875
4520000	0.09507158154323697
4560000	0.09225959865301847
4600000	0.08646185749173164
4640000	0.08660173583701253
4680000	0.0859383137434721
4720000	0.08748267954140902
4760000	0.08789851098880172
4800000	0.08838265404626727
4840000	0.08151403024047613
4880000	0.07898118574470282
4920000	0.0815317240178585
4960000	0.0804922662459314
5000000	0.08115982518270612
5040000	0.08220939298793674
5080000	0.08295294308289886
5120000	0.0816908051021397
5160000	0.07573576408401132
5200000	0.07479750236421824
5240000	0.07342084393501282
5280000	0.0735306702695787
5320000	0.07219638102054596
5360000	0.07085640837773681
5400000	0.07160803795829415
5440000	0.07233253412842751
5480000	0.07232538979202509
5520000	0.07538483680337668
5560000	0.07294279798269272
5600000	0.07429314322248101
5640000	0.07157291498184204
5680000	0.07565830285102129
5720000	0.07719127613380551
5760000	0.07626719756349921
5800000	0.0777873075298965
5840000	0.0766871542826295
5880000	0.07573894366174937
5920000	0.07052718503326177
5960000	0.06867365035191178
6000000	0.07021547826640308
6040000	0.07135475515574217
6080000	0.0711150624834001
6120000	0.06995610620006919
6160000	0.06962002398222684
6200000	0.07358674219101667
6240000	0.0758689831621945
6280000	0.0778873476743698
6320000	0.07779737095683813
6360000	0.07356965672001242
6400000	0.07070499896109105
6440000	0.07145245838612319
6480000	0.07061480383053421
6520000	0.07360228583142162
6560000	0.07530359288528561
6600000	0.07584985198378563
6640000	0.0771054938353598
6680000	0.07921247883737087
6720000	0.08027412251457572
6760000	0.0799345754802227
6800000	0.07802661307901144
6840000	0.0734521058872342
6880000	0.07367090300247073
6920000	0.07063691643923521
6960000	0.06994463601708412
7000000	0.07045998874157668
7040000	0.06880832485407591
7080000	0.07017883130013942
7120000	0.07072858270108699
7160000	0.07005473442971706
7200000	0.07112483473792672
7240000	0.07093950582221151
7280000	0.07577261083647609
7320000	0.0774905696220696
7360000	0.07690922043472528
7400000	0.07562274048104882
7440000	0.07559932039529085
7480000	0.0735654951069504
7520000	0.07496190778166055
7560000	0.07278525400832296
7600000	0.0740494170807302
7640000	0.07274180951267481
7680000	0.06961440563723445
7720000	0.07096991827636957
7760000	0.06925202709510922
7800000	0.06798788217902184
7840000	0.06642650542408228
7880000	0.06793077767640353
7920000	0.06956921133473515
7960000	0.0715116611264646
8000000	0.06896767041832208
8040000	0.06730306588485838
8080000	0.07105480944812298
8120000	0.06953215380460023
8160000	0.06912483157515525
8200000	0.06895658966898918
8240000	0.06780505641698838
8280000	0.0651298787266016
8320000	0.0652900895960629
8360000	0.06444104864448309
8400000	0.06591815339401365
8440000	0.06531469668187201
8480000	0.0670978614591062
8520000	0.0667071925200522
8560000	0.06629139469750225
8600000	0.06512687948271632
8640000	0.06571249552369118
8680000	0.06540423418432474
8720000	0.06530493098162114
8760000	0.06607978113144636
8800000	0.06548710808008909
8840000	0.06494596036076546
8880000	0.06359655200913548
8920000	0.06258633969277143
8960000	0.061054500252753496
9000000	0.060403224562853575
9040000	0.060283123944699764
9080000	0.06146437000781298
9120000	0.06116134112328291
9160000	0.06159491510912776
9200000	0.059731991755962374
9240000	0.06254142718017101
9280000	0.06226758672222495
9320000	0.0654365748040378
9360000	0.06426324025169015
9400000	0.06242178271189332
9440000	0.06434531466960906
9480000	0.06258164634034037
9520000	0.061140055591613056
9560000	0.06282416407763958
9600000	0.060112136083841326
9640000	0.06060728099048138
9680000	0.06012621243223548
9720000	0.05757739574611187
9760000	0.05721305351853371
9800000	0.057936038994044065
9840000	0.05996432512998581
9880000	0.05826161394044757
9920000	0.05871888509839773
9960000	0.058139213176071645
10000000	0.060413842859119174
10040000	0.059435047653317453
10080000	0.061050574308261274
10120000	0.06542920423448086
10160000	0.06575323913320899
10200000	0.06878473955094815
10240000	0.06967323253825307
10280000	0.0770422206133604
10320000	0.07738618103638291
10360000	0.07289773257188499
10400000	0.06888400046750903
10440000	0.06037691184580326
10480000	0.056551519772410394
10520000	0.05755704755745828
10560000	0.05938402612954378
10600000	0.05999726975262165
10640000	0.06033159554004669
10680000	0.05783375347927213
10720000	0.057678490659967066
10760000	0.057096538639441134
10800000	0.058170386726409194
10840000	0.05887297239787877
10880000	0.05935236986465752
10920000	0.06000962123200297
10960000	0.060771580654382706
11000000	0.060132948849350214
11040000	0.057282240698486565
11080000	0.06016406264565885
11120000	0.05974264736622572
11160000	0.05896663493439555
11200000	0.05847478143312037
11240000	0.055959223675727844
11280000	0.05946568340435624
11320000	0.05951874287799001
11360000	0.06115038481876254
11400000	0.059099662224575876
11440000	0.058532124767079946
11480000	0.057729896967858074
11520000	0.05625606464073062
11560000	0.055290369222685695
11600000	0.055636467491462824
11640000	0.05658172767087817
11680000	0.0592089210651815
11720000	0.06013243160992861
11760000	0.05840783785581589
11800000	0.057021016747504476
11840000	0.05770047128647566
11880000	0.06000758075490594
11920000	0.06135946673378349
11960000	0.06019845702126622
12000000	0.059271846958994866
12040000	0.061995403872802855
12080000	0.06105322149693966
12120000	0.06088130714483559
12160000	0.06191173458173871
12200000	0.0624590694539249
12240000	0.0632902750890702
12280000	0.0610985858079046
12320000	0.06152807720452547
12360000	0.062192726159840825
12400000	0.061863719941675666
12440000	0.059571594521030787
12480000	0.06124718120023608
12520000	0.06158044266887009
12560000	0.059737281481549144
12600000	0.0605354765534401
12640000	0.059432759258523586
12680000	0.05824502877295017
12720000	0.05796400256305933
12760000	0.05832732670754194
12800000	0.05940548976436257
12840000	0.06114896477162838
12880000	0.06275277120880783
12920000	0.06294022414386273
12960000	0.0618930176615715
13000000	0.06093053111732006
13040000	0.06203094719611108
13080000	0.06277881203591823
13120000	0.06311285148970783
13160000	0.05755882866382599
13200000	0.058776971474289896
13240000	0.05732944970391691
13280000	0.05826390970647335
13320000	0.055918180906027556
13360000	0.0584820057541132
13400000	0.062101277266442774
13440000	0.06070876144096255
13480000	0.06037930114679039
13520000	0.059085559236258266
13560000	0.0610063454888761
13600000	0.05702929373010993
13640000	0.058379472114890814
13680000	0.06109522252716124
13720000	0.06321247722432018
13760000	0.06641058271154761
13800000	0.06787251990437508
13840000	0.06583842183500528
13880000	0.0644980341181159
13920000	0.06291849936619401
13960000	0.06440659248679877
14000000	0.06230635122209787
14040000	0.06433923307061196
14080000	0.06701054361537098
14120000	0.07209307225644589
14160000	0.07034587758630514
14200000	0.06883605229668319
14240000	0.06824918860495091
14280000	0.06440289068743586
14320000	0.059630372755602006
14360000	0.05741722836382687
14400000	0.05728112649768591
14440000	0.05839142419397831
14480000	0.056316747225821015
14520000	0.05731841234341264
14560000	0.057138633213937286
14600000	0.05592399727888405
14640000	0.055312993001937864
14680000	0.05705801932886243
14720000	0.05785358409956098
14760000	0.05882940977066755
14800000	0.0632235607702285
14840000	0.06255273140445351
14880000	0.058663870304822924
14920000	0.05885012180879712
14960000	0.05872329485043883
15000000	0.06041018108725548
15040000	0.057793354646861556
15080000	0.06220208575949073
15120000	0.059533164627850056
15160000	0.06293981926739216
15200000	0.06286906516253948
15240000	0.06088570262789726
15280000	0.060356059058755636
15320000	0.061617981036752464
15360000	0.0653447921257466
15400000	0.06395649407729506
15440000	0.06485365379452705
15480000	0.06320483386144042
15520000	0.05976731123961508
15560000	0.05860400008261204
15600000	0.061009061957150695
15640000	0.060848938269913194
15680000	0.05805110718943179
15720000	0.06124522552788258
15760000	0.06412402532920242
15800000	0.06690459384694696
15840000	0.07136031988337636
15880000	0.071464959012717
15920000	0.06550394403785467
15960000	0.06254950889833272
16000000	0.06664287863969803
16040000	0.060266133460402486
16080000	0.05647728273496032
16120000	0.05658237733282149
16160000	0.05633586172014475
16200000	0.05885909857749939
16240000	0.0602671427488327
16280000	0.06226981511153281
16320000	0.059772391682118176
16360000	0.06086287077069283
16400000	0.062567137067765
16440000	0.061874439111351966
16480000	0.06060267457962036
16520000	0.06319618349559605
16560000	0.06185153099186719
16600000	0.06266414125412703
16640000	0.06393098521791399
16680000	0.06035666820034385
16720000	0.06142192561328411
16760000	0.056805976112931963
16800000	0.054781545182317495
16840000	0.055513560922816396
16880000	0.05580441381186247
16920000	0.05731133153885603
16960000	0.0541469687871635
17000000	0.05415205187164247
17040000	0.05542334672287107
17080000	0.05831839853152633
17120000	0.05811043872386217
17160000	0.06192922106608748
17200000	0.060663789818435905
17240000	0.05883843656443059
17280000	0.057758426044136287
17320000	0.05618950069025159
17360000	0.05749082536250353
17400000	0.05773938019685447
17440000	0.057264441985636946
17480000	0.058864120458438994
17520000	0.05908876477554441
17560000	0.05694570875130594
17600000	0.05616474142111838
17640000	0.05648036697283387
17680000	0.05553604714348912
17720000	0.055887926878035066
17760000	0.05365668371990323
17800000	0.05129372067451477
17840000	0.049937985192239284
17880000	0.05139660718999803
17920000	0.052315303820371625
17960000	0.054566434593498706
18000000	0.054906763485819104
18040000	0.05274044950790703
18080000	0.05172798887342214
18120000	0.051751327216997746
18160000	0.05150533976443112
18200000	0.05116573121994734
18240000	0.051885208056867124
18280000	0.05663099790289998
18320000	0.05565318803302944
18360000	0.05485365160554648
18400000	0.05567935674674809
18440000	0.05767782747931778
18480000	0.05900242513269186
18520000	0.05888291112706065
18560000	0.0579328140437603
18600000	0.0557940702687949
18640000	0.0565341507025063
18680000	0.05852348708026111
18720000	0.05855331043079495
18760000	0.05701099261716008
18800000	0.05608817690834403
18840000	0.05797718716412783
18880000	0.0558453167591244
18920000	0.056607872126996514
18960000	0.05704289628490806
19000000	0.05480593800768256
19040000	0.05333967381045222
19080000	0.05356064956262708
19120000	0.054058014369383456
19160000	0.05419007699489593
19200000	0.05422972116954625
19240000	0.054852705255895855
19280000	0.056037845186516645
19320000	0.05532736883871257
19360000	0.056280613740161065
19400000	0.053906508256495
19440000	0.05384507904313505
19480000	0.053595770230144266
19520000	0.0546582640491426
19560000	0.05652634117715061
19600000	0.053549854449927804
19640000	0.05238949147947133
19680000	0.053993442568928005
19720000	0.05459759816676378
19760000	0.05348966021239757
19800000	0.05482945238277316
19840000	0.0553718788266182
19880000	0.057910258313268424
19920000	0.058201456631720064
19960000	0.05936312452889979
20000000	0.05598355526477099
20040000	0.055017244611680505
20080000	0.057275532707199456
20120000	0.05686606455929577
20160000	0.05560844858773053
20200000	0.055066783430054785
20240000	0.05842900146022439
20280000	0.05993913287371397
20320000	0.059540508792176844
20360000	0.06078985169827938
20400000	0.058957871919870376
20440000	0.05833195944055915
20480000	0.05915019356906414
20520000	0.05905287503525615
20560000	0.05948693780042231
20600000	0.05763222203180194
20640000	0.05420063051730394
20680000	0.05686929215043783
20720000	0.056269800939410926
20760000	0.05461127852015197
20800000	0.05617587572261691
20840000	0.056723103131726384
20880000	0.05557497543282807
20920000	0.05845311379805207
20960000	0.05948117721751332
21000000	0.059178934690356254
21040000	0.057082212315872315
21080000	0.05845468280389905
21120000	0.05587556812018156
21160000	0.05711947937309742
21200000	0.05631790168769658
21240000	0.057324366757273676
21280000	0.05585774749442935
21320000	0.05513085438162088
21360000	0.05588696975521743
21400000	0.058251775751262905
21440000	0.05534309530928731
21480000	0.05518572422116995
21520000	0.05482047652304173
21560000	0.05387479570917785
21600000	0.05371075216904283
21640000	0.05374276676028967
21680000	0.05306742914021015
21720000	0.053681068105995655
21760000	0.05218782075829804
21800000	0.056363475441560146
21840000	0.05401489126086235
21880000	0.05422878908142448
21920000	0.05419734945595264
21960000	0.05617328438796103
22000000	0.05559480389282107
22040000	0.056656255067139866
22080000	0.056366142117232086
22120000	0.05656004543453455
22160000	0.057169058772176505
22200000	0.05348911226429045
22240000	0.0556916376799345
22280000	0.056718926215171814
22320000	0.057714325473457576
22360000	0.05597147980816662
22400000	0.05531068975776434
22440000	0.05860634710043669
22480000	0.05927885311841965
22520000	0.05604962497279048
22560000	0.055360756090283396
22600000	0.0548268432110548
22640000	0.05443252779692411
22680000	0.05268079005517066
22720000	0.052073711938783525
22760000	0.05169230829849839
22800000	0.05383777547739446
22840000	0.0547350454442203
22880000	0.05580956552885473
22920000	0.053988592405617236
22960000	0.05423878870755434
23000000	0.05469688691273332
23040000	0.05552252419665456
23080000	0.05630939990393818
23120000	0.05555071676336229
23160000	0.05976225244253874
23200000	0.05626331674940884
23240000	0.05622472696043551
23280000	0.056952089025452735
23320000	0.05865616416484117
23360000	0.05910982199236751
23400000	0.05471432184427977
23440000	0.05512283358052373
23480000	0.05690021732673049
23520000	0.05708928458094597
23560000	0.05828613570295274
23600000	0.05958601740226149
23640000	0.06066555394455791
23680000	0.059668336452543734
23720000	0.057977336034178734
23760000	0.05646940230131149
23800000	0.05636772103458643
23840000	0.054260491840913895
23880000	0.054055872566252945
23920000	0.05220019410252571
23960000	0.05244578101560474
24000000	0.051231361386179924
24040000	0.05141940239444375
24080000	0.05131524801030755
24120000	0.05164136958941817
24160000	0.05287683449611068
24200000	0.05368828612454236
24240000	0.05279510066732764
24280000	0.052713810392841697
24320000	0.05231646806150675
24360000	0.05265010548792779
24400000	0.055842999223619696
24440000	0.056446262706443665
24480000	0.061474593764543534
24520000	0.0632380540855229
24560000	0.06172931889183819
24600000	0.057432888788357374
24640000	0.05707114295326173
24680000	0.05492087011486292
24720000	0.05543293571025133
24760000	0.055570412787795065
24800000	0.055814105557277796
24840000	0.05687973736450076
24880000	0.055753721453994515
24920000	0.05461374539732933
24960000	0.054410768253356216
25000000	0.05437435763925314
25040000	0.05438727880567312
25080000	0.05519881132356823
25120000	0.05637998229116201
25160000	0.057430848333239554
25200000	0.05962254098206758
25240000	0.05649206376522779
25280000	0.05702209305390716
25320000	0.05606211954131723
25360000	0.05600385349690914
25400000	0.057042671523988245
25440000	0.056401135899871585
25480000	0.05702687821388245
25520000	0.055890932442620396
25560000	0.056319664265960453
25600000	0.05667361470013857
25640000	0.057660747822001576
25680000	0.05479227029271424
25720000	0.0551077847763896
25760000	0.05759870891794562
25800000	0.05941944140791893
25840000	0.05703102548345924
25880000	0.05737540111094713
25920000	0.05624514763355255
25960000	0.056370597384125
26000000	0.058172613863646985
26040000	0.05699452028945089
26080000	0.055111389894410966
26120000	0.05669950724355877
26160000	0.05664291335046291
26200000	0.05638159773796797
26240000	0.05523819367773831
26280000	0.055497484297677875
26320000	0.0568253643065691
26360000	0.0571471097022295
26400000	0.05845619113147259
26440000	0.060926599648594856
26480000	0.06262474899142981
26520000	0.06050879906341434
26560000	0.0571759276997298
26600000	0.058329262056201696
26640000	0.059773877761512995
26680000	0.059366646068170666
26720000	0.05775536189973354
26760000	0.05612714909501374
26800000	0.05301427397727966
26840000	0.05296404901444912
26880000	0.055249669167771936
26920000	0.05603792401663959
26960000	0.05762424331754446
27000000	0.05604136959612369
27040000	0.05565995367467404
27080000	0.05520909516438842
27120000	0.05610427596233785
27160000	0.05783615501821041
27200000	0.0563955885335803
27240000	0.056963639290630814
27280000	0.05509205851554871
27320000	0.05557355340644717
27360000	0.05518963453434408
27400000	0.05503496023118496
27440000	0.05530592028424144
27480000	0.056420940925180914
27520000	0.055905202410370114
27560000	0.0565379973616451
27600000	0.057957824403420094
27640000	0.05786097161471844
27680000	0.06009199164882302
27720000	0.05706246632561088
27760000	0.05789301076680422
27800000	0.05948768107891083
27840000	0.06195865552425384
27880000	0.06049454863518477
27920000	0.061154920148104426
27960000	0.06100673606544733
28000000	0.058825589552521707
28040000	0.057675889986753465
28080000	0.05713582242503762
28120000	0.056503810024261476
28160000	0.05524291484877467
28200000	0.05486426436901092
28240000	0.05436752792932093
28280000	0.05518962178975344
28320000	0.05620385738313198
28360000	0.05699894333742559
28400000	0.05600343942642212
28440000	0.05564036422893405
28480000	0.05460185626707971
28520000	0.054739109298214315
28560000	0.053931584506109354
28600000	0.05407712758667767
28640000	0.05308920425251126
28680000	0.053598955083638426
28720000	0.053290986168384555
28760000	0.05497417525313795
28800000	0.05572963439971208
28840000	0.05702716017514467
28880000	0.05837493428774178
28920000	0.056715140202268956
28960000	0.055605897314101455
29000000	0.057548177187889814
29040000	0.05718244439251721
29080000	0.05551756498888135
29120000	0.056002548071742056
29160000	0.05631247538216412
29200000	0.05567409892380237
29240000	0.05389961572177708
29280000	0.05722326955571771
29320000	0.05679697761870921
29360000	0.058663955686986444
29400000	0.060047955124080184
29440000	0.06106732127889991
29480000	0.06160531237050891
29520000	0.057858670902624726
29560000	0.05857308670133352
29600000	0.05746724425628781
29640000	0.056228441263735295
29680000	0.054308028480038045
29720000	0.0555709928330034
29760000	0.05636583346128464
29800000	0.05706524991691112
29840000	0.05772059881985187
29880000	0.059183596178889276
29920000	0.05678573444709182
29960000	0.054829786041378975
30000000	0.05555650337859988
30040000	0.05382591052129865
30080000	0.054654449931532144
30120000	0.05313401765599847
30160000	0.054514011323451995
30200000	0.05703166433274746
30240000	0.057099528378248214
30280000	0.05651594236195087
30320000	0.05524854450449348
30360000	0.052914000646024945
30400000	0.05397972456738353
30440000	0.05432052654325962
30480000	0.05459533000290394
30520000	0.05570507599934935
30560000	0.05512236718982458
30600000	0.05623978046178818
30640000	0.055410134614259005
30680000	0.05627832740731537
30720000	0.057587035313993694
30760000	0.05639851772971451
30800000	0.059510482878237965
30840000	0.05798139668479562
30880000	0.05511225305050611
30920000	0.05350778087079525
30960000	0.054355190252512696
31000000	0.053622309559583664
31040000	0.05288489326536656
31080000	0.05451673256754875
31120000	0.05263323944732547
31160000	0.05320218634605408
31200000	0.052185016855597496
31240000	0.051805514580756426
31280000	0.05097104343101382
31320000	0.052118030636757615
31360000	0.05263338281288743
31400000	0.05480204676091671
31440000	0.05409593916609883
31480000	0.05479943765029311
31520000	0.05565767709836364
31560000	0.05650925134494901
31600000	0.057137377543747425
31640000	0.056332182728126644
31680000	0.056598414354026315
31720000	0.055431341758370396
31760000	0.05290491907857359
31800000	0.05406573070064187
31840000	0.05375857229232788
31880000	0.05217360069602728
31920000	0.05186506856940687
31960000	0.05251205987557769
32000000	0.05223831071704626
32040000	0.052648907676339146
32080000	0.052539961149543526
32120000	0.052176399683207274
32160000	0.05046211931183934
32200000	0.05154669045507908
32240000	0.05311741350777447
32280000	0.05123588136620819
32320000	0.0505239006664604
32360000	0.05147068701423704
32400000	0.052258389146626
32440000	0.05060881486460567
32480000	0.05181463543474674
32520000	0.053010983356833456
32560000	0.05377742328867316
32600000	0.05423278908655047
32640000	0.05649104389324784
32680000	0.057962363924086095
32720000	0.055675962334126236
32760000	0.054024957821518185
32800000	0.05248323305845261
32840000	0.052232677250355485
32880000	0.04964902410060167
32920000	0.04999426963627338
32960000	0.05210472183562815
33000000	0.052525784720480445
33040000	0.05283481579832733
33080000	0.05263383559286594
33120000	0.050387000111117956
33160000	0.051359912633523346
33200000	0.051453092553466556
33240000	0.05274210294857621
33280000	0.052752409981191156
33320000	0.05313872170373798
33360000	0.05312437232509255
33400000	0.05173001407310367
33440000	0.05232675609663129
33480000	0.05341116278395057
33520000	0.05277979589812458
33560000	0.053149374158680436
33600000	0.05206826040968299
33640000	0.05074718550927937
33680000	0.05071217909380794
33720000	0.05078627554774284
33760000	0.05197085862606764
33800000	0.05269382765069604
33840000	0.05353523533940315
33880000	0.053082878168672326
33920000	0.053581903257966045
33960000	0.053886331443488596
34000000	0.053963602577894926
34040000	0.053891723043471576
34080000	0.05590894109979272
34120000	0.05464452460817993
34160000	0.05400320090726018
34200000	0.052482035555690525
34240000	0.05334152006655932
34280000	0.05304803564213216
34320000	0.053827114664018155
34360000	0.05497476333640516
34400000	0.05466285292431712
34440000	0.054291578713059424
34480000	0.0524948485173285
34520000	0.05353239156231284
34560000	0.05375378749445081
34600000	0.05507548822835088
34640000	0.0547148321069777
34680000	0.05459783700183034
34720000	0.05336745361126959
34760000	0.05317418369948864
34800000	0.053959632290899756
34840000	0.05365821705982089
34880000	0.0526507488258183
34920000	0.05204377593509853
34960000	0.051480673522502185
35000000	0.05024370345883072
35040000	0.0501771925508976
35080000	0.049305082220584155
35120000	0.04943092438802123
35160000	0.04993557190150023
35200000	0.05146043510362506
35240000	0.05175425556525588
35280000	0.05277631968036294
35320000	0.04981709865033627
35360000	0.049774885638803244
35400000	0.048992784836515785
35440000	0.0485617042593658
35480000	0.049754483548551796
35520000	0.05109450360313058
35560000	0.053185570079833266
35600000	0.05315790163613856
35640000	0.051025067912042144
35680000	0.051587915337085725
35720000	0.05052818929478526
35760000	0.05117230674698949
35800000	0.05155032966211438
35840000	0.05119827661216259
35880000	0.05050021479874849
35920000	0.048763842387497425
35960000	0.04805844880491495
36000000	0.048730598574876785
36040000	0.05086014406606555
36080000	0.050085925012826917
36120000	0.05002519453875721
36160000	0.05021254845969379
36200000	0.04942206956669688
36240000	0.04951657940596342
36280000	0.04875401471741497
36320000	0.048254732459411025
36360000	0.049242491982132194
36400000	0.050039812912046906
36440000	0.047946499466150996
36480000	0.04779851145222783
36520000	0.04942661688774824
36560000	0.04827352236397565
36600000	0.049051987893134356
36640000	0.04856143262796104
36680000	0.046925806306302546
36720000	0.048923329494148494
36760000	0.04986543743982911
36800000	0.05080335078239441
36840000	0.051364357674121855
36880000	0.050405008359253406
36920000	0.04945851907618344
36960000	0.05021795100681484
37000000	0.05041116305179894
37040000	0.05127135983966291
37080000	0.050734550320357084
37120000	0.05087277136445045
37160000	0.05007879391796887
37200000	0.04999997166767716
37240000	0.051370298488065604
37280000	0.05099758060649037
37320000	0.050315492847934365
37360000	0.04800328946746886
37400000	0.0475427492313087
37440000	0.04770834346711635
37480000	0.04855718457698822
37520000	0.047436836820840836
37560000	0.047919411133229735
37600000	0.046643596571311355
37640000	0.048120982044190165
37680000	0.048407309141382575
37720000	0.04984162935949862
37760000	0.04881039625778794
37800000	0.0480788056217134
37840000	0.046400219931080934
37880000	0.04645372158065438
37920000	0.046694460228085516
37960000	0.046434221488982436
38000000	0.046844057457894085
38040000	0.04888537986539304
38080000	0.04972993668057024
38120000	0.04871453317441046
38160000	0.047156563875079154
38200000	0.04844137588068843
38240000	0.047845652312412855
38280000	0.049955606052652
38320000	0.0485630525149405
38360000	0.04714110445976257
38400000	0.04679453265145421
38440000	0.04823174408748746
38480000	0.05051126660332084
38520000	0.05349613064415753
38560000	0.05368286097943783
38600000	0.05049566718935967
38640000	0.051085884430259465
38680000	0.051494492584466936
38720000	0.05001863242164254
38760000	0.04927512390576303
38800000	0.0509344706363976
38840000	0.05135772878676653
38880000	0.051907442624121905
38920000	0.05110832692682743
38960000	0.05108510252088308
39000000	0.051698160222917795
39040000	0.05096910311430693
39080000	0.05052228431664407
39120000	0.04898784918487072
39160000	0.04958708723038435
39200000	0.048402535999566315
39240000	0.046181968006864194
39280000	0.04649697382636368
39320000	0.04721424060501158
39360000	0.04641252529136836
39400000	0.049676490132883194
39440000	0.051104991034790874
39480000	0.050979613383859396
39520000	0.052374268066883084
39560000	0.05324056271091104
39600000	0.055432345942780376
39640000	0.05418103692010045
39680000	0.05279051892533898
39720000	0.05239453594982624
39760000	0.05090548747479916
39800000	0.050533755360543726
39840000	0.05059710313230753
39880000	0.04842842921093106
39920000	0.04827875257879496
39960000	0.04868122103661299
40000000	0.048485682636126876
40040000	0.04847220707908273
40080000	0.04935131855532527
40120000	0.050966625628992915
40160000	0.04973878270983696
40200000	0.05124143176339567
40240000	0.04874946862608194
40280000	0.04929831701666117
40320000	0.04847185319587588
40360000	0.04736264820098877
40400000	0.04888478523790837
40440000	0.048808933180943134
40480000	0.049244099871069195
40520000	0.04997473544254899
40560000	0.04948968342244625
40600000	0.04857731164284051
40640000	0.049158589590340855
40680000	0.04889420314133167
40720000	0.047453524017333985
40760000	0.04669117076583207
40800000	0.047117522798478605
40840000	0.04852686281278729
40880000	0.04862785011790693
40920000	0.048147785740345714
40960000	0.048265917871147396
41000000	0.04534076321311295
41040000	0.04656013297662139
41080000	0.045414368730783465
41120000	0.04477945939935744
41160000	0.04535502391345799
41200000	0.04546110398583114
41240000	0.04534263503625989
41280000	0.04469978972300887
41320000	0.04451145210415125
41360000	0.04660868196003139
41400000	0.04745006933957338
41440000	0.04964781733453274
41480000	0.049762292969971894
41520000	0.04815724184885621
41560000	0.04762562293633819
41600000	0.04752493229620159
41640000	0.048967916288226845
41680000	0.0480981294028461
41720000	0.046877813570573926
41760000	0.04449385424926877
41800000	0.04543649972975254
41840000	0.044600045862793924
41880000	0.04643751899711788
41920000	0.05010765883624554
41960000	0.04920169048756361
42000000	0.0471111476521939
42040000	0.046024572962522506
42080000	0.04645009076669812
42120000	0.04374420702643692
42160000	0.042910480621084574
42200000	0.04217046821191907
42240000	0.042187142466381194
42280000	0.04284520240537822
42320000	0.04203942960202694
42360000	0.042686117369309065
42400000	0.04364132777377963
42440000	0.04374101801142097
42480000	0.04427389065511525
42520000	0.044279380593076345
42560000	0.043969446132704613
42600000	0.04536188005879521
42640000	0.04446684145368636
42680000	0.046018880830332634
42720000	0.044815967647731304
42760000	0.04471525171250105
42800000	0.045253645631670954
42840000	0.04680653237104416
42880000	0.046026262123137714
42920000	0.046413969580084084
42960000	0.046031021156162026
43000000	0.047457685715332626
43040000	0.04790555309802294
43080000	0.049652359928190705
43120000	0.04963445814996958
43160000	0.0487076037440449
43200000	0.045932243036478755
43240000	0.04644765522330999
43280000	0.047041599940508605
43320000	0.04598993661962449
43360000	0.04488543558716774
43400000	0.04542900220490992
43440000	0.04422077972963452
43480000	0.04214404279626906
43520000	0.04289219324588776
43560000	0.04467711350172758
43600000	0.044130026870593426
43640000	0.04325964289903641
43680000	0.04360702272579074
43720000	0.04337450143657625
43760000	0.043559993106499315
43800000	0.043182991775497795
43840000	0.04291915719844401
43880000	0.04331832608655095
43920000	0.041760393116250634
43960000	0.04241278109326958
44000000	0.0407453259602189
44040000	0.042799333370476964
44080000	0.04336026827953756
44120000	0.04261685567125678
44160000	0.042337014907598496
44200000	0.04322873059697449
44240000	0.04264768803343177
44280000	0.04093534764572978
44320000	0.040787267604097725
44360000	0.041337978451699016
44400000	0.0416198229689151
44440000	0.04218440545871854
44480000	0.04315095927491784
44520000	0.04312884029187262
44560000	0.042189554913714525
44600000	0.04184660875275731
44640000	0.0411907457832247
44680000	0.04292044621743262
44720000	0.042491966527700424
44760000	0.043110978248715404
44800000	0.04486066814176738
44840000	0.04590165343694389
44880000	0.0455775509044528
44920000	0.04543072163835168
44960000	0.04649794430807233
45000000	0.04556185814999044
45040000	0.04495078670568764
45080000	0.045691784593090416
45120000	0.04602462351955473
45160000	0.047178141144663094
45200000	0.04689124938361347
45240000	0.046584487020596865
45280000	0.046030851333215834
45320000	0.044744932408630846
45360000	0.04598617573454976
45400000	0.0484662631444633
45440000	0.050514617709070446
45480000	0.051695686848461625
45520000	0.04998507995940745
45560000	0.04908229573369026
45600000	0.04755330310054123
45640000	0.04755205047801137
45680000	0.04810953187197447
45720000	0.04687690325267613
45760000	0.047042832040041685
45800000	0.04486977202929556
45840000	0.04433829886130988
45880000	0.04262088473513723
45920000	0.04232718513011932
45960000	0.042712271468713876
46000000	0.04239294797293842
46040000	0.04269331235475838
46080000	0.043307768995314834
46120000	0.04270111182704568
46160000	0.04321361459903419
46200000	0.04500204450674355
46240000	0.044844301652163264
46280000	0.046297143176198007
46320000	0.04487287806235254
46360000	0.04553539117760956
46400000	0.04464089211933315
46440000	0.044520548621565105
46480000	0.04499743957445025
46520000	0.04465488375648856
46560000	0.04426993577852845
46600000	0.045064559122174976
46640000	0.04532503641434014
46680000	0.04422916379533708
46720000	0.04484456358924508
46760000	0.04501739136911929
46800000	0.045278968911245464
46840000	0.04450873119533062
46880000	0.04309779605530202
46920000	0.042771977872028945
46960000	0.04240578858070076
47000000	0.0416335821993649
47040000	0.04222370745688677
47080000	0.04310947610810399
47120000	0.04420888919942081
47160000	0.044812847317010164
47200000	0.04389921059645712
47240000	0.044131982979178426
47280000	0.04355971125736833
47320000	0.04358304577022791
47360000	0.043839951998367904
47400000	0.04382496830672026
47440000	0.04446807612106204
47480000	0.044699805903062224
47520000	0.04511327605582774
47560000	0.044521473043784496
47600000	0.045225487899035216
47640000	0.045061311470717194
47680000	0.044492445154860616
47720000	0.04518093531504273
47760000	0.04640816903747618
47800000	0.04622958132587373
47840000	0.047199403327703476
47880000	0.04959960414543748
47920000	0.049279373973608015
47960000	0.04783072203397751
48000000	0.04755343457572162
48040000	0.04741642739698291
48080000	0.048705516865849494
48120000	0.048872905096784235
48160000	0.04955236377492547
48200000	0.05020888901464641
48240000	0.05022159337922931
48280000	0.04731726886481047
48320000	0.04575465128943324
48360000	0.04539566789008677
48400000	0.04333196990601718
48440000	0.042248122735321525
48480000	0.04219549682065844
48520000	0.04411036565117538
48560000	0.044270625114813444
48600000	0.04393854722306132
48640000	0.04341993632689119
48680000	0.04399992343857884
48720000	0.04384242843389511
48760000	0.042137038330733775
48800000	0.04182303044721484
48840000	0.04221044402532279
48880000	0.04152583975084126
48920000	0.04092617409974337
48960000	0.04202015037126839
49000000	0.041712183289974926
49040000	0.040954592085257174
49080000	0.04115096801146865
49120000	0.04053982134237886
49160000	0.040694474724680185
49200000	0.04080530231036246
49240000	0.04051311651431024
49280000	0.03961265983395278
49320000	0.039367200240865347
49360000	0.03904352955073118
49400000	0.03970531126186252
49440000	0.03766034924909473
49480000	0.0384734808281064
49520000	0.03905284994654357
49560000	0.03962213352508843
49600000	0.040553162913024424
49640000	0.041045350255817174
49680000	0.0421626333642751
49720000	0.041526138177886605
49760000	0.04204986425153911
49800000	0.04073909179866314
49840000	0.04017037666626275
49880000	0.03898877903111279
49920000	0.03945668853074312
49960000	0.038978911371156576
50000000	0.039068408066406844
50040000	0.038017903420701625
50080000	0.038738747867941854
50120000	0.038957022800669074
50160000	0.03841396655030548
50200000	0.03839256282560527
50240000	0.038630793767049906
50280000	0.03915479009896517
50320000	0.03946599273607135
50360000	0.03960269396789372
50400000	0.0407627765674144
50440000	0.04041044541373849
50480000	0.03966211632750928
50520000	0.03913758854791522
50560000	0.03887055183239281
50600000	0.0376409532379359
50640000	0.038407015731930734
50680000	0.0377576128475368
50720000	0.039663493525609377
50760000	0.03881619823426008
50800000	0.03830265739411116
50840000	0.038050111461803315
50880000	0.03698055589646101
50920000	0.03519635779000819
50960000	0.03494089316315949
51000000	0.034704643495380876
51040000	0.035071459006518126
51080000	0.03505794526077807
51120000	0.03551267175041139
51160000	0.035632792957127096
51200000	0.035810554249584674
51240000	0.0361098307248205
51280000	0.035327811182290315
51320000	0.03480611958093941
51360000	0.03513481927104294
51400000	0.03299316474460065
51440000	0.034274883932992814
51480000	0.03506881286650896
51520000	0.035709175269305705
51560000	0.035316198740527036
51600000	0.03519119420796633
51640000	0.034941659484803676
51680000	0.03438300172016025
51720000	0.034802251000329854
51760000	0.03426307456754148
51800000	0.03470994418896735
51840000	0.034461032227799296
51880000	0.03425287658683956
51920000	0.03531086585223675
51960000	0.03458529850691557
52000000	0.035607795636355875
52040000	0.03612413055785001
52080000	0.03659004182033241
52120000	0.03577256230637431
52160000	0.03631231195479631
52200000	0.03550216323174536
52240000	0.03526193296127021
52280000	0.036254952915012836
52320000	0.03589699428118765
52360000	0.03602767135389149
52400000	0.034786876552179456
52440000	0.03387989966981113
52480000	0.03329893921166659
52520000	0.03291756070107221
52560000	0.03263905444182456
52600000	0.03237789207026363
52640000	0.03325888873897493
52680000	0.03307013248279691
52720000	0.032205619393661615
52760000	0.032025346831977365
52800000	0.03230731115080416
52840000	0.03230274945423007
52880000	0.03222608284167945
52920000	0.031550578635558484
52960000	0.030492845054715872
53000000	0.029616190369054676
53040000	0.030037956174835564
53080000	0.030369757679477333
53120000	0.03044973563067615
53160000	0.031149175760895015
53200000	0.029556199703365565
53240000	0.029062361046671866
53280000	0.030783461394160987
53320000	0.03195325319319964
53360000	0.032372475707530976
53400000	0.0328311693161726
53440000	0.03423860353063792
53480000	0.035165807459503415
53520000	0.03584122688211501
53560000	0.03709920677654445
53600000	0.03636782149076462
53640000	0.036450532573834064
53680000	0.03700774066634476
53720000	0.0366225340269506
53760000	0.037040647653490306
53800000	0.03788114115148783
53840000	0.03697561861462891
53880000	0.037059494336694476
53920000	0.036528591853752734
53960000	0.03570150861144066
54000000	0.036483427272737026
54040000	0.035979833072796466
54080000	0.034807897916436195
54120000	0.03501180617585778
54160000	0.035061456812173125
54200000	0.034569272526726126
54240000	0.03466996418647468
54280000	0.035320503609254955
54320000	0.0356023498699069
54360000	0.03540123309157789
54400000	0.03628169259801507
54440000	0.037516740926355124
54480000	0.037224800312891604
54520000	0.036309462909400465
54560000	0.036140743316337466
54600000	0.03665356790944934
54640000	0.03730713433586061
54680000	0.037386635342240335
54720000	0.03701548404097557
54760000	0.03568359065055847
54800000	0.036618271015957
54840000	0.03755330368615687
54880000	0.0363698821593076
54920000	0.035435310230776666
54960000	0.035388575809821486
55000000	0.03480722985379398
55040000	0.03453279725201428
55080000	0.035436086866632105
55120000	0.0356092484112829
55160000	0.03566853722594678
55200000	0.03587571736238897
55240000	0.03658969011195004
55280000	0.03802747890353203
55320000	0.03938947155624628
55360000	0.03889357142932713
55400000	0.03896330411918461
55440000	0.03753579197898507
55480000	0.03811836294643581
55520000	0.03664023083858192
55560000	0.037362107436731455
55600000	0.03673683238811791
55640000	0.037867403746768835
55680000	0.03709098284468055
55720000	0.035710369226336476
55760000	0.03449700172357261
55800000	0.035466077321767805
55840000	0.034722126749902965
55880000	0.034197015115991235
55920000	0.0338487193826586
55960000	0.03391378337554633
56000000	0.035024418018758295
56040000	0.03402540692202747
56080000	0.03472727418318391
56120000	0.03442187164463103
56160000	0.035217457155510785
56200000	0.03487819070033729
56240000	0.035441764156892895
56280000	0.03564426642581821
56320000	0.03666076796166599
56360000	0.0352344851937145
56400000	0.03597694955766201
56440000	0.03619143582955003
56480000	0.03642095375880599
56520000	0.035976961166784165
56560000	0.03710248438753188
56600000	0.035231643897294995
56640000	0.03597596280388534
56680000	0.03442210795693099
56720000	0.03443912562653422
56760000	0.03483143308311701
56800000	0.034957180252298714
56840000	0.03488397869952023
56880000	0.034014245689660313
56920000	0.03452796736434102
56960000	0.035104814909026026
57000000	0.034460078621283176
57040000	0.034156860193610195
57080000	0.03479005202129483
57120000	0.03471427323035896
57160000	0.03500830322615802
57200000	0.034630746348947285
57240000	0.034639899535477164
57280000	0.03505257654376328
57320000	0.035852202581614256
57360000	0.03527430360391736
57400000	0.03455789049603045
57440000	0.033798082552850245
57480000	0.03427120011113584
57520000	0.034831634959578514
57560000	0.03518416156880558
57600000	0.03537117712646723
57640000	0.03607723461203277
57680000	0.03687086331546307
57720000	0.036747050747647884
57760000	0.036583481113612655
57800000	0.03706363958194852
57840000	0.03636170744821429
57880000	0.036031978677213194
57920000	0.035239078309759496
57960000	0.034469504405558106
58000000	0.03592710035815835
58040000	0.034391209190711376
58080000	0.0351174766138196
58120000	0.03511683176420629
58160000	0.03490618383660912
58200000	0.03467236012369394
58240000	0.03445779265835881
58280000	0.03482679105401039
58320000	0.03424036620929837
58360000	0.03455643209256232
58400000	0.03633947372287512
58440000	0.03542814028374851
58480000	0.03615393053144217
58520000	0.0360314971793443
58560000	0.036054611598327756
58600000	0.036474910908192396
58640000	0.03511536772176623
58680000	0.03483878355696798
58720000	0.0346447006508708
58760000	0.03530466081649065
58800000	0.03580672271102667
58840000	0.03566963958106935
58880000	0.03492148054130376
58920000	0.03486353441700339
58960000	0.034207938379794356
59000000	0.03439005102999508
59040000	0.03419717806056142
59080000	0.0339476544957608
59120000	0.03405208927989006
59160000	0.033503050501644614
59200000	0.0330648271586746
59240000	0.03445691554397345
59280000	0.0342926084022969
59320000	0.03312182768210769
59360000	0.03286231885179877
59400000	0.03317678947970271
59440000	0.03441119865365327
59480000	0.033768514074385164
59520000	0.034272292310371995
59560000	0.033525827026739716
59600000	0.03410122759565711
59640000	0.033674205269664526
59680000	0.03451789629384875
59720000	0.03507849897742271
59760000	0.03790782334394753
59800000	0.03630017972104251
59840000	0.03611824592724443
59880000	0.035752741247415544
59920000	0.0360512129496783
59960000	0.03648965249210596
60000000	0.037725491559132934
60040000	0.037039173907414076
60080000	0.03672200941853225
60120000	0.03552973555400968
60160000	0.03553905546404421
60200000	0.03455790003053844
60240000	0.03543045672960579
60280000	0.036826465108990666
60320000	0.03709042863920331
60360000	0.03792625039666891
60400000	0.03679221847690642
60440000	0.03797403344362974
60480000	0.03791676880903542
60520000	0.03820583784766495
60560000	0.03721890506073833
60600000	0.036652788436412814
60640000	0.036360462914407254
60680000	0.0369505247823894
60720000	0.036273571026325224
60760000	0.036833259626105425
60800000	0.03601925217062235
60840000	0.03551500209979713
60880000	0.0357359368506819
60920000	0.0360431776881218
60960000	0.03585526835359633
61000000	0.03660676829405129
61040000	0.03691593276113272
61080000	0.036933706155791876
61120000	0.03797986740544439
61160000	0.03770931633189321
61200000	0.03804198846444488
61240000	0.03794346433505416
61280000	0.03783122789002955
61320000	0.037111118767783044
61360000	0.03754332625940442
61400000	0.03806633808389306
61440000	0.038296202144399286
61480000	0.038493181236460804
61520000	0.038519879981130364
61560000	0.037137882321700455
61600000	0.037812349524721504
61640000	0.039333051824569705
61680000	0.03969462800063193
61720000	0.03809050194583833
61760000	0.03902742991000414
61800000	0.03968808291330934
61840000	0.03775576091445983
61880000	0.037997474612668156
61920000	0.038887538358569146
61960000	0.03737183597572148
62000000	0.03719390405341983
62040000	0.036265376886352896
62080000	0.036169235686212775
62120000	0.036845974376425145
62160000	0.036666618899255994
62200000	0.03754587670825422
62240000	0.03818632341511548
62280000	0.03833460473902524
62320000	0.03984924085587263
62360000	0.04073900538943708
62400000	0.041125124986842274
62440000	0.0411418113399297
62480000	0.041198321566358206
62520000	0.04140359916947782
62560000	0.040100282437726856
62600000	0.04033892139159143
62640000	0.03952388414666057
62680000	0.0395208059258759
62720000	0.03839098395779729
62760000	0.03831303165405989
62800000	0.03724196692481637
62840000	0.03701848263069987
62880000	0.0366417078178376
62920000	0.03665162625014782
62960000	0.03708703883513808
63000000	0.03640893242359161
63040000	0.03734016651697457
63080000	0.03676449825651944
63120000	0.03756445312090218
63160000	0.03834945458136499
63200000	0.03771363692693412
63240000	0.03733974319994449
63280000	0.038169255075603724
63320000	0.03729576692357659
63360000	0.03725592234358192
63400000	0.035958772005140784
63440000	0.03613149863369763
63480000	0.036277601189538836
63520000	0.03677031365148723
63560000	0.03736662745214999
63600000	0.03723647779598832
63640000	0.03780333596765995
63680000	0.03762334101870656
63720000	0.03872558607794344
63760000	0.03779567055739463
63800000	0.03662710124589503
63840000	0.03642301114797592
63880000	0.03654494744390249
63920000	0.03659506040029228
63960000	0.037305678583681584
64000000	0.03633965618535876
64040000	0.03416403019949794
64080000	0.034978437867760656
64120000	0.03500352938510477
64160000	0.03470084091946483
64200000	0.034920682747662066
64240000	0.035972436599060895
64280000	0.03645945133119822
64320000	0.03657179710231721
64360000	0.03803644329756498
64400000	0.03844423318840563
64440000	0.038352827499434354
64480000	0.03786192129962146
64520000	0.038675378021597866
64560000	0.03950164003670215
64600000	0.039097877793014046
64640000	0.04104590939171612
64680000	0.03970646525733173
64720000	0.04040620821900666
64760000	0.04037934383042157
64800000	0.04025392256490886
64840000	0.039019361076131465
64880000	0.03818976472169161
64920000	0.03716918384283781
64960000	0.03596653118059039
65000000	0.03613500877544284
65040000	0.03653818271905184
65080000	0.0373418179217726
65120000	0.03691901859752834
65160000	0.03751000992916524
65200000	0.03737588207907975
65240000	0.03943430061712861
65280000	0.04024270974583924
65320000	0.03892428555898368
65360000	0.03828183582760394
65400000	0.03844976471029222
65440000	0.037231071977317336
65480000	0.03594180004149675
65520000	0.036250462862849234
65560000	0.035798431678488854
65600000	0.03553231651969254
65640000	0.03579770255200565
65680000	0.03517682981230318
65720000	0.03532073172815144
65760000	0.03583363268785179
65800000	0.0356932674061507
65840000	0.0361570374391973
65880000	0.03571055811457336
65920000	0.0351875692255795
65960000	0.035107478398829696
66000000	0.03646658302433789
66040000	0.03483827341236174
66080000	0.0347427162040025
66120000	0.033959619001299145
66160000	0.03464981529228389
66200000	0.034793317157775165
66240000	0.035779758120700715
66280000	0.03600957464147359
66320000	0.03717203499041498
66360000	0.03779521875232458
66400000	0.037306343744695186
66440000	0.039138833638653156
66480000	0.038862510865181686
66520000	0.037745601845532654
66560000	0.03753312001787126
66600000	0.03721988110803068
66640000	0.036694077213108536
66680000	0.034844837710633875
66720000	0.034498908115923405
66760000	0.034920211144909265
66800000	0.03693119505569339
66840000	0.03773516658693552
66880000	0.037428004110977055
66920000	0.039308179427310824
66960000	0.03837476923316717
67000000	0.039022692624479535
67040000	0.03879177693463862
67080000	0.0382218645863235
67120000	0.038556537244468926
67160000	0.03872211237512529
67200000	0.03779825213626027
67240000	0.0369588102966547
67280000	0.03792391670644283
67320000	0.03877176922895014
67360000	0.03854970926940441
67400000	0.03927579174041748
67440000	0.03906774198450148
67480000	0.036911836973950264
67520000	0.03766951419077814
67560000	0.03774895196780562
67600000	0.038652338206395506
67640000	0.03988515679351985
67680000	0.039135698615387085
67720000	0.038833447336032986
67760000	0.03935081133209169
67800000	0.0388068557433784
67840000	0.039039463975280526
67880000	0.03877517694830895
67920000	0.03899756129160523
67960000	0.03824816920757294
68000000	0.03775341544374824
68040000	0.038037272201478484
68080000	0.037975072227045895
68120000	0.038292616514861585
68160000	0.03791645643189549
68200000	0.03792057663463056
68240000	0.03811214495822787
68280000	0.03801059068441391
68320000	0.03936617323458195
68360000	0.03974737481884658
68400000	0.03852045912444591
68440000	0.038874610015004876
68480000	0.03778398132398725
68520000	0.03750217230170965
68560000	0.03646123186610639
68600000	0.03755195211619139
68640000	0.03714147577397525
68680000	0.037898598650842906
68720000	0.03668172600641847
68760000	0.03631580559574068
68800000	0.036336558654904365
68840000	0.034696910759061575
68880000	0.03351082606464625
68920000	0.0340403264798224
68960000	0.03515522188432515
69000000	0.03532477723918855
69040000	0.0351050746049732
69080000	0.03489631047286093
69120000	0.03525202972069383
69160000	0.036130180632323025
69200000	0.03661880706846714
69240000	0.03540141786262393
69280000	0.03477041998915374
69320000	0.03480937770232558
69360000	0.034599522830173375
69400000	0.03433911968432367
69440000	0.03466668044514954
69480000	0.035840459455549714
69520000	0.03578671101629734
69560000	0.03513179457783699
69600000	0.03375206106454134
69640000	0.0337797629121691
69680000	0.033220919804647565
69720000	0.034978781659156084
69760000	0.0348944450918585
69800000	0.03516283378228545
69840000	0.03496468566954136
69880000	0.03443003336675465
69920000	0.035683469735831023
69960000	0.03432877965122461
70000000	0.03522348213531077
70040000	0.034979068079590794
70080000	0.03430212824046612
70120000	0.03420049430578947
70160000	0.03496656021513045
70200000	0.03532926834896207
70240000	0.035451307095587255
70280000	0.03624981389120221
70320000	0.03639040452763438
70360000	0.03609255157969892
70400000	0.03692024974264205
70440000	0.03601711058281362
70480000	0.036983984830603
70520000	0.03652162003032863
70560000	0.03612089403346181
70600000	0.03699296558611095
70640000	0.03739322382360697
70680000	0.03763765626810491
70720000	0.0387386278539896
70760000	0.038265611232444645
70800000	0.03680625010244548
70840000	0.03646091032791883
70880000	0.03626175409331918
70920000	0.036139878618717196
70960000	0.0365228165961802
71000000	0.03640513303130865
71040000	0.0362951483823359
71080000	0.03700265275537968
71120000	0.03775740789398551
71160000	0.03724437694326043
71200000	0.03762751705273986
71240000	0.037759591583535076
71280000	0.03892694267146289
71320000	0.038366520783305165
71360000	0.03803895423151553
71400000	0.037643818730115894
71440000	0.03883974548205733
71480000	0.0392577196970582
71520000	0.03869312363006175
71560000	0.039455395442992446
71600000	0.03950216093473136
71640000	0.039621533481776716
71680000	0.036951442715898154
71720000	0.03654000272713601
71760000	0.03757529275268316
71800000	0.03585641091279686
71840000	0.03592055628187955
71880000	0.03628436149321496
71920000	0.03555613187663257
71960000	0.035295137328654524
72000000	0.03469843616187573
72040000	0.03506485495567322
72080000	0.03582701050080359
72120000	0.036922203745692966
72160000	0.0350673244073987
72200000	0.03576090344116092
72240000	0.03651062452383339
72280000	0.03703301071301102
72320000	0.03746226042844355
72360000	0.035750267724320293
72400000	0.03597652974203229
72440000	0.03455781066529453
72480000	0.033644812382385134
72520000	0.034926136174425484
72560000	0.03531462628096342
72600000	0.035332482922822234
72640000	0.034920076586678624
72680000	0.03614965580366552
72720000	0.03507189638800919
72760000	0.03546537353619933
72800000	0.035515557951852676
72840000	0.03508138243854046
72880000	0.03546275299936533
72920000	0.03580422324649989
72960000	0.035462957121804355
73000000	0.03467979889363051
73040000	0.03456277302354574
73080000	0.03351600404791534
73120000	0.034461809107661244
73160000	0.03614368505328894
73200000	0.03634242760501802
73240000	0.036148388274013996
73280000	0.03567366415262222
73320000	0.036469900998473165
73360000	0.03675730987675488
73400000	0.03574796120263636
73440000	0.03651983605436981
73480000	0.03709674754142761
73520000	0.037413067889213565
73560000	0.03798353110738099
73600000	0.03648165139593184
73640000	0.0357989913597703
73680000	0.0345549533136189
73720000	0.03462037935964763
73760000	0.03484394408278167
73800000	0.03465536679290235
73840000	0.03567598497755826
73880000	0.03564946804381907
73920000	0.03431622576415539
73960000	0.034477550838142634
74000000	0.034248005341365934
74040000	0.03300199350453913
74080000	0.033676779843121764
74120000	0.03367047793827951
74160000	0.03361880624517798
74200000	0.0353205824162811
74240000	0.03521412108503282
74280000	0.034588699692115185
74320000	0.03523613040186465
74360000	0.03504553651474416
74400000	0.0348916812274605
74440000	0.03525277561619878
74480000	0.034616727035865186
74520000	0.034804020766168835
74560000	0.03553942884430289
74600000	0.03683782466650009
74640000	0.03738543913923204
74680000	0.036667431429028514
74720000	0.035306594961509105
74760000	0.03466994804292917
74800000	0.0361702227588743
74840000	0.036315716121718286
74880000	0.035904832121357325
74920000	0.035381905898079276
74960000	0.03494903896003962
75000000	0.03401971150748432
75040000	0.033938589126616715
75080000	0.03366555211506784
75120000	0.03303356480821967
75160000	0.03275424726828933
75200000	0.03326273346692324
75240000	0.03346406102664769
75280000	0.033470099521800876
75320000	0.033027187293767926
75360000	0.03423598029240966
75400000	0.0345935561876744
75440000	0.03436831767708063
75480000	0.03507244153954089
75520000	0.0369507162630558
75560000	0.037600030080601574
75600000	0.038665533343702554
75640000	0.03762638998329639
75680000	0.0369497143432498
75720000	0.03650655497536063
75760000	0.03497798119559884
75800000	0.03565822664536536
75840000	0.03556922880075872
75880000	0.035332654926925895
75920000	0.03430402998887003
75960000	0.033713568291813135
76000000	0.034144337656535205
76040000	0.03308392082303763
76080000	0.03341608110629022
76120000	0.0331018995501101
76160000	0.03238383255265653
76200000	0.03191507627591491
76240000	0.03225512886419892
76280000	0.031926294443756345
76320000	0.030863309495151044
76360000	0.03099381625019014
76400000	0.03137356206066907
76440000	0.03128581986874342
76480000	0.031332633737847206
76520000	0.03092590119354427
76560000	0.031570555882900954
76600000	0.031787988362833856
76640000	0.03272583423294127
76680000	0.03309878153093159
76720000	0.03274331529773772
76760000	0.03403605045825243
76800000	0.033332364808768035
76840000	0.03387821413166821
76880000	0.034113879992440345
76920000	0.03438209098577499
76960000	0.03603247988112271
77000000	0.03485956436768174
77040000	0.034841259006783365
77080000	0.033926654732599856
77120000	0.034497307116165755
77160000	0.03361464791446924
77200000	0.03336374986842275
77240000	0.03315029420219362
77280000	0.033061582684889436
77320000	0.032756903145834806
77360000	0.03239340426232666
77400000	0.032256526924297216
77440000	0.03312432716563344
77480000	0.03309299060329795
77520000	0.033279620568454266
77560000	0.03510655382014811
77600000	0.034961065066605804
77640000	0.03371299820169806
77680000	0.03434468372762203
77720000	0.035923602701723574
77760000	0.03662392363250255
77800000	0.03685080041140318
77840000	0.03869105753973127
77880000	0.037047093081101774
77920000	0.037231019164994356
77960000	0.03627563171386719
78000000	0.03658289403803647
78040000	0.0365653239974752
78080000	0.03705154781714082
78120000	0.03518892542533576
78160000	0.03518892488479614
78200000	0.03332272388078272
78240000	0.03387887288071215
78280000	0.0339586181845516
78320000	0.036504328912869095
78360000	0.035895246002823115
78400000	0.03398289787620306
78440000	0.03449305643513799
78480000	0.03493213924393058
78520000	0.034762606385722754
78560000	0.03489940324388444
78600000	0.033989499517530206
78640000	0.03397547510787845
78680000	0.03479824963733554
78720000	0.03471433262377977
78760000	0.0347997944816947
78800000	0.03546276786737144
78840000	0.03556582977380603
78880000	0.034121461579948664
78920000	0.03401592723056674
78960000	0.03518348233401775
79000000	0.03434442564547062
79040000	0.03451964921839535
79080000	0.03395534452572465
79120000	0.0334049710188061
79160000	0.03407316014058888
79200000	0.033333719820529226
79240000	0.03284535867907107
79280000	0.032455060584098104
79320000	0.03243781331218779
79360000	0.032796464089676736
79400000	0.03369524983167648
79440000	0.03419326702579856
79480000	0.035193314384669064
79520000	0.034579042452573774
79560000	0.033882433468848464
79600000	0.033880597107857464
79640000	0.03599660251699388
79680000	0.035488315143063665
79720000	0.03421772278510034
79760000	0.033790663503482934
79800000	0.03416698308885097
79840000	0.035446793077886105
79880000	0.03606021205857396
79920000	0.035866567853838204
79960000	0.03569160797894001
80000000	0.03563199415840208
80040000	0.03464288641549647
80080000	0.03516993511095643
80120000	0.0356894750200212
80160000	0.03534070407412946
80200000	0.035416337418928745
80240000	0.035706911227852106
80280000	0.03492035157456994
80320000	0.03474328788518906
80360000	0.03417032085042447
80400000	0.034628698758780954
80440000	0.03387244536057114
80480000	0.033352892208099366
80520000	0.03288614769168198
80560000	0.03274714943654835
80600000	0.03289044029228389
80640000	0.03351918809525668
80680000	0.034316754645854236
80720000	0.03439298676252365
80760000	0.03458890732638538
80800000	0.03528588447086513
80840000	0.035496470037847755
80880000	0.03471558356434107
80920000	0.03407083005048334
80960000	0.034818119109421966
81000000	0.0352011267889291
81040000	0.03513671462833881
81080000	0.03452998707666993
81120000	0.03438726396113634
81160000	0.03391689241044223
81200000	0.03418438266254961
81240000	0.034203506276383994
81280000	0.034371579716727135
81320000	0.03543229936882854
81360000	0.03447244787439704
81400000	0.0348297638989985
81440000	0.034976834621280435
81480000	0.03507306368686259
81520000	0.036094128772243855
81560000	0.03636916704401374
81600000	0.03567748752608895
81640000	0.035429546758905056
81680000	0.035073877575621006
81720000	0.03611998860687018
81760000	0.03534639833196997
81800000	0.03584416962116957
81840000	0.03650073543488979
81880000	0.03660590783953667
81920000	0.037745521326363086
81960000	0.03604934616200626
82000000	0.03793919868059456
82040000	0.03805450461190194
82080000	0.037824728332087394
82120000	0.0371009093914181
82160000	0.03803277962207794
82200000	0.038257112558186056
82240000	0.03734149553664028
82280000	0.03712645283676684
82320000	0.03831582782119512
82360000	0.03846767780445516
82400000	0.039854948481544854
82440000	0.040336489494144916
82480000	0.03882296618632972
82520000	0.03935558113791048
82560000	0.037844434636831285
82600000	0.0390205540407449
82640000	0.03900671382769942
82680000	0.0376006719879806
82720000	0.03654307310804725
82760000	0.037371420738101006
82800000	0.036802553023397924
82840000	0.036141460025683046
82880000	0.035237974815815684
82920000	0.03562276005111635
82960000	0.0358862292252481
83000000	0.03566750757619738
83040000	0.037382769703492524
83080000	0.03548416202738881
83120000	0.034686504155769946
83160000	0.03470684927031398
83200000	0.034547057342901824
83240000	0.034206368517503145
83280000	0.03427438519373536
83320000	0.034312733890116215
83360000	0.03431417029723525
83400000	0.0331359577100724
83440000	0.03513225542381406
83480000	0.033522888303920625
83520000	0.03381582759469748
83560000	0.03517854769527912
83600000	0.03452641307972371
83640000	0.034385861935094
83680000	0.03369349035993218
83720000	0.034188372323289515
83760000	0.033957236662879586
83800000	0.03295102670043707
83840000	0.032778761200606826
83880000	0.03384842233657837
83920000	0.0329733950920403
83960000	0.03309244543649256
84000000	0.03375323860868812
84040000	0.03471900637932122
84080000	0.03468816837482154
84120000	0.03462541335150599
84160000	0.03460830027796328
84200000	0.033335289643332364
84240000	0.032366062493622304
84280000	0.032287514818832276
84320000	0.03160203905664384
84360000	0.03146634610593319
84400000	0.03165858739838004
84440000	0.031424926950782535
84480000	0.03127145703844726
84520000	0.032757211340218785
84560000	0.03167657388225198
84600000	0.03217356715947389
84640000	0.03210115888863802
84680000	0.03300062424354255
84720000	0.03350341108627617
84760000	0.032972049284726385
84800000	0.032916588269546625
84840000	0.03215621937066317
84880000	0.031567472855746743
84920000	0.031715884520113466
84960000	0.032344495981559154
85000000	0.03359702807664871
85040000	0.0331613812468946
85080000	0.033615283973515035
85120000	0.033859320231899616
85160000	0.03424600630104542
85200000	0.03547498316541314
85240000	0.035616631914302706
85280000	0.03469161163829267
85320000	0.03499003128632903
85360000	0.03457934989482164
85400000	0.03456714930161834
85440000	0.03419856918826699
85480000	0.034943170328810814
85520000	0.03403570839464665
85560000	0.033825342923775314
85600000	0.03290102160051465
85640000	0.033471105585247275
85680000	0.03327003357596695
85720000	0.03436304561905563
85760000	0.03420485623590648
85800000	0.033373269594833256
85840000	0.03402840775810182
85880000	0.033593563256785273
85920000	0.03345487154945731
85960000	0.03421805217303336
86000000	0.03477276859916747
86040000	0.03488524942025542
86080000	0.03528684190474451
86120000	0.03686477899029851
86160000	0.036972949944809076
86200000	0.03719340435750783
86240000	0.03750741308927536
86280000	0.036684452134743334
86320000	0.03572381858639419
86360000	0.03590024977251887
86400000	0.035933260028064254
86440000	0.037041428754851224
86480000	0.03641474121436477
86520000	0.03595779212675989
86560000	0.037683466411009434
86600000	0.03547620784118771
86640000	0.0358099488992244
86680000	0.03537154351510108
86720000	0.034805579187721015
86760000	0.034592777542024854
86800000	0.03510370169915259
86840000	0.03313703734986484
86880000	0.033591753346845506
86920000	0.03342335997596383
86960000	0.03284974274709821
87000000	0.0323612659137696
87040000	0.03348546323552728
87080000	0.03308756630383432
87120000	0.03242014756128192
87160000	0.0320268589835614
87200000	0.032294108695164324
87240000	0.031940860405936834
87280000	0.03177046460360289
87320000	0.03168687683567405
87360000	0.030850324710831045
87400000	0.03094595594275743
87440000	0.031182840887084604
87480000	0.031350993092358115
87520000	0.031277919041365385
87560000	0.03197947858981788
87600000	0.031471296902745964
87640000	0.03109283550083637
87680000	0.03106625766940415
87720000	0.03220988344885409
87760000	0.032277967658638954
87800000	0.0313001460749656
87840000	0.03065892954953015
87880000	0.030425249964371324
87920000	0.02996457031816244
87960000	0.03085220208875835
88000000	0.030432745295390487
88040000	0.030719849133491517
88080000	0.030103481453470887
88120000	0.029112082516029477
88160000	0.030106656197085975
88200000	0.030740257359296082
88240000	0.030562407337129116
88280000	0.03092993633598089
88320000	0.032298644295334814
88360000	0.03310858022496104
88400000	0.03400908995270729
88440000	0.033765436899103225
88480000	0.033774467692151665
88520000	0.034612790697813034
88560000	0.035651304702088236
88600000	0.03581479635164141
88640000	0.03545311572961509
88680000	0.03542565301805735
88720000	0.03528595653213561
88760000	0.03426468663960695
88800000	0.03405192328095436
88840000	0.033514395789429545
88880000	0.033768673260882495
88920000	0.0352963287036866
88960000	0.03530870371237397
89000000	0.035223275251314044
89040000	0.03487307135239243
89080000	0.035632923129945995
89120000	0.038478938598185776
89160000	0.0367073668114841
89200000	0.03496260273680091
89240000	0.03551527672968805
89280000	0.035606702841818334
89320000	0.035326225500181316
89360000	0.03501827143616974
89400000	0.03401295714043081
89440000	0.03360862032473087
89480000	0.03400669093430042
89520000	0.033173403356596826
89560000	0.03284913539625704
89600000	0.032971748922765255
89640000	0.03445498195700347
89680000	0.03515238440446555
89720000	0.03417345884032547
89760000	0.034634743866324424
89800000	0.03518906928114593
89840000	0.03514232788309455
89880000	0.03585119332410395
89920000	0.0358137956853956
89960000	0.03480704451203346
90000000	0.03419012086093426
90040000	0.03423562740162015
90080000	0.03398415794037282
90120000	0.034118610789999365
90160000	0.033949730709940194
90200000	0.033217057809978724
90240000	0.03225374105535447
90280000	0.031960048164054754
90320000	0.03194971911534667
90360000	0.0316014252115041
90400000	0.03175088340379298
90440000	0.03338508250787854
90480000	0.033133528315275905
90520000	0.032567850555107
90560000	0.033318704296275974
90600000	0.032542521082982424
90640000	0.03293684277236462
90680000	0.03244550858959556
90720000	0.031533748964965344
90760000	0.031263484671898184
90800000	0.03167121602371335
90840000	0.03161900822147727
90880000	0.031913628539815546
90920000	0.03081142246723175
90960000	0.03095330329798162
91000000	0.03215773229449988
91040000	0.032566145246103406
91080000	0.03277903333455324
91120000	0.032968947782739996
91160000	0.03156955631524325
91200000	0.031456096773594615
91240000	0.03182099254392087
91280000	0.03115746425241232
91320000	0.031069351685419678
91360000	0.031903807836398484
91400000	0.031566792938485744
91440000	0.03143423377983272
91480000	0.030776958128809928
91520000	0.0307574863018468
91560000	0.030049034124985337
91600000	0.03031475146301091
91640000	0.030366794328019024
91680000	0.031491136327758434
91720000	0.031103689559176563
91760000	0.031618214039132
91800000	0.031307260470092295
91840000	0.03227784399986267
91880000	0.03257469406090677
91920000	0.03200652677938342
91960000	0.031741857381910085
92000000	0.031933625386282805
92040000	0.03221193647906184
92080000	0.03150673415139318
92120000	0.030851669999212027
92160000	0.031612009352631865
92200000	0.031043989773467184
92240000	0.031376350379735234
92280000	0.03096258403994143
92320000	0.031896342250704764
92360000	0.032281684105843304
92400000	0.03229623715132475
92440000	0.032113657727465036
92480000	0.03092611351888627
92520000	0.030273888786137106
92560000	0.03139923115298152
92600000	0.030369725964963436
92640000	0.029754284469783305
92680000	0.03050598315745592
92720000	0.03132599979415536
92760000	0.03029213131070137
92800000	0.02964046800620854
92840000	0.02988609974011779
92880000	0.029715506506711245
92920000	0.030560872876644135
92960000	0.030534858565405013
93000000	0.03138641703352332
93040000	0.031895936242863535
93080000	0.030612541044875978
93120000	0.031711542263254525
93160000	0.03356523041725159
93200000	0.032206066874414685
93240000	0.03262691134400666
93280000	0.03162074772492051
93320000	0.031879083527810874
93360000	0.03193323147073388
93400000	0.031654462327435615
93440000	0.03173129671514034
93480000	0.03167092794124037
93520000	0.03239234848283231
93560000	0.03170429713763297
93600000	0.030576253309845924
93640000	0.030493135257437826
93680000	0.030751970191672445
93720000	0.031680048926919696
93760000	0.032473831674829125
93800000	0.03173725927919149
93840000	0.03207819675542414
93880000	0.032439068422093986
93920000	0.031539971067011355
93960000	0.03103850537650287
94000000	0.030939059219881892
94040000	0.030360599391907453
94080000	0.0315074316104874
94120000	0.02961856728028506
94160000	0.029813396967202425
94200000	0.02930295141953975
94240000	0.029562890355288984
94280000	0.029726443078368903
94320000	0.02969100862685591
94360000	0.029403588725253938
94400000	0.02828002933226526
94440000	0.029321005844697358
94480000	0.03020526392161846
94520000	0.030236786967888476
94560000	0.029720792011916637
94600000	0.029226504029892384
94640000	0.028832924443110825
94680000	0.029190467623248697
94720000	0.028830688447132706
94760000	0.028139527798444034
94800000	0.02922170301489532
94840000	0.02885140177644789
94880000	0.029970806001126764
94920000	0.029078263947367667
94960000	0.02957623373642564
95000000	0.02887057526782155
95040000	0.027892199755087495
95080000	0.029176986776664852
95120000	0.028506900177523494
95160000	0.027752300125546754
95200000	0.028261072800680995
95240000	0.02876309097893536
95280000	0.02999134406559169
95320000	0.029765077215060592
95360000	0.03001279993876815
95400000	0.029961165309511126
95440000	0.030834147544763983
95480000	0.029896799324452876
95520000	0.03143540726490319
95560000	0.03097742113061249
95600000	0.030952741948887707
95640000	0.030790061589702964
95680000	0.030353192572295667
95720000	0.030467062486708163
95760000	0.03082922963388264
95800000	0.030424331152811648
95840000	0.030943692503869535
95880000	0.030038360987603666
95920000	0.030151974206417798
95960000	0.029644068499654532
96000000	0.02897310554385185
96040000	0.028750173295475544
96080000	0.02861390859335661
96120000	0.027147516455873846
96160000	0.028110609060525895
96200000	0.028896268055215477
96240000	0.028840252331271767
96280000	0.02995988454259932
96320000	0.0306758515316993
96360000	0.02996786751244217
96400000	0.03015919717401266
96440000	0.030124681817367674
96480000	0.03160107804369181
96520000	0.030585540802404283
96560000	0.030227474030852318
96600000	0.029385452160984277
96640000	0.029612064833194018
96680000	0.02939088863544166
96720000	0.03088130989521742
96760000	0.02977631987184286
96800000	0.03046897236406803
96840000	0.031187325625680388
96880000	0.03018338275104761
96920000	0.029988501497358083
96960000	0.03078387665525079
97000000	0.02942022814042866
97040000	0.0306649454113096
97080000	0.03065579994954169
97120000	0.031365044486895206
97160000	0.029959830293059347
97200000	0.029732428066432476
97240000	0.029326277386397124
97280000	0.028592884854599834
97320000	0.02987693666405976
97360000	0.030762510314956307
97400000	0.03151173507720232
97440000	0.03232407272160053
97480000	0.03141669045984745
97520000	0.03126643105857074
97560000	0.031803383093699816
97600000	0.03223729821965098
97640000	0.031676670594140886
97680000	0.03177435358688235
97720000	0.030326731980592013
97760000	0.030657193030789495
97800000	0.030716718520969154
97840000	0.0314183380767703
97880000	0.03129447980076075
97920000	0.03303030971288681
97960000	0.03209579958431423
98000000	0.031947038945928215
98040000	0.030675008411705493
98080000	0.032239798343926665
98120000	0.0324925064470619
98160000	0.030905523423850535
98200000	0.03233283655848354
98240000	0.03219930361583829
98280000	0.03330108750071376
98320000	0.033806799099221824
98360000	0.03229069319330156
98400000	0.031206836953014135
98440000	0.031015042110159992
98480000	0.031089004864916205
98520000	0.030529633268341422
98560000	0.030367120153084397
98600000	0.02978438089042902
98640000	0.02937459982968867
98680000	0.029221404880657793
98720000	0.029559200694784522
98760000	0.02908739393763244
98800000	0.029207217736914756
98840000	0.029603348507732153
98880000	0.03266342471651733
98920000	0.03204235248118639
98960000	0.03179874520264566
99000000	0.03149828299693763
99040000	0.03112085496224463
99080000	0.030652505277842284
99120000	0.03157348130196333
99160000	0.030651252534240486
99200000	0.031564023181796075
99240000	0.03176167179383337
99280000	0.031239581264555453
99320000	0.03238799630440772
99360000	0.030753552522696556
99400000	0.032089644579216835
99440000	0.03201227816715837
99480000	0.031180743350088597
99520000	0.030989329447224736
99560000	0.03178937495369464
99600000	0.031118715257942676
99640000	0.031409883464500306
99680000	0.03243450748547912
99720000	0.031662965562194584
99760000	0.032735495472699404
99800000	0.0319282196931541
99840000	0.03170344171524048
99880000	0.03192099213600159
99920000	0.03209178241714835
99960000	0.03168861163668334
100000000	0.031368506184592845
