240000	0.02411138014441822
280000	0.036241480253404006
320000	0.038779372257273646
360000	0.03714817599505186
400000	0.035057611775584516
440000	0.033606041621044275
480000	0.03341826327107847
520000	0.03385009615123272
560000	0.034273977514356374
600000	0.03484395942874253
640000	0.03396856154203415
680000	0.03417606753818691
720000	0.03635895120613277
760000	0.0377900873914361
800000	0.03832159156128764
840000	0.039908078546449545
880000	0.04104273431487381
920000	0.042291771557927134
960000	0.043442766200378534
1000000	0.04587807202450931
1040000	0.04690146639123559
1080000	0.048335757069289685
1120000	0.04874785642139614
1160000	0.047726691498234865
1200000	0.0505516930885613
1240000	0.051468353682383894
1280000	0.051519198472052816
1320000	0.05406858032047748
1360000	0.05421356271691621
1400000	0.05679441794529557
1440000	0.0587237966068089
1480000	0.06186305146813393
1520000	0.06042061235383153
1560000	0.06229480963870883
1600000	0.0636779236137867
1640000	0.07128397875651717
1680000	0.06946465945579111
1720000	0.07078445333391428
1760000	0.07547198657169939
1800000	0.07332396786883473
1840000	0.0796992962859571
1880000	0.0769727247301489
1920000	0.07398495382070541
1960000	0.07613513509184122
2000000	0.08112862801849842
2040000	0.08120314996913075
2080000	0.08320992802456022
2120000	0.09120425518527626
2160000	0.09247426283359528
2200000	0.08645893451943994
2240000	0.08629831521436572
2280000	0.09374905460365117
2320000	0.0913854294024408
2360000	0.09700631455332041
2400000	0.09579492611885071
2440000	0.09422688303366303
2480000	0.0902079211808741
2520000	0.08907117868214845
2560000	0.09591650828048587
2600000	0.09846033346429467
2640000	0.09622093134000897
2680000	0.09256835590079426
2720000	0.09785327380821109
2760000	0.1016972073085606
2800000	0.11126555513441562
2840000	0.12375382114350796
2880000	0.13142853138670324
2920000	0.12879462628886104
2960000	0.13569728312641383
3000000	0.12831806003153323
3040000	0.13368505063802003
3080000	0.1322160324305296
3120000	0.12953991991579533
3160000	0.12471941137164831
3200000	0.11968700498864054
3240000	0.11444659867733717
3280000	0.11260249824747443
3320000	0.11435319402515888
3360000	0.12149622598960996
3400000	0.11624554776623845
3440000	0.12184592129141092
3480000	0.12935957523062824
3520000	0.125684952390939
3560000	0.12382119313105941
3600000	0.125987059392035
3640000	0.12644234899803997
3680000	0.12347234493345022
3720000	0.12661647699773312
3760000	0.12653738879859447
3800000	0.12529271296411754
3840000	0.12187021614313126
3880000	0.11725432468429207
3920000	0.11514993881061673
3960000	0.11778334677815437
4000000	0.11801104742661118
4040000	0.12574596714302896
4080000	0.12762709385082124
4120000	0.12909149779230356
4160000	0.12428163944184781
4200000	0.12859032030925155
4240000	0.13025954086184502
4280000	0.13526221037209035
4320000	0.12942795412167907
4360000	0.12781041791141035
4400000	0.1266656105339527
4440000	0.12771493615210056
4480000	0.12164792914390564
4520000	0.1235982819378376
4560000	0.12643694169372321
4600000	0.11282027354389429
4640000	0.11106648063063622
4680000	0.11593663224205375
4720000	0.11756362600177526
4760000	0.11874759800955653
4800000	0.12057788727357983
4840000	0.124614143743366
4880000	0.12344848018586635
4920000	0.12260456430315972
4960000	0.11969014847055078
5000000	0.12522285545170306
5040000	0.12462614626437425
5080000	0.12742514830902218
5120000	0.12832382253333927
5160000	0.11797314892932773
5200000	0.11906039357334375
5240000	0.11396274458914996
5280000	0.11867380967512726
5320000	0.1196860099978745
5360000	0.11847976925373077
5400000	0.12470900582671166
5440000	0.11809992317631841
5480000	0.12438790739104151
5520000	0.12385887543931604
5560000	0.11826494442000986
5600000	0.11237753982618451
5640000	0.1119638114489615
5680000	0.11996743104159832
5720000	0.12398299158290028
5760000	0.12111984828859568
5800000	0.11653846452608704
5840000	0.12085914565846324
5880000	0.12318924848660827
5920000	0.12045147806182503
5960000	0.11905103225931525
6000000	0.11682629559636117
6040000	0.12040053163468838
6080000	0.11703867689594627
6120000	0.12084322309941053
6160000	0.11702231468632818
6200000	0.12094765815287828
6240000	0.12678792482167484
6280000	0.12834452574327587
6320000	0.12428304334878922
6360000	0.12475040775090455
6400000	0.12297506746798753
6440000	0.12375447444990277
6480000	0.11797764614596963
6520000	0.12464765356779099
6560000	0.12294705459848046
6600000	0.12154568521156907
6640000	0.12085694961175322
6680000	0.11933568368777633
6720000	0.1207679820150137
6760000	0.12165281892716885
6800000	0.11909491196796299
6840000	0.11657020085528493
6880000	0.11847075373530389
6920000	0.12502617604583502
6960000	0.12796556891873478
7000000	0.1281549853555858
7040000	0.13031630247831344
7080000	0.12150798718109727
7120000	0.11994282700568437
7160000	0.12222004452049733
7200000	0.11851115596517921
7240000	0.11817201908826828
7280000	0.11345575445219874
7320000	0.11049929567426443
7360000	0.10255393042117357
7400000	0.10431204721853136
7440000	0.10698265189528465
7480000	0.1027489990837872
7520000	0.10466307078301906
7560000	0.10708205109611153
7600000	0.11031707797721028
7640000	0.10684973989278078
7680000	0.10654495258107781
7720000	0.10509023848846555
7760000	0.10984751247763634
7800000	0.11384761014953255
7840000	0.11857009060829878
7880000	0.11721544635444879
7920000	0.12109364025965333
7960000	0.11979781089574099
8000000	0.11744030367583036
8040000	0.12935237926989793
8080000	0.1233988066740334
8120000	0.1164432159051299
8160000	0.11842285309284925
8200000	0.1204865578070283
8240000	0.11970178341343998
8280000	0.11912976932749152
8320000	0.11580396441295743
8360000	0.11575746747180819
8400000	0.11854298553466797
8440000	0.1101242668427527
8480000	0.11553744228854776
8520000	0.11306931125223636
8560000	0.1112188605748117
8600000	0.11143676043599844
8640000	0.11435961360633373
8680000	0.11675788967609406
8720000	0.11227116388007999
8760000	0.11024379578977823
8800000	0.11034303271770478
8840000	0.10629571907445788
8880000	0.10380309586152435
8920000	0.10207362110242248
8960000	0.10652216947674752
9000000	0.10671429908648133
9040000	0.11088111969083547
9080000	0.1143145861454308
9120000	0.11536830784678459
9160000	0.11325005679950118
9200000	0.11245579760670663
9240000	0.11117709853872657
9280000	0.11141480044722557
9320000	0.10502562155127525
9360000	0.10356831668838859
9400000	0.10510870762169361
9440000	0.10532862418442965
9480000	0.11002363833412528
9520000	0.11151186118349433
9560000	0.11284778795465827
9600000	0.11327502899467945
9640000	0.10912637321352958
9680000	0.10542641015574336
9720000	0.10416857671290636
9760000	0.10158680590763688
9800000	0.09846637867987156
9840000	0.09510943664163352
9880000	0.0985537808522582
9920000	0.09641790656968952
9960000	0.09838512057438492
10000000	0.09775118125379086
10040000	0.1017492539614439
10080000	0.10084097859635949
10120000	0.09900585090890526
10160000	0.0970776627883315
10200000	0.09422584549337626
10240000	0.09839780999869108
10280000	0.10001827612668276
10320000	0.10118792479410768
10360000	0.10333101125359535
10400000	0.10860806552916766
10440000	0.10863803366869688
10480000	0.10461373019665479
10520000	0.10826265206113457
10560000	0.10647013952359557
10600000	0.10455676641091705
10640000	0.10428239637166262
10680000	0.10547227488979698
10720000	0.1044259846135974
10760000	0.10182964580655098
10800000	0.10066365707740188
10840000	0.1000789949066937
10880000	0.10436080456897616
10920000	0.10286011729091406
10960000	0.10421928832679987
11000000	0.10707367028146982
11040000	0.10811474780812859
11080000	0.10436053890064359
11120000	0.1057619412869215
11160000	0.09885304501503706
11200000	0.10441922375932336
11240000	0.10769073566645383
11280000	0.1062974230311811
11320000	0.10941835639625788
11360000	0.10517240962460637
11400000	0.10024312091842294
11440000	0.0976552427612245
11480000	0.09704964835196733
11520000	0.09722975133657455
11560000	0.0935526345089078
11600000	0.09618167303726077
11640000	0.09544148614406586
11680000	0.09339386677443981
11720000	0.09101839321628213
11760000	0.08950643942877651
11800000	0.08980861493200064
11840000	0.09067134503647685
11880000	0.08909221980944276
11920000	0.09301028601303697
11960000	0.09449538127183914
12000000	0.0976387037679553
12040000	0.09280664947032928
12080000	0.08990238483920693
12120000	0.08830640849173069
12160000	0.08629873417019844
12200000	0.08249416400566698
12240000	0.0840745321586728
12280000	0.09124685272201896
12320000	0.09134617171287536
12360000	0.09094432987570762
12400000	0.0927538592338562
12440000	0.09036260329112411
12480000	0.09619673784226179
12520000	0.09934573982059956
12560000	0.0937922519043088
12600000	0.0974089446209371
12640000	0.09544781910330057
12680000	0.09781929747238756
12720000	0.1004330955684185
12760000	0.09948274251446128
12800000	0.0973131260111928
12840000	0.10263038762882352
12880000	0.09874469368755817
12920000	0.09447234235852957
12960000	0.09634668829962612
13000000	0.09651467569917441
13040000	0.10267022853046656
13080000	0.10599992959275842
13120000	0.10263810404241085
13160000	0.10491814684197306
13200000	0.09956884418800473
13240000	0.09876429571658372
13280000	0.10310328135788441
13320000	0.10123518668860197
13360000	0.0977867270320654
13400000	0.10077406926602125
13440000	0.09443534071221947
13480000	0.09532406650856137
13520000	0.09512401382774115
13560000	0.09372657770588994
13600000	0.09409271931424737
13640000	0.09374867820963263
13680000	0.09030392646677791
13720000	0.08872243766486644
13760000	0.0898978062942624
13800000	0.09034928832426667
13840000	0.0909446612328291
13880000	0.09184599780812859
13920000	0.09026895584128797
13960000	0.0940541742824018
14000000	0.09363816356956958
14040000	0.09353776225373149
14080000	0.09590341497883201
14120000	0.09198412274122238
14160000	0.09799376026839018
14200000	0.09480083248987795
14240000	0.09384121009260415
14280000	0.09476466433703899
14320000	0.09491778503954411
14360000	0.09760874372795224
14400000	0.09854358215630055
14440000	0.09853949573785066
14480000	0.09840788556113839
14520000	0.09921892265379428
14560000	0.09821294739842415
14600000	0.09597878483533859
14640000	0.0953174374178052
14680000	0.10027151359766721
14720000	0.09944756802245974
14760000	0.10015587959736585
14800000	0.09595021006986498
14840000	0.09957065101638436
14880000	0.09571675453409552
14920000	0.0921152642942965
14960000	0.09685835544392467
15000000	0.09555392270758747
15040000	0.09156881257295608
15080000	0.09160242242366076
15120000	0.09536182907521724
15160000	0.09652285624295473
15200000	0.0980539434619248
15240000	0.09845553667023778
15280000	0.09903533762320876
15320000	0.09686566006168723
15360000	0.08997024081870914
15400000	0.09139738938584924
15440000	0.09135118592903017
15480000	0.09115405678600073
15520000	0.09596929827034473
15560000	0.09342081654593348
15600000	0.09761143878027796
15640000	0.10266470305845142
15680000	0.10102806831374764
15720000	0.09905073306336999
15760000	0.0961659700639546
15800000	0.09771436947882176
15840000	0.09599134674221277
15880000	0.09437082408964634
15920000	0.09644305236190558
15960000	0.09811868523582816
16000000	0.0969890810392797
16040000	0.09950007059648633
16080000	0.10426736789643765
16120000	0.10456914335042239
16160000	0.10230681979954243
16200000	0.0955847269795835
16240000	0.09378368438333273
16280000	0.0947074986666441
16320000	0.0915945677280426
16360000	0.09110841145962477
16400000	0.09445295656323432
16440000	0.09659552076086401
16480000	0.09705591830313205
16520000	0.0992743881240487
16560000	0.09853507670536638
16600000	0.09542990475073457
16640000	0.09468080114796758
16680000	0.10044355330690742
16720000	0.09598065843507647
16760000	0.09802684236690402
16800000	0.09486675437986851
16840000	0.09628326183483005
16880000	0.09300009651258588
16920000	0.09334584406688809
16960000	0.09468730197064579
17000000	0.09441532702371479
17040000	0.08929761867523194
17080000	0.08910173761099577
17120000	0.0878138752758503
17160000	0.0913899428203702
17200000	0.0906309421248734
17240000	0.09192571481019259
17280000	0.09445003381669521
17320000	0.09554284260720014
17360000	0.09755885362774133
17400000	0.10153664922565221
17440000	0.10312260377332569
17480000	0.10017789956182241
17520000	0.09845054692998528
17560000	0.09619146974906326
17600000	0.09254051242396236
17640000	0.08976119972243905
17680000	0.0935060610756278
17720000	0.10123100515827536
17760000	0.09765519166067242
17800000	0.09543587607294321
17840000	0.09453394243270159
17880000	0.09751981093361974
17920000	0.10197454418540002
17960000	0.10068250657618046
18000000	0.10581435418277979
18040000	0.09876787906959653
18080000	0.09758299064412713
18120000	0.09969946895688772
18160000	0.09325411499217152
18200000	0.09705186319351196
18240000	0.09454662979021669
18280000	0.0956777010306716
18320000	0.10017163467332721
18360000	0.09962752263769507
18400000	0.0978803431853652
18440000	0.10015044958144427
18480000	0.10286676643416286
18520000	0.10283619388714432
18560000	0.09968392265588046
18600000	0.09980458034053445
18640000	0.10255748944431543
18680000	0.09976984536871314
18720000	0.09870211129486561
18760000	0.10313644254282117
18800000	0.0988887668557465
18840000	0.09727672725096345
18880000	0.0985768941052258
18920000	0.10395495102703571
18960000	0.10029317836388946
19000000	0.10172988881692291
19040000	0.09884914666339754
19080000	0.10199428017958999
19120000	0.10187395464554429
19160000	0.10045568286404014
19200000	0.10439226151928306
19240000	0.09779261358007789
19280000	0.1019416550025344
19320000	0.1008665937334299
19360000	0.09817819667980075
19400000	0.10113462535589933
19440000	0.1039275804489851
19480000	0.10887559878006578
19520000	0.10937846157178283
19560000	0.10538971644192933
19600000	0.10000765267163515
19640000	0.09816715553998948
19680000	0.09682180145010352
19720000	0.09982731473892927
19760000	0.09941982340738177
19800000	0.09605421152934432
19840000	0.09244236234650016
19880000	0.09671741045862436
19920000	0.09663115886896849
19960000	0.09721055884435773
20000000	0.1071011897712946
20040000	0.10514987606108189
20080000	0.11164659058228135
20120000	0.1031069940187037
20160000	0.1020661883585155
20200000	0.10044590287730097
20240000	0.10170176251679659
20280000	0.10490482117533684
20320000	0.10450323913693428
20360000	0.10217862138971687
20400000	0.10345713973492383
20440000	0.10069296529069544
20480000	0.09781586771830916
20520000	0.09805914793983102
20560000	0.09553180896043778
20600000	0.09774527494385839
20640000	0.0965053434818983
20680000	0.09572920971587301
20720000	0.09383874814137816
20760000	0.097125324639678
20800000	0.09248308437690139
20840000	0.09014721840620041
20880000	0.09780475635156036
20920000	0.09947139068171382
20960000	0.09907861341312528
21000000	0.09856028141751885
21040000	0.10202113498523831
21080000	0.09739786724075675
21120000	0.09267566946744919
21160000	0.09774914634525776
21200000	0.09123686852157116
21240000	0.09037335869669914
21280000	0.09154424552246929
21320000	0.08654115440025925
21360000	0.08475307993479073
21400000	0.08225108731463551
21440000	0.08232577590420842
21480000	0.0818669386766851
21520000	0.08522749991491436
21560000	0.08521446215137839
21600000	0.0934095263198018
21640000	0.08992203852832317
21680000	0.09252186017856003
21720000	0.09259934150874614
21760000	0.0945786294400692
21800000	0.09272805323153734
21840000	0.09613014678657054
21880000	0.09737529039531946
21920000	0.09887607183754445
21960000	0.0965798829242587
22000000	0.09262788885459304
22040000	0.09244998395144939
22080000	0.09497221721708775
22120000	0.09482105652093888
22160000	0.09854662257358432
22200000	0.09760059408843517
22240000	0.09944658322334289
22280000	0.1089028949148953
22320000	0.11130672248154878
22360000	0.110100745972991
22400000	0.11630510910600424
22440000	0.1164150725223124
22480000	0.11622825175225734
22520000	0.11466579773128033
22560000	0.11476583465263247
22600000	0.10690901884883643
22640000	0.10602953271269798
22680000	0.10576453473865986
22720000	0.10857320450842381
22760000	0.11081485198140144
22800000	0.10892168673574924
22840000	0.1130202506698668
22880000	0.10699809731692075
22920000	0.10463432658836246
22960000	0.10671946077719331
23000000	0.10155037968158721
23040000	0.09643798710554838
23080000	0.09941665461286903
23120000	0.09323812695965171
23160000	0.09243170045763255
23200000	0.09266184477955103
23240000	0.09658517956957222
23280000	0.0968900954246521
23320000	0.09625741074979305
23360000	0.09583788379430772
23400000	0.09534869389608502
23440000	0.09178634798377752
23480000	0.09156207408234478
23520000	0.09340682991519571
23560000	0.095193284843117
23600000	0.09600696815252303
23640000	0.09343179778456688
23680000	0.09504153567254543
23720000	0.09338235806152224
23760000	0.08588110140822827
23800000	0.08533885935172439
23840000	0.08560472069233656
23880000	0.08868682031184436
23920000	0.08606280128955841
23960000	0.08495132025852799
24000000	0.08420105100125075
24040000	0.08883173096328974
24080000	0.08986034321114421
24120000	0.0864726244084537
24160000	0.08618487407639623
24200000	0.0868928972415626
24240000	0.08545588046312332
24280000	0.0828123216047883
24320000	0.09102641765326261
24360000	0.09287160275280476
24400000	0.0930849603317678
24440000	0.0941749145835638
24480000	0.09135807321071625
24520000	0.08945842723622918
24560000	0.0913994979262352
24600000	0.0921437848828733
24640000	0.09277660451233387
24680000	0.08883337319940329
24720000	0.09266851555556059
24760000	0.09329679504483938
24800000	0.09555291666984558
24840000	0.09288478809967637
24880000	0.0971389677517116
24920000	0.09938481884673238
24960000	0.09992869309782981
25000000	0.10054908204451203
25040000	0.09584336116835475
25080000	0.10148996347784996
25120000	0.09960732658356428
25160000	0.09112314569801092
25200000	0.09251122795343399
25240000	0.09229897076115012
25280000	0.09525946631953121
25320000	0.09702546857148409
25360000	0.09847980478033423
25400000	0.09879837607368827
25440000	0.09830120402500034
25480000	0.10166372230947018
25520000	0.10731585774570704
25560000	0.10183524861633778
25600000	0.09596328720077872
25640000	0.09838601358383894
25680000	0.09850220181941986
25720000	0.09882596273198724
25760000	0.095304772426188
25800000	0.08982996022775769
25840000	0.09125813714340329
25880000	0.08794459186866879
25920000	0.09301101993322372
25960000	0.08901111992448568
26000000	0.09337944043427705
26040000	0.09803711309358477
26080000	0.10087624744251371
26120000	0.0982329932294786
26160000	0.09970505212470888
26200000	0.09825982707217336
26240000	0.09369937100932002
26280000	0.09193107631653548
26320000	0.09100773239582777
26360000	0.09232820344418287
26400000	0.09614835044145584
26440000	0.09324912058264018
26480000	0.09495072325766087
26520000	0.09683408892154693
26560000	0.09865025629550218
26600000	0.09393176891952754
26640000	0.09651665538027883
26680000	0.0971406353674829
26720000	0.09861618686318398
26760000	0.09738695654943585
26800000	0.09494732494354248
26840000	0.09280027086809277
26880000	0.0925174609273672
26920000	0.09370331404060125
26960000	0.09333868180066347
27000000	0.09132547100707888
27040000	0.09008731867223978
27080000	0.09479413484483958
27120000	0.09190071383044124
27160000	0.08915604482665658
27200000	0.09278773880898952
27240000	0.09179188996702432
27280000	0.09450819756165146
27320000	0.09432691049724817
27360000	0.09691368479281665
27400000	0.0951865013770759
27440000	0.09344843822419643
27480000	0.08898411406353116
27520000	0.0913506654292345
27560000	0.09667910342887044
27600000	0.09611650361940265
27640000	0.09499382324367761
27680000	0.09434647518098355
27720000	0.09350822314396501
27760000	0.09553207151144744
27800000	0.09351864488869906
27840000	0.09553930641189218
27880000	0.09791856730654835
27920000	0.09789361432045698
27960000	0.09462124114483594
28000000	0.09182656132951379
28040000	0.09562608941644431
28080000	0.09711531850546598
28120000	0.10594027274623513
28160000	0.10475273645147681
28200000	0.10238524467051029
28240000	0.10605299793258309
28280000	0.10347225467860699
28320000	0.1005487607575953
28360000	0.09914857935383915
28400000	0.09922375745773315
28440000	0.09863530906140805
28480000	0.09772476422414184
28520000	0.1002512575186789
28560000	0.10544343352690339
28600000	0.0999775991730392
28640000	0.09726857923716306
28680000	0.10214756688475608
28720000	0.10453250115141273
28760000	0.10609400567412376
28800000	0.10547201616242528
28840000	0.10472848745882511
28880000	0.10679480649605394
28920000	0.10341729315742851
28960000	0.10002812304496765
29000000	0.10527406974509358
29040000	0.10199920182824135
29080000	0.10244690726548433
29120000	0.10531780564337968
29160000	0.10947278414517642
29200000	0.11015816251412033
29240000	0.10321742181628943
29280000	0.10001832083314657
29320000	0.09738651770576835
29360000	0.09611965757310391
29400000	0.09735476300790906
29440000	0.09597297220677137
29480000	0.0989743287138641
29520000	0.09706589266210794
29560000	0.09900942251980305
29600000	0.10088241466209293
29640000	0.09957209947630763
29680000	0.10172210236266255
29720000	0.10406738761663437
29760000	0.10054660474359989
29800000	0.10356932209134102
29840000	0.10627605225592851
29880000	0.10782186442613602
29920000	0.10544165805652737
29960000	0.10772893811985851
30000000	0.10617788549512625
30040000	0.10306275104433298
30080000	0.10308138757869602
30120000	0.10857415018603206
30160000	0.10602173141986132
30200000	0.104466926150769
30240000	0.10228222327530384
30280000	0.10491902614533902
30320000	0.10416155664473772
30360000	0.10265241369754076
30400000	0.10409968288093806
30440000	0.10304040486291051
30480000	0.106528809915483
30520000	0.10537832995951175
30560000	0.10540406098216772
30600000	0.10997968779280781
30640000	0.11236982310935854
30680000	0.10679995592609048
30720000	0.10753207361549139
30760000	0.10806358843594789
30800000	0.11117789689823986
30840000	0.10625004101768136
30880000	0.10312692708820105
30920000	0.10420224732086063
30960000	0.10362244172766805
31000000	0.10188219547495246
31040000	0.10226670834943652
31080000	0.1005555021725595
31120000	0.10085080430358648
31160000	0.10048989820703864
31200000	0.09880609309077262
31240000	0.0974195687532425
31280000	0.09771093129739165
31320000	0.1002642660446465
31360000	0.09935610586032272
31400000	0.10141741017401218
31440000	0.10438995225429534
31480000	0.10275051098838449
31520000	0.10585954817831517
31560000	0.10742011212557555
31600000	0.10493353012502193
31640000	0.10316260933727026
31680000	0.10481347130313516
31720000	0.10094007051885127
31760000	0.10486496474072338
31800000	0.10547090950608254
31840000	0.10188588706254958
31880000	0.1075689092643559
31920000	0.1068090715430677
31960000	0.10501684682443738
32000000	0.10259671919792891
32040000	0.10195818079188466
32080000	0.10530414278805256
32120000	0.09870694518759847
32160000	0.1009477329917252
32200000	0.0998937145344913
32240000	0.10044662021696568
32280000	0.10044369482398033
32320000	0.103147966594249
32360000	0.10434943608045578
32400000	0.100992891292274
32440000	0.10304985190182925
32480000	0.1075490350395441
32520000	0.10577042418345808
32560000	0.10688210360854865
32600000	0.10516860874816775
32640000	0.10092409876212478
32680000	0.10256033563613892
32720000	0.10454504413828254
32760000	0.10228272534608841
32800000	0.09861565461009741
32840000	0.10157253049314022
32880000	0.10161660347282886
32920000	0.10053264824002982
32960000	0.09994841771274805
33000000	0.09797492269426585
33040000	0.09667711793258786
33080000	0.09949344966560603
33120000	0.10071732394993305
33160000	0.10794824083298445
33200000	0.10673528644144535
33240000	0.10353912567719817
33280000	0.10101747134029865
33320000	0.09914894089698792
33360000	0.10099645752310753
33400000	0.10231888803392648
33440000	0.09715947319418192
33480000	0.09612882528156041
33520000	0.0934066933862865
33560000	0.09782562739253044
33600000	0.09447571832835674
33640000	0.09541165352240205
33680000	0.09502134946212172
33720000	0.0972153856948018
33760000	0.0960428656488657
33800000	0.10011055531352758
33840000	0.10356960728019476
33880000	0.10463665365278721
33920000	0.11012927899733185
33960000	0.10957628906071186
34000000	0.10704297124445439
34040000	0.10489060453698039
34080000	0.10034100869223475
34120000	0.09835699694305658
34160000	0.09913099642246961
34200000	0.0982941886767745
34240000	0.09831888631507754
34280000	0.10409664689227939
34320000	0.10342677300348878
34360000	0.10589983695223927
34400000	0.10537294489964842
34440000	0.10406267969161272
34480000	0.10696546737104655
34520000	0.10727101767659188
34560000	0.10640396111011505
34600000	0.10858655832558871
34640000	0.10857791313603521
34680000	0.10811721837297082
34720000	0.10554498842135072
34760000	0.10410125808939338
34800000	0.09952433970943093
34840000	0.09974307429641485
34880000	0.09531295801252126
34920000	0.09269306652247905
34960000	0.09913076550364494
35000000	0.10239571759328246
35040000	0.10140437434986234
35080000	0.10138248511999845
35120000	0.10092020129859447
35160000	0.0999580577030778
35200000	0.09631732501089572
35240000	0.09699323900043964
35280000	0.09655828747972846
35320000	0.09555785290002823
35360000	0.09463788569867611
35400000	0.09242319348081947
35440000	0.09206477162763477
35480000	0.08810779092460871
35520000	0.08435799343213439
35560000	0.08859353950917721
35600000	0.08548782155811786
35640000	0.08380670027807355
35680000	0.08208656488656997
35720000	0.08526273361220955
35760000	0.08368040485233068
35800000	0.08327178773805499
35840000	0.08143368909284472
35880000	0.08432611191868782
35920000	0.08424303314015269
35960000	0.0814327231451869
36000000	0.07678466122895479
36040000	0.07416845072954893
36080000	0.0726212171651423
36120000	0.07046093587726354
36160000	0.0699832667991519
36200000	0.06850675724893808
36240000	0.06643939803317189
36280000	0.06638045530840754
36320000	0.06602118175327777
36360000	0.06426348260343075
36400000	0.06335438361540437
36440000	0.0624066465459764
36480000	0.07285358621105552
36520000	0.08124589255154133
36560000	0.08439221736118198
36600000	0.08830794163346291
36640000	0.08535407685264945
36680000	0.07877272367104889
36720000	0.07138729405701161
36760000	0.0743614064835012
36800000	0.07941720697656274
36840000	0.07947826123386621
36880000	0.0759499353773892
36920000	0.07573893317133189
36960000	0.07532529526278377
37000000	0.07530260984748602
37040000	0.07092319462522864
37080000	0.07370975878834725
37120000	0.07311814742609858
37160000	0.07387202560678124
37200000	0.07537878188490868
37240000	0.07348704115375876
37280000	0.07296004506647587
37320000	0.06965284510478377
37360000	0.07164819263294339
37400000	0.06952889307364822
37440000	0.0709408011496067
37480000	0.06922277541235089
37520000	0.06906322073638439
37560000	0.06910444972366095
37600000	0.06605990002602338
37640000	0.06311258229836822
37680000	0.06345711110159755
37720000	0.062393408408015966
37760000	0.060639124177396295
37800000	0.06407064889445901
37840000	0.06433864775002003
37880000	0.06268336340561509
37920000	0.06241294762268663
37960000	0.05884001731723547
38000000	0.0573598068639636
38040000	0.05751577621623874
38080000	0.06056397241987288
38120000	0.059357206605374815
38160000	0.05963359234854579
38200000	0.060843661070615056
38240000	0.05828569229543209
38280000	0.05893887149915099
38320000	0.05922683223709464
38360000	0.06015334752649069
38400000	0.06315406667739153
38440000	0.06835979050546885
38480000	0.07209513470977545
38520000	0.07257608229666948
38560000	0.07590022786259651
38600000	0.07410520619377493
38640000	0.07185536248460413
38680000	0.07273906514048577
38720000	0.07262809122800827
38760000	0.07312257318422198
38800000	0.07119307792708278
38840000	0.07157054205313325
38880000	0.07057911324426532
38920000	0.06905219273939729
38960000	0.0680791016638279
39000000	0.06831994977593422
39040000	0.06905878149345517
39080000	0.07169358660988509
39120000	0.06900579717829823
39160000	0.06867444569915533
39200000	0.06751855728104711
39240000	0.06667637211084367
39280000	0.06602024471610785
39320000	0.06599846968129278
39360000	0.06489257905334234
39400000	0.0653167370185256
39440000	0.06456922709718346
39480000	0.0642789139650762
39520000	0.0644458292350173
39560000	0.06578365462422371
39600000	0.06331800335124135
39640000	0.06306841589286924
39680000	0.06248371051996946
39720000	0.06328889739140868
39760000	0.06431184723004699
39800000	0.06349399052783847
39840000	0.06310361077636481
39880000	0.07014754547402263
39920000	0.07055230837836862
39960000	0.07294611876234412
40000000	0.07308590473979712
40040000	0.0693248558819294
40080000	0.06990113832950592
40120000	0.07368632099553943
40160000	0.07338876660689711
40200000	0.07020853114873171
40240000	0.0684293789923191
40280000	0.06847644504234195
40320000	0.06493120701462031
40360000	0.0632286721996963
40400000	0.06360213027819991
40440000	0.06366766950264573
40480000	0.06236158215403557
40520000	0.06371950571238995
40560000	0.05911681808754802
40600000	0.0575011227697134
40640000	0.05824168588966131
40680000	0.05768937668055296
40720000	0.061049005208164454
40760000	0.06292590837404131
40800000	0.06239581262022257
40840000	0.06556099414825439
40880000	0.06638642448410392
40920000	0.06541668309345841
40960000	0.0629153037212789
41000000	0.061921106328070165
41040000	0.06311034225299954
41080000	0.060804106849431994
41120000	0.059481101128086446
41160000	0.05877053687721491
41200000	0.057139317421987655
41240000	0.054926075437664985
41280000	0.05356858192831278
41320000	0.05392008411809802
41360000	0.0503671226516366
41400000	0.049914053012803196
41440000	0.05109398529827595
41480000	0.05524649210013449
41520000	0.05167023339420557
41560000	0.04963976702429354
41600000	0.048231548070162535
41640000	0.04695294891409576
41680000	0.04474171924293041
41720000	0.04635315136276186
41760000	0.045474070747569206
41800000	0.04280818597599864
41840000	0.04484493117071688
41880000	0.04498206484876573
41920000	0.04801931747607887
41960000	0.050863035743683574
42000000	0.050829611076787115
42040000	0.05181921177506447
42080000	0.04906689185164869
42120000	0.04902285062782467
42160000	0.04828118451684713
42200000	0.04507300134152174
42240000	0.0453432063229382
42280000	0.047410720005258915
42320000	0.04548949889689684
42360000	0.0431188005361706
42400000	0.04294405160024762
42440000	0.04261786872185767
42480000	0.03977712029218674
42520000	0.038635132809728384
42560000	0.04073900817856193
42600000	0.04122895414978266
42640000	0.041509696374833586
42680000	0.040828314312547444
42720000	0.0423545522544533
42760000	0.039464299761876466
42800000	0.039320624724030494
42840000	0.037908043948188426
42880000	0.037372823138162495
42920000	0.03754117124937475
42960000	0.03567053628060967
43000000	0.03583508591912687
43040000	0.035104235054552554
43080000	0.036137482114695016
43120000	0.034917354484647514
43160000	0.03618711541071534
43200000	0.035822875387966635
43240000	0.036800014496780935
43280000	0.03532842234224081
43320000	0.03598209147788584
43360000	0.033853005699813365
43400000	0.035852486155927184
43440000	0.035392001374065875
43480000	0.03619860695824027
43520000	0.03490459742695093
43560000	0.03520701346360147
43600000	0.03798882041275501
43640000	0.04099618399180472
43680000	0.0444927182674408
43720000	0.042759318473562596
43760000	0.055300077199190854
43800000	0.05030783908143639
43840000	0.04694845711663365
43880000	0.0504242414381355
43920000	0.042635875045135614
43960000	0.04172499486245215
44000000	0.051155157144740226
44040000	0.047985396431759
44080000	0.04563973622955382
44120000	0.05636609287597239
44160000	0.06368606624230742
44200000	0.05994853556677699
44240000	0.059523206650465725
44280000	0.06600827523842454
44320000	0.06293730578534305
44360000	0.06427226783111692
44400000	0.06562323380522429
44440000	0.06398313719704747
44480000	0.05689376965276897
44520000	0.0562241544585675
44560000	0.055995585091412066
44600000	0.050687605027854445
44640000	0.05057385114878416
44680000	0.04784388937912881
44720000	0.0481076343305409
44760000	0.047117822271957994
44800000	0.04543432514555752
44840000	0.04175848304629326
44880000	0.04055009692683816
44920000	0.040132033178582785
44960000	0.03864729296937585
45000000	0.03687454426214099
45040000	0.039851969268545506
45080000	0.043006422285363076
45120000	0.04296453113444149
45160000	0.04291126972511411
45200000	0.04460163777694106
45240000	0.04604433502480388
45280000	0.05264757164567709
45320000	0.05463884245976806
45360000	0.054986131934449074
45400000	0.05303382501490414
45440000	0.05444655878432095
45480000	0.049061086646467446
45520000	0.048776402915269135
45560000	0.047739963624626396
45600000	0.050030346671864394
45640000	0.04907998414039612
45680000	0.04737727616354823
45720000	0.05075199459604919
45760000	0.049455929651856426
45800000	0.046270698834955694
45840000	0.048197874401509765
45880000	0.047242061114311215
45920000	0.044850069120898846
45960000	0.04407370135784149
46000000	0.04441382440365851
46040000	0.04349812554717064
46080000	0.041761015095561745
46120000	0.042369978421926496
46160000	0.044225767239183186
46200000	0.04300319591462612
46240000	0.04218477801121771
46280000	0.042780288903042675
46320000	0.041889395230636
46360000	0.04252162953577936
46400000	0.043003827496245504
46440000	0.04109809509590268
46480000	0.04240591019131243
46520000	0.042638684204593304
46560000	0.04096130401864648
46600000	0.04029278618358076
46640000	0.040430060840398074
46680000	0.039854148707538846
46720000	0.04256849637180567
46760000	0.04327605851925909
46800000	0.04586263157203793
46840000	0.04486463657580316
46880000	0.04505695379190147
46920000	0.0453249692697078
46960000	0.045364157797396186
47000000	0.04498554144054651
47040000	0.0442008356526494
47080000	0.044399759401753544
47120000	0.04468139395713806
47160000	0.04591675499379635
47200000	0.04562793615348637
47240000	0.04400357511080801
47280000	0.042934253738075495
47320000	0.042107055640220645
47360000	0.0441749425239861
47400000	0.0421715417791158
47440000	0.04253273971118033
47480000	0.04094825916364789
47520000	0.040361104020476345
47560000	0.042907480465620755
47600000	0.04403379244953394
47640000	0.04488713835403323
47680000	0.04360489576868713
47720000	0.042231477549672124
47760000	0.04262160791009664
47800000	0.04229532635100186
47840000	0.042747108425572514
47880000	0.04123100128658116
47920000	0.04138844587281346
47960000	0.04095458858273923
48000000	0.03983842538781464
48040000	0.04120507334023714
48080000	0.04049649823606014
48120000	0.04123883191533387
48160000	0.03995720036402345
48200000	0.03787526964880526
48240000	0.038354243087023496
48280000	0.03917059822306037
48320000	0.0384523928206414
48360000	0.037372193207591775
48400000	0.03642372177764774
48440000	0.03535548838451505
48480000	0.03697902563512325
48520000	0.03618346181809902
48560000	0.03664965453073382
48600000	0.03636416333317757
48640000	0.0360279614455998
48680000	0.0369317193929106
48720000	0.04015747640579939
48760000	0.040470623662322756
48800000	0.04026007717885077
48840000	0.039345929025486115
48880000	0.03745309365466237
48920000	0.03649810190796852
48960000	0.03762004157304764
49000000	0.04121898438036442
49040000	0.04387285308502614
49080000	0.045614925127476454
49120000	0.04532162357866764
49160000	0.046853815323486925
49200000	0.04701942014060915
49240000	0.04714166906625032
49280000	0.04753254880644381
49320000	0.047811125356703996
49360000	0.046590952108055354
49400000	0.0454496819447726
49440000	0.04554078309014439
49480000	0.04610651621446014
49520000	0.04588155602514744
49560000	0.04625919344983995
49600000	0.04618609182015061
49640000	0.04966122965663672
49680000	0.05001370390914381
49720000	0.04922344839647412
49760000	0.04666168499439955
49800000	0.04739399347119033
49840000	0.04566430473476649
49880000	0.04448132978081703
49920000	0.043915051669627427
49960000	0.04554537018537522
50000000	0.046164498965069654
50040000	0.04652060439698398
50080000	0.046629694245010615
50120000	0.04621522158235312
50160000	0.04548223626837134
50200000	0.04433558312170208
50240000	0.04564928420223296
50280000	0.047842343175038694
50320000	0.047094666411727666
50360000	0.047387200861796736
50400000	0.04396109811142087
50440000	0.044678569685295225
50480000	0.042982933205366135
50520000	0.04398007450550795
50560000	0.04607177543640137
50600000	0.04529064836576581
50640000	0.04534500262141228
50680000	0.0455459900662303
50720000	0.04470353311114013
50760000	0.04457139115072787
50800000	0.04372598147392273
50840000	0.04315862081497908
50880000	0.04313359459042549
50920000	0.042734693225845694
50960000	0.04358121965974569
51000000	0.044629775366559626
51040000	0.04370200807340443
51080000	0.041501896154135465
51120000	0.041388022342696784
51160000	0.03954758712425828
51200000	0.03906224893964827
51240000	0.038549368558451536
51280000	0.041239896420389416
51320000	0.04240310401953757
51360000	0.041551480895653366
51400000	0.04042343050539494
51440000	0.03874192071370781
51480000	0.0388857425428927
51520000	0.037487816157564524
51560000	0.03656471708863974
51600000	0.03711325166523457
51640000	0.038660489805787804
51680000	0.03723912861086428
51720000	0.03625559221766889
51760000	0.03682491798400879
51800000	0.044875704165175556
51840000	0.04559455103762448
51880000	0.046704944739490745
51920000	0.04866490063406527
51960000	0.046810785046592356
52000000	0.046138688211888074
52040000	0.04796096093729138
52080000	0.04922317298017442
52120000	0.046679743960499766
52160000	0.04677664098739624
52200000	0.04532074630260467
52240000	0.045337929700315
52280000	0.04552976504303515
52320000	0.04213059288077056
52360000	0.03976846874766052
52400000	0.038460598500072954
52440000	0.038634481734782455
52480000	0.03660844961963594
52520000	0.035943596014752985
52560000	0.03411472031585872
52600000	0.03439451227709651
52640000	0.03466411537118256
52680000	0.035896090584993365
52720000	0.03660662199184299
52760000	0.036720418803021314
52800000	0.03556593175753951
52840000	0.03570081853531301
52880000	0.03528736581280827
52920000	0.03567246201597154
52960000	0.03665144154876471
53000000	0.0355404007025063
53040000	0.03321667080447078
53080000	0.03144057995714247
53120000	0.033166838954016564
53160000	0.036289380388334395
53200000	0.038726297131925824
53240000	0.03898353246040642
53280000	0.039402433180063964
53320000	0.03935038303509355
53360000	0.03597224739566445
53400000	0.03398638669066131
53440000	0.0350015094935894
53480000	0.03517842504419386
53520000	0.034945778105966746
53560000	0.033969589480385184
53600000	0.032522246101498606
53640000	0.03259403819739819
53680000	0.035447367964684964
53720000	0.033228638056851924
53760000	0.031859122905880215
53800000	0.0319583687223494
53840000	0.03558196958862245
53880000	0.033923302530869844
53920000	0.03455636174120009
53960000	0.03315637422241271
54000000	0.03346972147040069
54040000	0.037870738612487916
54080000	0.039346470811218025
54120000	0.036043964353203777
54160000	0.03443571658581495
54200000	0.03393940535262227
54240000	0.03324644683636725
54280000	0.034858705077320334
54320000	0.033976436684653166
54360000	0.03311858677752316
54400000	0.032705557998456064
54440000	0.03494267546460032
54480000	0.0348190677408129
54520000	0.03308615159243345
54560000	0.031934440487250686
54600000	0.03200744950510562
54640000	0.0324449486322701
54680000	0.03071945330016315
54720000	0.029169495828822254
54760000	0.029192335339821875
54800000	0.027512758279778064
54840000	0.026827534488216044
54880000	0.028136595072224737
54920000	0.0285892996057868
54960000	0.027281634379178285
55000000	0.026699030279554427
55040000	0.026436993111297487
55080000	0.0266945951519534
55120000	0.027360860236175358
55160000	0.029346373610943555
55200000	0.030389833832904698
55240000	0.03399591835066676
55280000	0.03066343323215842
55320000	0.03286979671530425
55360000	0.03379316440038383
55400000	0.03090942471474409
55440000	0.03015678238272667
55480000	0.02903828412145376
55520000	0.02808336435947567
55560000	0.028130686986260117
55600000	0.02747717016376555
55640000	0.026464280417747794
55680000	0.026658788222074507
55720000	0.026701083696447313
55760000	0.025344125206209718
55800000	0.025958532525226473
55840000	0.02557662052344531
55880000	0.02520765742380172
55920000	0.027286040531098843
55960000	0.030946092469617725
56000000	0.034212769306451084
56040000	0.033907060158997776
56080000	0.031384016172960404
56120000	0.029079596813954414
56160000	0.027773025273904205
56200000	0.026905363529920578
56240000	0.026548453038185836
56280000	0.027081739348359404
56320000	0.03269440111964941
56360000	0.035548611035943034
56400000	0.035140728080272673
56440000	0.035579446577467026
56480000	0.03269337434247136
56520000	0.03760641159564257
56560000	0.041411574616655705
56600000	0.04374393571205437
56640000	0.04251854874975979
56680000	0.04085424520000815
56720000	0.03873578125461936
56760000	0.03812349671646953
56800000	0.03679141803644598
56840000	0.035589603393524884
56880000	0.03469301995076239
56920000	0.03351973606050015
56960000	0.03189674462713301
57000000	0.031912254614010455
57040000	0.03217596889100969
57080000	0.03165922877248377
57120000	0.03155020204409957
57160000	0.03290446691475809
57200000	0.034114671459048986
57240000	0.03868164622038603
57280000	0.04068211068809032
57320000	0.0426788181848824
57360000	0.042372923720255494
57400000	0.041718764690309766
57440000	0.041389111787825825
57480000	0.040849536991864444
57520000	0.043167153923213485
57560000	0.04473274702243507
57600000	0.045504730658978226
57640000	0.04842536673024297
57680000	0.05391496325209737
57720000	0.056096766645088794
57760000	0.05506884700022638
57800000	0.0528663268443197
57840000	0.05436826704069972
57880000	0.05364292738325894
57920000	0.05187876284122467
57960000	0.050191250068694356
58000000	0.0511878829061985
58040000	0.06087577462010085
58080000	0.05797242016755044
58120000	0.059356308300048115
58160000	0.05999330145902931
58200000	0.057496442149579524
58240000	0.058751291020587085
58280000	0.05313147856295109
58320000	0.05321700175143778
58360000	0.049688008927553894
58400000	0.05105418384186924
58440000	0.04742966464869678
58480000	0.045218928349390626
58520000	0.045007169764861465
58560000	0.042910339146852494
58600000	0.042910018145292994
58640000	0.04407259463630617
58680000	0.04706057998165488
58720000	0.0435326707649976
58760000	0.04191621420197189
58800000	0.03905763599164784
58840000	0.03988257488943636
58880000	0.04148452091068029
58920000	0.04473168541975319
58960000	0.04129957786276937
59000000	0.03841332150995731
59040000	0.037522217163816096
59080000	0.037450621358118955
59120000	0.03694129657074809
59160000	0.035624502692744135
59200000	0.03552518001906574
59240000	0.03676754748411477
59280000	0.037124189808219674
59320000	0.03806681256517768
59360000	0.04007437780685723
59400000	0.035708461213856936
59440000	0.03396227131858468
59480000	0.03460250024721027
59520000	0.03459327599518001
59560000	0.03392557480931282
59600000	0.03222076382227242
59640000	0.03897922707311809
59680000	0.045970226576551795
59720000	0.04173225912153721
59760000	0.03895482870712876
59800000	0.037657380633801224
59840000	0.0354796869199723
59880000	0.03435848379395902
59920000	0.034083294321224096
59960000	0.03485388355590403
60000000	0.034675863015279175
60040000	0.036711715745553375
60080000	0.04001822606101632
60120000	0.04083859665617347
60160000	0.041702624109759924
60200000	0.044625675535574554
60240000	0.0443314066670835
60280000	0.04496013293266296
60320000	0.043816292686760426
60360000	0.04212146746516228
60400000	0.040759263018518684
60440000	0.03949527113325894
60480000	0.0419223826225847
60520000	0.04590469664335251
60560000	0.04652385026291013
60600000	0.05058401241749525
60640000	0.04788489858955145
60680000	0.049299716247990726
60720000	0.048226424004137514
60760000	0.04612358449697494
60800000	0.04623612374477089
60840000	0.04709801517948508
60880000	0.04440832837671042
60920000	0.0443973067291081
60960000	0.045574045592173935
61000000	0.0462116421263665
61040000	0.0441344368416816
61080000	0.042930895867571234
61120000	0.04453767650164664
61160000	0.04296693322397768
61200000	0.040236073844879865
61240000	0.038566364359110594
61280000	0.03683752214461565
61320000	0.03609747964181006
61360000	0.03454399307388812
61400000	0.03397687473073602
61440000	0.03261831157393753
61480000	0.03343893870264292
61520000	0.03184601072072983
61560000	0.031239142639935016
61600000	0.030632788671180605
61640000	0.03124939186312258
61680000	0.031670148762129244
61720000	0.030191645454615355
61760000	0.030942697217315435
61800000	0.030505464951321483
61840000	0.03451208340004087
61880000	0.036101429463550445
61920000	0.03451445318292826
61960000	0.033214303980395196
62000000	0.03277346397675574
62040000	0.03435531148687005
62080000	0.03551941216364503
62120000	0.035371814250573515
62160000	0.041963710797578095
62200000	0.04193999398723244
62240000	0.04638222298361361
62280000	0.050827627062797545
62320000	0.05044787651076913
62360000	0.050129927805811166
62400000	0.04628250435702503
62440000	0.04672220183797181
62480000	0.04746988187097013
62520000	0.04982182637788355
62560000	0.04929972385689616
62600000	0.04715861285813153
62640000	0.045865383318066597
62680000	0.04919295603819192
62720000	0.04771352400481701
62760000	0.04890690640248358
62800000	0.04949675544314087
62840000	0.04840246412530541
62880000	0.04633900044336915
62920000	0.04544032584168017
62960000	0.045610210223123435
63000000	0.04568331115394831
63040000	0.046105790542066094
63080000	0.04708153918273747
63120000	0.04460848908312619
63160000	0.04380442173182964
63200000	0.04217277942858636
63240000	0.04036247100532055
63280000	0.04124939028434455
63320000	0.0430325219783932
63360000	0.04262426666691899
63400000	0.04141047193184495
63440000	0.03921088615767658
63480000	0.03743173626810312
63520000	0.035515108780562875
63560000	0.033582982251793146
63600000	0.032021098562702535
63640000	0.03156444826088846
63680000	0.02989086086973548
63720000	0.028802775865793228
63760000	0.0287805833177641
63800000	0.0298052054669708
63840000	0.030907333055883647
63880000	0.030141695522516967
63920000	0.02936406141035259
63960000	0.030182401034981012
64000000	0.028633502386882902
64040000	0.028939674672484397
64080000	0.03564042741172015
64120000	0.037511276334151626
64160000	0.03287970248088241
64200000	0.031090463439747692
64240000	0.03216905082277954
64280000	0.03082792294435203
64320000	0.03646472730450332
64360000	0.03632306835874915
64400000	0.033835928444191816
64440000	0.03515406708493829
64480000	0.03818995600789785
64520000	0.03651877310797572
64560000	0.035253282250463966
64600000	0.03390528615936637
64640000	0.032134465054050085
64680000	0.03128322065137327
64720000	0.037086423946172
64760000	0.037937628906965254
64800000	0.036290508975833656
64840000	0.033509394065663216
64880000	0.03303172432743013
64920000	0.03435800714753568
64960000	0.03214922493882477
65000000	0.03098145085349679
65040000	0.028951834484934807
65080000	0.02798554820418358
65120000	0.02739185365922749
65160000	0.02700357952825725
65200000	0.026898070138692855
65240000	0.02645305692218244
65280000	0.026839412650093437
65320000	0.026415427385643123
65360000	0.025338469234108926
65400000	0.025733201583102345
65440000	0.025393857278674842
65480000	0.025921845176070928
65520000	0.028816504898667335
65560000	0.02667967583462596
65600000	0.025969131477177144
65640000	0.026726027433387936
65680000	0.025258915347605944
65720000	0.024388355547189714
65760000	0.02505904542338103
65800000	0.02515212462730706
65840000	0.023855181282013655
65880000	0.03257559168972075
65920000	0.032814153991639616
65960000	0.02928249020203948
66000000	0.026830865690484644
66040000	0.026045182222314178
66080000	0.025041990064457058
66120000	0.024189718235656618
66160000	0.023839771047234535
66200000	0.02400494095124304
66240000	0.02335484657436609
66280000	0.02358093497660011
66320000	0.02346422999445349
66360000	0.023047874922305346
66400000	0.02245182122141123
66440000	0.02213008817397058
66480000	0.021529417761042714
66520000	0.021496627918444575
66560000	0.021349628388509154
66600000	0.02181516716592014
66640000	0.025220919066295026
66680000	0.02822017935179174
66720000	0.025768971690163015
66760000	0.02491968135330826
66800000	0.024280848049372434
66840000	0.02418845749925822
66880000	0.02334195114299655
66920000	0.023137157822214066
66960000	0.022628900612331925
67000000	0.022506888834759594
67040000	0.023446119212172926
67080000	0.02313762423545122
67120000	0.0269038010166958
67160000	0.02631654982548207
67200000	0.026650032157078386
67240000	0.02546662034802139
67280000	0.024006526295654477
67320000	0.024335069982521235
67360000	0.02437346086166799
67400000	0.023732665189169347
67440000	0.02316823627911508
67480000	0.021711107264459132
67520000	0.021853409821353854
67560000	0.02242448207102716
67600000	0.022203392413817347
67640000	0.021558314527198672
67680000	0.02115479044560343
67720000	0.020952637090347708
67760000	0.02120740734003484
67800000	0.02173352731652558
67840000	0.02325749761350453
67880000	0.03058194746337831
67920000	0.03178686658330262
67960000	0.028346146302483975
68000000	0.025386581617221238
68040000	0.02414109922684729
68080000	0.02281824353709817
68120000	0.023192778606899084
68160000	0.022606658319570126
68200000	0.022544460179284215
68240000	0.021234852277114986
68280000	0.020410746594145893
68320000	0.023974970265850423
68360000	0.029375875378772617
68400000	0.026948230683989823
68440000	0.026239482952654363
68480000	0.02577713564299047
68520000	0.023823934683576225
68560000	0.023394426741078497
68600000	0.02293763803690672
68640000	0.022239385021664202
68680000	0.021707456419989467
68720000	0.02093938594199717
68760000	0.021418907708115876
68800000	0.02069538695588708
68840000	0.022202988974004984
68880000	0.023087595835700633
68920000	0.022206254867464303
68960000	0.021245546723902227
69000000	0.02162122395876795
69040000	0.025301282171532512
69080000	0.024720128326676787
69120000	0.022572195044346155
69160000	0.02137249523755163
69200000	0.021258569551445543
69240000	0.022850411741063
69280000	0.023401515582948923
69320000	0.02185130610410124
69360000	0.02110645030643791
69400000	0.019945687662065028
69440000	0.01944730944633484
69480000	0.019751839509420097
69520000	0.019517415809445084
69560000	0.018642111565358936
69600000	0.01818534289356321
69640000	0.018228987650200725
69680000	0.018964072875492274
69720000	0.01954925948251039
69760000	0.020353898208215832
69800000	0.019433072667568923
69840000	0.019183006431348622
69880000	0.01953542168904096
69920000	0.019213300868682563
69960000	0.018188737847842276
70000000	0.018694835179112853
70040000	0.019588618094101548
70080000	0.020016593432612716
70120000	0.01977744460552931
70160000	0.02194321012664586
70200000	0.02504453755673021
70240000	0.023211510782688856
70280000	0.020404826769046487
70320000	0.021461007993482054
70360000	0.02061256068814546
70400000	0.022169214060343802
70440000	0.021391894307173788
70480000	0.0213945352120325
70520000	0.02034102398548275
70560000	0.020429038071632384
70600000	0.019244832616858186
70640000	0.01869107065591961
70680000	0.019640162575803696
70720000	0.020680752720311283
70760000	0.020091865354031326
70800000	0.019902580491732807
70840000	0.020462411965429785
70880000	0.020127195451408626
70920000	0.01963716901857406
70960000	0.01914796768501401
71000000	0.018921332672424615
71040000	0.018418028530105948
71080000	0.018969971057586372
71120000	0.01896793992947787
71160000	0.019529888069070876
71200000	0.021320532524958254
71240000	0.022621634258888662
71280000	0.022184390232525764
71320000	0.02243350428082049
71360000	0.025768199349194765
71400000	0.024982203803025186
71440000	0.02459668679945171
71480000	0.02740455564428121
71520000	0.02612841466292739
71560000	0.02655912967417389
71600000	0.025810521625727414
71640000	0.029766606529802085
71680000	0.032335999520123004
71720000	0.03534858876653016
71760000	0.03303513321988285
71800000	0.03091200942620635
71840000	0.029277915346249937
71880000	0.02913548367731273
71920000	0.028142188807204364
71960000	0.026456959572434425
72000000	0.026381423673033713
72040000	0.029836791936680675
72080000	0.033079853910952806
72120000	0.030886010177619754
72160000	0.02661489780228585
72200000	0.024068555593304335
72240000	0.023324188674800097
72280000	0.023089804140478374
72320000	0.022734736616536976
72360000	0.02267502609156072
72400000	0.02264092695657164
72440000	0.023043546311371028
72480000	0.0249264454042539
72520000	0.0236384017592296
72560000	0.02404487466122955
72600000	0.026754397884756326
72640000	0.032462984194979075
72680000	0.035576455285958944
72720000	0.036360156386718155
72760000	0.03534165392704308
72800000	0.03202678424827755
72840000	0.030597050946950914
72880000	0.0292872054412961
72920000	0.028401436043530702
72960000	0.02841612418666482
73000000	0.02613784008938819
73040000	0.024187543585896493
73080000	0.02432913930937648
73120000	0.024552086950838565
73160000	0.026206772510893643
73200000	0.024879091817326844
73240000	0.024708040383271873
73280000	0.024516722343303262
73320000	0.026509777237661184
73360000	0.026122468100860715
73400000	0.023258663587272167
73440000	0.023352063995972276
73480000	0.025471628160402177
73520000	0.027403466796875
73560000	0.028804153088852764
73600000	0.027606081455387173
73640000	0.028558419599197804
73680000	0.02933893586806953
73720000	0.03319471016377211
73760000	0.03168405950441956
73800000	0.0311548337880522
73840000	0.03046280284151435
73880000	0.02911180987842381
73920000	0.028206207518838344
73960000	0.029174346934631466
74000000	0.03088859232366085
74040000	0.029657601841911675
74080000	0.028013343009725213
74120000	0.027661048080213368
74160000	0.027799343473277987
74200000	0.028612921011447908
74240000	0.027193509156256915
74280000	0.02707109303250909
74320000	0.02602869163528085
74360000	0.025095636643096806
74400000	0.02450978993624449
74440000	0.02407262327298522
74480000	0.02340870594829321
74520000	0.023197406108491123
74560000	0.023038783810660244
74600000	0.025685487928055226
74640000	0.031542907659709456
74680000	0.030123310014232994
74720000	0.027872395537607373
74760000	0.03042589358035475
74800000	0.027373575214296578
74840000	0.026440285815671087
74880000	0.024904604278504848
74920000	0.022879916285909713
74960000	0.022501076312363148
75000000	0.022785309891402723
75040000	0.023593233290314673
75080000	0.02349307589456439
75120000	0.022334783247858286
75160000	0.021370858360268176
75200000	0.023709325930289925
75240000	0.024822938066348433
75280000	0.02324516048450023
75320000	0.02185239958819002
75360000	0.021424609947949647
75400000	0.02163960977047682
75440000	0.021122041366435588
75480000	0.022024853270128368
75520000	0.02257317201998085
75560000	0.024014331767335535
75600000	0.02273131200466305
75640000	0.02088608126603067
75680000	0.01950904898326844
75720000	0.01874208362326026
75760000	0.020546033553034068
75800000	0.024413831600174307
75840000	0.02743570470046252
75880000	0.027725003490969537
75920000	0.02481022314056754
75960000	0.022927893017977475
76000000	0.02657008949238807
76040000	0.02621926236823201
76080000	0.02463674406260252
76120000	0.022639454594440757
76160000	0.02048969286158681
76200000	0.020164259533397854
76240000	0.020015048391744495
76280000	0.020138428805209697
76320000	0.02038561629448086
76360000	0.020140883173048497
76400000	0.02065490673147142
76440000	0.020536916587129236
76480000	0.02101128120608628
76520000	0.0204930309407413
76560000	0.01964560516625643
76600000	0.019168128213845195
76640000	0.020118090850673617
76680000	0.01948101118095219
76720000	0.018843044335395097
76760000	0.01954807186126709
76800000	0.019349844969809054
76840000	0.01922902489732951
76880000	0.019026397604867816
76920000	0.019924698679894208
76960000	0.019795027619041502
77000000	0.020109999999962748
77040000	0.02024952631238848
77080000	0.022171566971763968
77120000	0.026038531009852886
77160000	0.028215450456738473
77200000	0.02817955673597753
77240000	0.02500285094063729
77280000	0.022879689282923936
77320000	0.024576210621930657
77360000	0.023078916291147472
77400000	0.022347005908936263
77440000	0.020885627957433463
77480000	0.020743163666129112
77520000	0.020123092960193753
77560000	0.019374835523590445
77600000	0.01902372694760561
77640000	0.018810170652810484
77680000	0.019917406633123757
77720000	0.021573111507855357
77760000	0.02408498335853219
77800000	0.022610910211876036
77840000	0.022346158295869827
77880000	0.023365902721136807
77920000	0.022616821825690567
77960000	0.021597373247891665
78000000	0.022838467429950833
78040000	0.0237682953376323
78080000	0.023351812041550873
78120000	0.024648008104413748
78160000	0.022820916774123907
78200000	0.024237010507285595
78240000	0.02428045525327325
78280000	0.022347868883609772
78320000	0.021739951952546833
78360000	0.021243179894424976
78400000	0.019474543128348887
78440000	0.019691177840158343
78480000	0.020739355829544365
78520000	0.0222135154729709
78560000	0.021309178767167033
78600000	0.0192287422882393
78640000	0.01946652843412012
78680000	0.020081163239851593
78720000	0.01962883250191808
78760000	0.020327991195768117
78800000	0.01998304757885635
78840000	0.020130115772597493
78880000	0.020737851668708028
78920000	0.020872429845295845
78960000	0.022243520019203423
79000000	0.023509866627305746
79040000	0.02264507371634245
79080000	0.02185398847050965
79120000	0.02344148608408868
79160000	0.02179571619294584
79200000	0.02050981815047562
79240000	0.018664732500724493
79280000	0.018549353099986912
79320000	0.01842436635680497
79360000	0.018621975625492632
79400000	0.018901417624391615
79440000	0.01838025058582425
79480000	0.017678887320682405
79520000	0.01810292470101267
79560000	0.018761518594250085
79600000	0.019912857322953642
79640000	0.020069080067425967
79680000	0.020325082557648422
79720000	0.01917659767791629
79760000	0.01861877927258611
79800000	0.018021920294128357
79840000	0.01782897022459656
79880000	0.018024617735855283
79920000	0.018716667462140322
79960000	0.019756201308965684
80000000	0.018752484524063764
80040000	0.01891160549223423
80080000	0.019094433638080954
80120000	0.019655522319115697
80160000	0.01922631311137229
80200000	0.01877243527714163
80240000	0.01747926007658243
80280000	0.018056541189178824
80320000	0.018193955662474035
80360000	0.0181966215159744
80400000	0.01835326919183135
80440000	0.018303203722834588
80480000	0.018146164330653847
80520000	0.020297328550554813
80560000	0.020481850451789796
80600000	0.01916002241000533
80640000	0.018290601370297373
80680000	0.018946759808436037
80720000	0.01879348850119859
80760000	0.018752048216946423
80800000	0.019102789890952408
80840000	0.01907529435046017
80880000	0.019223810006305575
80920000	0.01920519072264433
80960000	0.01930376385487616
81000000	0.02181945834364742
81040000	0.02241397954840213
81080000	0.021942077936604618
81120000	0.02275085802525282
81160000	0.0229646658340469
81200000	0.022670345603860914
81240000	0.022615670887939632
81280000	0.024001805309019984
81320000	0.021916551785822958
81360000	0.02192395311985165
81400000	0.021176538213156165
81440000	0.021407897860836238
81480000	0.02307998618017882
81520000	0.024546445820294322
81560000	0.0213115052158013
81600000	0.01967732553370297
81640000	0.018828035598155112
81680000	0.021682639353722333
81720000	0.021084307752549648
81760000	0.020269600935280324
81800000	0.018018792776949705
81840000	0.01788585449382663
81880000	0.018186200737580656
81920000	0.018016703923791646
81960000	0.01932174029443413
82000000	0.019088816460408272
82040000	0.019206989197991787
82080000	0.017805165778286756
82120000	0.01709146545268595
82160000	0.017238165347650648
82200000	0.01755571153946221
82240000	0.01762316385153681
82280000	0.01879397968389094
82320000	0.01884831683728844
82360000	0.018317850747145713
82400000	0.017678328994847833
82440000	0.01798038011714816
82480000	0.018615920426510276
82520000	0.020563549862615764
82560000	0.01936095910537988
82600000	0.01888299511820078
82640000	0.019290839938633144
82680000	0.02242589528243989
82720000	0.020894093769416214
82760000	0.020010197617858647
82800000	0.01915158762820065
82840000	0.01893004911635071
82880000	0.0178643266428262
82920000	0.01787528952136636
82960000	0.018692182063870133
83000000	0.018383129173889755
83040000	0.017739068001974376
83080000	0.017544630014523863
83120000	0.017496563518606126
83160000	0.01817990652285516
83200000	0.01758891821485013
83240000	0.01805881261564791
83280000	0.01755877374894917
83320000	0.017360471183434128
83360000	0.016864431310631336
83400000	0.016165321988984942
83440000	0.01711472311746329
83480000	0.017596293026581406
83520000	0.0175546201819554
83560000	0.017097803588956594
83600000	0.017189523117616772
83640000	0.017053307509422303
83680000	0.017349668789468704
83720000	0.018134450756572187
83760000	0.01919987990502268
83800000	0.021470468861237168
83840000	0.027643232601322235
83880000	0.03133571040350944
83920000	0.030148528661206365
83960000	0.026229567563533784
84000000	0.023531911453790962
84040000	0.022570340139605106
84080000	0.027824514621682464
84120000	0.029566302764602006
84160000	0.02782243659365922
84200000	0.025474357134103776
84240000	0.02391229550484568
84280000	0.023143640541657805
84320000	0.021845062913931908
84360000	0.021988188964687287
84400000	0.02161605430226773
84440000	0.021500228268094362
84480000	0.021291688803583383
84520000	0.022541031135432422
84560000	0.022744836213439704
84600000	0.021690555967018008
84640000	0.020937543971464037
84680000	0.0205116490541026
84720000	0.020861107403784992
84760000	0.02121110968030989
84800000	0.022265925448015332
84840000	0.023894192534685135
84880000	0.023079492719098926
84920000	0.02471872276477516
84960000	0.023618271826952697
85000000	0.025218797300569713
85040000	0.028177378676086665
85080000	0.027541747175902128
85120000	0.025568652071803807
85160000	0.02143703816216439
85200000	0.02063853735756129
85240000	0.01955183275770396
85280000	0.018948076299205422
85320000	0.019337824799865483
85360000	0.019368155500106513
85400000	0.01951658996772021
85440000	0.01872419279422611
85480000	0.019535404994897546
85520000	0.020103964041359723
85560000	0.020814215695671736
85600000	0.021606412152200938
85640000	0.021085788634233178
85680000	0.02186182824373245
85720000	0.023092448807694017
85760000	0.022155130182765423
85800000	0.0225314806856215
85840000	0.021877412614785135
85880000	0.020182494069449605
85920000	0.02061337671838701
85960000	0.020045165785774588
86000000	0.021198088879883288
86040000	0.021682760007679464
86080000	0.020578141723386942
86120000	0.020142526106908917
86160000	0.019894258487597107
86200000	0.01990185875929892
86240000	0.01864668062888086
86280000	0.01851011825222522
86320000	0.019216332355886698
86360000	0.019501030057296156
86400000	0.019490052649751306
86440000	0.02081347613632679
86480000	0.021831376709789036
86520000	0.021211984447017312
86560000	0.02146679297443479
86600000	0.021209618637338282
86640000	0.020827439744397998
86680000	0.020635639768838882
86720000	0.019558192223869265
86760000	0.01872557205334306
86800000	0.018268742450140416
86840000	0.018027845606580377
86880000	0.017811599739827214
86920000	0.017237219851650297
86960000	0.01683120189588517
87000000	0.01640343012716621
87040000	0.016579095951095222
87080000	0.018021057773940266
87120000	0.018039591057039797
87160000	0.019019568429142236
87200000	0.01959291222859174
87240000	0.01963571876436472
87280000	0.017613587925210596
87320000	0.017787458732072263
87360000	0.018630500199459492
87400000	0.018855906602554023
87440000	0.018023680111020804
87480000	0.017884909654408695
87520000	0.01703739081658423
87560000	0.01825491083525121
87600000	0.017961049778945744
87640000	0.01767097006198019
87680000	0.017204335126280786
87720000	0.017849836062826217
87760000	0.01809853757303208
87800000	0.017951282033976168
87840000	0.016559869655407965
87880000	0.016619488015398382
87920000	0.016707318663597107
87960000	0.01711647293139249
88000000	0.016851811471953988
88040000	0.01688297531697899
88080000	0.018279972673393787
88120000	0.018818854060396552
88160000	0.01941820338666439
88200000	0.01994666555337608
88240000	0.01931218272410333
88280000	0.01731421224810183
88320000	0.016739031431637703
88360000	0.017228013525903224
88400000	0.01636358314678073
88440000	0.016911535647325216
88480000	0.016614462867937982
88520000	0.016838383809290827
88560000	0.01740423060785979
88600000	0.017834208997525275
88640000	0.01759298757109791
88680000	0.016793410491198302
88720000	0.016811884136870504
88760000	0.017013720458559693
88800000	0.017291200450435282
88840000	0.016647236122563483
88880000	0.016225067333877085
88920000	0.01589008491039276
88960000	0.016406678484752774
89000000	0.017446722485497595
89040000	0.017100371547974644
89080000	0.017217159253917636
89120000	0.01658158357180655
89160000	0.017443559800088406
89200000	0.018423890369385482
89240000	0.019257629266008734
89280000	0.020497823628783225
89320000	0.020277140129730104
89360000	0.01870820285845548
89400000	0.01754814154859632
89440000	0.018108733316510917
89480000	0.018126687542162834
89520000	0.018884093961492182
89560000	0.019590106017515062
89600000	0.019827903572749345
89640000	0.0179134627122432
89680000	0.01796739917062223
89720000	0.017231382795795797
89760000	0.01726037007216364
89800000	0.01818202142305672
89840000	0.019839934366941453
89880000	0.02213343631681055
89920000	0.02286783923022449
89960000	0.0205973515836522
90000000	0.020409338383562865
90040000	0.021606782333552836
90080000	0.022553353740647434
90120000	0.021934710700064898
90160000	0.020997315197438002
90200000	0.021215043485164644
90240000	0.022566648646257816
90280000	0.02070274517647922
90320000	0.021648072117380797
90360000	0.021248238835856317
90400000	0.021352582685276865
90440000	0.02080188491679728
90480000	0.020087282585538924
90520000	0.019236951013095676
90560000	0.02054436950366944
90600000	0.019774844726361335
90640000	0.019524032452516257
90680000	0.018979728544596584
90720000	0.02205746798021719
90760000	0.021876298163831236
90800000	0.022610905390419066
90840000	0.025197792842425407
90880000	0.025852079749666156
90920000	0.02627439343370497
90960000	0.0347519346833229
91000000	0.038977428694814444
91040000	0.0378184102255851
91080000	0.03644901661872864
91120000	0.03825659980587661
91160000	0.042416156651824716
91200000	0.03862085131518543
91240000	0.03593697058036924
91280000	0.03364859843179584
91320000	0.032746067451685665
91360000	0.031991780922934414
91400000	0.03138662819340825
91440000	0.03016808944568038
91480000	0.029210070382058622
91520000	0.02866056667417288
91560000	0.027745113630220294
91600000	0.027686540532298385
91640000	0.03111584613956511
91680000	0.03148128794319928
91720000	0.02913037167713046
91760000	0.02666013521682471
91800000	0.025527950931340457
91840000	0.025407962773740293
91880000	0.030181417459622027
91920000	0.029332268285378812
91960000	0.030735723741166295
92000000	0.030568640604801477
92040000	0.02559677315335721
92080000	0.023496113907918333
92120000	0.022667653183825315
92160000	0.022508963482268156
92200000	0.02278222311101854
92240000	0.023265323868021368
92280000	0.023886686904355883
92320000	0.025580970820225774
92360000	0.029353366635367275
92400000	0.027814888262189925
92440000	0.026570240339264275
92480000	0.026390211213566363
92520000	0.02662090059965849
92560000	0.026012440534494818
92600000	0.02939813674017787
92640000	0.03277562390323728
92680000	0.03312031101062894
92720000	0.03162366053387523
92760000	0.03209665171541273
92800000	0.031070730466768146
92840000	0.02917123234793544
92880000	0.02714410502463579
92920000	0.024423834317177533
92960000	0.025964312209933997
93000000	0.030253854167461396
93040000	0.03148461902011186
93080000	0.029804541017487644
93120000	0.0287678606711328
93160000	0.02906009933128953
93200000	0.029495089204981922
93240000	0.029438381683826446
93280000	0.028603171062096953
93320000	0.02899601173400879
93360000	0.02731127140354365
93400000	0.028925023195520042
93440000	0.030005221585556865
93480000	0.029092024017311632
93520000	0.026911636360548438
93560000	0.02741544636450708
93600000	0.02546260202843696
93640000	0.02722791752088815
93680000	0.029111985024809838
93720000	0.029302813615649938
93760000	0.025876521492376924
93800000	0.02433471242636442
93840000	0.02396686915438622
93880000	0.023862117927335204
93920000	0.022757861601933837
93960000	0.022098967930674552
94000000	0.02412026529777795
94040000	0.02687683250978589
94080000	0.024683931007049978
94120000	0.024334700482711195
94160000	0.026923872381448746
94200000	0.027083979933708906
94240000	0.027851928056031466
94280000	0.02864212447293103
94320000	0.031910040487721565
94360000	0.03382159868776798
94400000	0.03567089607901871
94440000	0.035398215210810303
94480000	0.03278191932849586
94520000	0.03285505527220666
94560000	0.03286535099484027
94600000	0.03355629161261022
94640000	0.03298937825113535
94680000	0.03126276077404618
94720000	0.030993745771050452
94760000	0.028648892974480988
94800000	0.02857700459174812
94840000	0.029190854815766214
94880000	0.028274478387832643
94920000	0.026670094847679137
94960000	0.025839707002229987
95000000	0.02597801517508924
95040000	0.025809048960730434
95080000	0.025218928548693658
95120000	0.02474826654549688
95160000	0.023107487218827008
95200000	0.022776965271867813
95240000	0.02305714891627431
95280000	0.02319382028914988
95320000	0.02320412826295942
95360000	0.022444736888073386
95400000	0.02339954262636602
95440000	0.02765453859437257
95480000	0.03089127489272505
95520000	0.03049167553037405
95560000	0.03266940243579447
95600000	0.03074376790523529
95640000	0.03038568380381912
95680000	0.028504435743950306
95720000	0.026342646682448685
95760000	0.029031411578506233
95800000	0.03077159244082868
95840000	0.03336943110115826
95880000	0.03616665527094155
95920000	0.03422416893132031
95960000	0.031103825495019555
96000000	0.02956890266761184
96040000	0.026830142515152693
96080000	0.025842642686888576
96120000	0.02564369555208832
96160000	0.02438268888965249
96200000	0.0235691092511639
96240000	0.025123781765252352
96280000	0.02623185856398195
96320000	0.02801411697231233
96360000	0.026597300348058343
96400000	0.025376107265613974
96440000	0.025361850859969854
96480000	0.02532136992011219
96520000	0.02415630724094808
96560000	0.022084918670728804
96600000	0.020482463192753493
96640000	0.020468738332949578
96680000	0.02192492617648095
96720000	0.020503290543332695
96760000	0.02086309009399265
96800000	0.020349776670336724
96840000	0.021033617651462555
96880000	0.020569585378840564
96920000	0.020437340059503914
96960000	0.0193488327562809
97000000	0.020033182322047653
97040000	0.019132632549852133
97080000	0.019848746570013464
97120000	0.01923784549199045
97160000	0.0180923490377143
97200000	0.018849096254631877
97240000	0.019805975603684783
97280000	0.020026201828569175
97320000	0.021360993438214064
97360000	0.02081267024539411
97400000	0.020345856372267008
97440000	0.019228786204382776
97480000	0.020716101459786296
97520000	0.022818742788396774
97560000	0.029032235006429256
97600000	0.03021166532188654
97640000	0.03527373899519443
97680000	0.0310646517354995
97720000	0.03136104152165353
97760000	0.032018562393635513
97800000	0.02752147970125079
97840000	0.025039866035059095
97880000	0.02691311706956476
97920000	0.030544262184761466
97960000	0.02870043591335416
98000000	0.030498793740198017
98040000	0.029048996474780143
98080000	0.02905994605459273
98120000	0.03229434186965227
98160000	0.030248244293965398
98200000	0.029189357515238226
98240000	0.02755937125608325
98280000	0.026491331330500544
98320000	0.026823360138759016
98360000	0.026500662950798868
98400000	0.029793901337124406
98440000	0.02774560137167573
98480000	0.025730277228169143
98520000	0.02871933558192104
98560000	0.02990793459713459
98600000	0.029305474334582686
98640000	0.028523533093556763
98680000	0.029213820371031762
98720000	0.027754708118550478
98760000	0.02583950848095119
98800000	0.026135798446461557
98840000	0.026278777950815856
98880000	0.026777355105429886
98920000	0.024443958698026836
98960000	0.02822341478392482
99000000	0.02996100477539003
99040000	0.028377867294102906
99080000	0.027446299313940107
99120000	0.025711336203478277
99160000	0.02750011624060571
99200000	0.028092032915353775
99240000	0.02650172618906945
99280000	0.024334193273447453
99320000	0.023350615216605364
99360000	0.022894779340177775
99400000	0.022947307834029197
99440000	0.022518405803106725
99480000	0.02094625319149345
99520000	0.01983055566865951
99560000	0.020500730928126723
99600000	0.023802389057725668
99640000	0.03055727983582765
99680000	0.029100987592339516
99720000	0.02611309476289898
99760000	0.02424435744024813
99800000	0.022806690997630358
99840000	0.027909006844833495
99880000	0.028518316075205802
99920000	0.027659528043679892
99960000	0.027545709062740207
100000000	0.026438411534763874
