240000	0.032767943067196756
280000	0.03572904299395159
320000	0.03069059543311596
360000	0.028926297263242303
400000	0.027471886477433146
440000	0.02750053032040596
480000	0.027985938454419376
520000	0.030700083326548337
560000	0.032326282139867546
600000	0.03269646929912269
640000	0.03436942058317363
680000	0.03605191537849605
720000	0.037590229992568495
760000	0.038077426049113273
800000	0.03805253674276173
840000	0.04022375986166298
880000	0.040547106911242005
920000	0.04212262168601155
960000	0.04329297409653664
1000000	0.04545171829015016
1040000	0.04632089215889573
1080000	0.047392077404633165
1120000	0.050072713578119876
1160000	0.057867326528579
1200000	0.05997194082848728
1240000	0.06422148200422526
1280000	0.06638555368781089
1320000	0.06975448922514915
1360000	0.0698175365395844
1400000	0.0703265385530889
1440000	0.0705200500652194
1480000	0.07516608088724315
1520000	0.07665210011675953
1560000	0.07710627162307501
1600000	0.07658252186626197
1640000	0.07829108793586492
1680000	0.08150059945136309
1720000	0.08390106084123254
1760000	0.08626387916058302
1800000	0.08519561011493205
1840000	0.08436283985748887
1880000	0.08441414147466421
1920000	0.08383183337971568
1960000	0.08241842374578118
2000000	0.08140937864258885
2040000	0.08244616472870112
2080000	0.08311641787141562
2120000	0.08381885384619236
2160000	0.08621032768487931
2200000	0.08686955289915205
2240000	0.08814005012959242
2280000	0.08637362063080073
2320000	0.08782031028941274
2360000	0.0903684876523912
2400000	0.09008650357425213
2440000	0.09322199386581778
2480000	0.09910695475861431
2520000	0.10307903031855821
2560000	0.10226554846540094
2600000	0.10432794006168843
2640000	0.10790085835978389
2680000	0.11123954649567604
2720000	0.11545965841710568
2760000	0.11807762031704187
2800000	0.1221502502501011
2840000	0.12230212983265519
2880000	0.12665628200769424
2920000	0.12372073197364807
2960000	0.12928291070759296
3000000	0.13254887790083886
3040000	0.1329869264729321
3080000	0.12734948887079955
3120000	0.12967591097950934
3160000	0.13133170943409203
3200000	0.14029301023632287
3240000	0.1520066524013877
3280000	0.15298362300544976
3320000	0.1497791178137064
3360000	0.16139299000799656
3400000	0.17101007098257542
3440000	0.17414410689026116
3480000	0.1682286036401987
3520000	0.17404566500633956
3560000	0.17771197834014893
3600000	0.17757032681554555
3640000	0.18434335528761148
3680000	0.18061205916851758
3720000	0.1801055983811617
3760000	0.1881399025440216
3800000	0.18736572331488133
3840000	0.18360698238760234
3880000	0.19259833848029376
3920000	0.18935940067768098
3960000	0.1963729311823845
4000000	0.2041105540767312
4040000	0.1965835103496909
4080000	0.2002635451376438
4120000	0.20790864589214325
4160000	0.219557277277112
4200000	0.22113939575999975
4240000	0.23113654139488934
4280000	0.23215972561985254
4320000	0.2403375821083784
4360000	0.23363831998556853
4400000	0.23391360092163085
4440000	0.23287794442623855
4480000	0.23439386124014855
4520000	0.22164243683964013
4560000	0.2324136785313487
4600000	0.22526133853197097
4640000	0.22995485780239105
4680000	0.2281298710078001
4720000	0.2384242535814643
4760000	0.24574168365746737
4800000	0.2513338550806046
4840000	0.24978537939488887
4880000	0.242591861538589
4920000	0.25532246752083304
4960000	0.2546449316859245
5000000	0.25658871550261975
5040000	0.259056515532732
5080000	0.26491040995270015
5120000	0.25535401298105714
5160000	0.26202339047938583
5200000	0.2765672550678253
5240000	0.2790486751049757
5280000	0.27769394383877516
5320000	0.2804415486127138
5360000	0.27577342749238015
5400000	0.2782994921088219
5440000	0.2770374649256468
5480000	0.26584315113425255
5520000	0.26943055339455607
5560000	0.2627022490620613
5600000	0.2642148669600487
5640000	0.26412572856247424
5680000	0.26292833139449356
5720000	0.2680298259139061
5760000	0.2634389675229788
5800000	0.2545739134386182
5840000	0.2518992383286357
5880000	0.2571233552917838
5920000	0.2671095934599638
5960000	0.267120500767231
6000000	0.27696647243201733
6040000	0.2818545765131712
6080000	0.2868262386679649
6120000	0.2853456372976303
6160000	0.28979576652348044
6200000	0.29005609033703805
6240000	0.2939781137257814
6280000	0.2930146009027958
6320000	0.2973155104845762
6360000	0.29783980961740014
6400000	0.29583225773572924
6440000	0.2913866874679923
6480000	0.31026317554712296
6520000	0.3018517007023096
6560000	0.3095815937101841
6600000	0.30648067871928214
6640000	0.29467093614935874
6680000	0.2951930944532156
6720000	0.3011724633514881
6760000	0.2946951602756977
6800000	0.30379062078297137
6840000	0.3131638319432735
6880000	0.2988585162818432
6920000	0.2967654892235994
6960000	0.3023947907596827
7000000	0.3077319465070963
7040000	0.3152219267338514
7080000	0.30079344813525677
7120000	0.31189508167803287
7160000	0.3055218538850546
7200000	0.307293205422163
7240000	0.3157258477419615
7280000	0.310797793212533
7320000	0.30731004254221916
7360000	0.30236023938655854
7400000	0.2986741410598159
7440000	0.29553082137703895
7480000	0.30373670539855957
7520000	0.31566464200019834
7560000	0.29795448999404905
7600000	0.29553720320761206
7640000	0.30705327564179896
7680000	0.3175705891489983
7720000	0.3145373883754015
7760000	0.32329701371490954
7800000	0.30681763935387135
7840000	0.3153020472049713
7880000	0.32173282949328424
7920000	0.3179451915740967
7960000	0.3227226043850184
8000000	0.3201882350742817
8040000	0.3121856200695038
8080000	0.30867478220760824
8120000	0.3140079948633909
8160000	0.311866395843029
8200000	0.29768312622010706
8240000	0.30133953994959595
8280000	0.2995521308735013
8320000	0.30289014227092265
8360000	0.29585118238031866
8400000	0.30247722132503985
8440000	0.3021094278216362
8480000	0.3099821993082762
8520000	0.3002342890024185
8560000	0.31541417584717274
8600000	0.31148453761935235
8640000	0.32302339352071285
8680000	0.3138639561831951
8720000	0.3201707913219929
8760000	0.32576227980554107
8800000	0.3298206688344479
8840000	0.3085358435213566
8880000	0.31385608582794666
8920000	0.31198569128513337
8960000	0.31033656806945803
9000000	0.2900349190622568
9040000	0.3030422573328018
9080000	0.3242980834513903
9120000	0.31587583731114866
9160000	0.32724761661738155
9200000	0.31547562246620653
9240000	0.31416483137607576
9280000	0.31416400899291036
9320000	0.3183498550504446
9360000	0.3233810477793217
9400000	0.3360484603404999
9440000	0.3259591867595911
9480000	0.313884500053525
9520000	0.3095905576646328
9560000	0.3098696079403162
9600000	0.3006942723065615
9640000	0.2954096928268671
9680000	0.29347995236814023
9720000	0.2973968140602112
9760000	0.28911620344221595
9800000	0.2877336850136519
9840000	0.29642071207165716
9880000	0.2895339901357889
9920000	0.2944784641772509
9960000	0.28551497035324575
10000000	0.2824149566501379
10040000	0.27274480764567854
10080000	0.27485770986676217
10120000	0.28076900433301927
10160000	0.2811939933538437
10200000	0.2771975786238909
10240000	0.2903210372775793
10280000	0.2860452728509903
10320000	0.2885702594667673
10360000	0.2941271261036396
10400000	0.2881545457482338
10440000	0.27820279056727887
10480000	0.28030930823236705
10520000	0.27539668230116365
10560000	0.2824191404283047
10600000	0.2834058553606272
10640000	0.29126836596727373
10680000	0.2976149709045887
10720000	0.2886749941974878
10760000	0.2916255100905895
10800000	0.2972356859087944
10840000	0.29430111771523954
10880000	0.29301276939809323
10920000	0.28936510063409804
10960000	0.28563793615102767
11000000	0.3009535230755806
11040000	0.3012436911076307
11080000	0.30673762320280074
11120000	0.31018412298560144
11160000	0.3123910371541977
11200000	0.30088100133240225
11240000	0.2995071970790625
11280000	0.30171723833680153
11320000	0.29640387337207796
11360000	0.3046997828185558
11400000	0.2888662842541933
11440000	0.291102060174942
11480000	0.2930401989549398
11520000	0.29129133579730987
11560000	0.28014169946014883
11600000	0.26832317198216915
11640000	0.28058331692814825
11680000	0.27439716020673516
11720000	0.2617535299360752
11760000	0.27079574662745
11800000	0.2660978375643492
11840000	0.26535036408901214
11880000	0.27453240860700606
11920000	0.2704449374973774
11960000	0.2753659768357873
12000000	0.26850702738910914
12040000	0.2768030327945948
12080000	0.27534398102760316
12120000	0.2730421329259872
12160000	0.2805201347768307
12200000	0.2743034619212151
12240000	0.27068571655750273
12280000	0.26582523884624243
12320000	0.2700632417112589
12360000	0.26360410001277923
12400000	0.26646331108212473
12440000	0.26727980922311545
12480000	0.26608492697775366
12520000	0.2547305693387985
12560000	0.2479585643172264
12600000	0.2711396879017353
12640000	0.27505633507370947
12680000	0.2672117632120848
12720000	0.2673342959910631
12760000	0.27454215706288815
12800000	0.275884742949903
12840000	0.28055986613929274
12880000	0.28094541929364203
12920000	0.2763398279339075
12960000	0.2804739216595888
13000000	0.28083887274861336
13040000	0.2941329755783081
13080000	0.29198685790002343
13120000	0.2888144082158804
13160000	0.27969896536171435
13200000	0.2820529579818249
13240000	0.2787017249524593
13280000	0.2641855588644743
13320000	0.2568543289601803
13360000	0.26313831392228604
13400000	0.2669714524000883
13440000	0.2673607089430094
13480000	0.2523276909172535
13520000	0.2482933786422014
13560000	0.2557574586391449
13600000	0.24982863395810126
13640000	0.2542810907959938
13680000	0.2463489261418581
13720000	0.2515307392388582
13760000	0.24385710543692113
13800000	0.23527654315233232
13840000	0.24030259412527083
13880000	0.24218845695257188
13920000	0.23890222311615944
13960000	0.23772336440384387
14000000	0.2429426055446267
14040000	0.2551887774169445
14080000	0.2585510023653507
14120000	0.24828501303493977
14160000	0.2600039083749056
14200000	0.2504101170271635
14240000	0.253230568164587
14280000	0.2501059109866619
14320000	0.2678346527606249
14360000	0.2623195164352655
14400000	0.2550364457398653
14440000	0.24926133292615413
14480000	0.25892767769992353
14520000	0.25990092892199756
14560000	0.26599291585087775
14600000	0.2646623283535242
14640000	0.25612743347585204
14680000	0.2593875719457865
14720000	0.2592208118826151
14760000	0.24322386786937714
14800000	0.2565383712023497
14840000	0.2527512316733599
14880000	0.25560760309398173
14920000	0.2553723136335611
14960000	0.25799340224564077
15000000	0.260768522772193
15040000	0.25757655311673877
15080000	0.25893699477911
15120000	0.25381965700387954
15160000	0.2667633457794785
15200000	0.2617982498809695
15240000	0.2632255719095469
15280000	0.25766420883238317
15320000	0.2602845588684082
15360000	0.2631200457692146
15400000	0.2689024646282196
15440000	0.2565976358309388
15480000	0.25973732900619506
15520000	0.2567866663426161
15560000	0.25236100536584855
15600000	0.251633109678328
15640000	0.25070682142078876
15680000	0.24716417142897845
15720000	0.24103467317074537
15760000	0.24019526045322417
15800000	0.24722323702871798
15840000	0.23912685647010803
15880000	0.2435333796441555
15920000	0.23974756672233344
15960000	0.23786118514239787
16000000	0.23882089634239673
16040000	0.22981357214152812
16080000	0.23965166766643525
16120000	0.24679051006138325
16160000	0.2465968991845846
16200000	0.24830025702118874
16240000	0.24857115650475026
16280000	0.25116695751845836
16320000	0.2589038756251335
16360000	0.2521964914470911
16400000	0.25621851163357495
16440000	0.251521927267313
16480000	0.2585251476854086
16520000	0.2557061203956604
16560000	0.25265338520109654
16600000	0.2558799993634224
16640000	0.26723377097696066
16680000	0.2548188349664211
16720000	0.26895259184539316
16760000	0.2689322751104832
16800000	0.2705530160069466
16840000	0.2711012663692236
16880000	0.2707164972782135
16920000	0.2828435012817383
16960000	0.2874817471116781
17000000	0.27245388282090427
17040000	0.2649745647192001
17080000	0.26059762908518314
17120000	0.2600831277102232
17160000	0.25871461900770665
17200000	0.2532545476257801
17240000	0.2573069572031498
17280000	0.25161545980870725
17320000	0.25250515826046466
17360000	0.25010257085561755
17400000	0.2517787291288376
17440000	0.2475272261798382
17480000	0.25278597184717655
17520000	0.2588178072243929
17560000	0.25367911804318427
17600000	0.25555661455392836
17640000	0.26199298532307147
17680000	0.26156747220009563
17720000	0.2617545262828469
17760000	0.2610270570218563
17800000	0.2546405737817287
17840000	0.26040737378895285
17880000	0.2712620515614748
17920000	0.2706480784475803
17960000	0.2710307782173157
18000000	0.2840134060412645
18040000	0.27995906693935396
18080000	0.2878223036766052
18120000	0.2867796060711145
18160000	0.29583327310085294
18200000	0.3012917457073927
18240000	0.2839756541967392
18280000	0.2920139748156071
18320000	0.2823482761144638
18360000	0.29219691551923754
18400000	0.29222351986467837
18440000	0.2831209870010614
18480000	0.28725034367740154
18520000	0.2933768192231655
18560000	0.2959149023503065
18600000	0.2831411743283272
18640000	0.28205883105695245
18680000	0.28929298298060896
18720000	0.28760594672858714
18760000	0.2819501801073551
18800000	0.27799568067789077
18840000	0.2873806503683329
18880000	0.2853686453074217
18920000	0.27569298493862154
18960000	0.2858167879283428
19000000	0.29365295780450107
19040000	0.2927963423669338
19080000	0.2918029493167996
19120000	0.2980843886643648
19160000	0.2959194363415241
19200000	0.2933482566088438
19240000	0.29238001396059987
19280000	0.2934982486307621
19320000	0.3003196371912956
19360000	0.3036249047756195
19400000	0.30026230046600105
19440000	0.2997479088574648
19480000	0.3003064507305622
19520000	0.3123943057000637
19560000	0.30289298100471496
19600000	0.30660925201177597
19640000	0.3097762302041054
19680000	0.30894091271162033
19720000	0.30443937253952025
19760000	0.3018992327809334
19800000	0.30022849107682703
19840000	0.3109571365684271
19880000	0.30520439715087416
19920000	0.3165747896581888
19960000	0.316759925070405
20000000	0.3122357580304146
20040000	0.30830192985832694
20080000	0.3175275614619255
20120000	0.3289820320725441
20160000	0.3295439101368189
20200000	0.3182084471166134
20240000	0.31822966361790894
20280000	0.3179443805813789
20320000	0.30896682782173157
20360000	0.31272579215765
20400000	0.3098014908999205
20440000	0.3135990001171827
20480000	0.3140998211145401
20520000	0.31035052261054513
20560000	0.3146288960158825
20600000	0.30658791822195053
20640000	0.31184415869414805
20680000	0.31166193406581877
20720000	0.3106193208128214
20760000	0.3115755202382803
20800000	0.3135252592355013
20840000	0.3174163053750992
20880000	0.3088198718518019
20920000	0.31958432818949223
20960000	0.32180418796539306
21000000	0.31020180332660674
21040000	0.319671704223752
21080000	0.33038521018326283
21120000	0.32794192265272143
21160000	0.31556210596263407
21200000	0.3059252014309168
21240000	0.31409538311064245
21280000	0.3266344779610634
21320000	0.3185329027980566
21360000	0.3350470626354218
21400000	0.3217005511671305
21440000	0.3275698259532452
21480000	0.32156565531790254
21520000	0.3170682093977928
21560000	0.31612954673171045
21600000	0.32338071541786195
21640000	0.31585093480050563
21680000	0.31724863297641276
21720000	0.31562789316773415
21760000	0.3254367850124836
21800000	0.3142464788764715
21840000	0.311992988166213
21880000	0.3176029885798693
21920000	0.3229901102185249
21960000	0.31239170605540273
22000000	0.3070426108390093
22040000	0.3142568189382553
22080000	0.31134804554879664
22120000	0.3102284164518118
22160000	0.316942985150218
22200000	0.32125246060937646
22240000	0.3239569357305765
22280000	0.31428407646417617
22320000	0.3172554872319102
22360000	0.3135562468200922
22400000	0.31078854813575746
22440000	0.31431326915919783
22480000	0.3072564723789692
22520000	0.3161864156395197
22560000	0.31064063260257246
22600000	0.2993506093412638
22640000	0.3018198902636766
22680000	0.3016484924972057
22720000	0.29730275726914407
22760000	0.29694030034542085
22800000	0.30344537997543813
22840000	0.31079207240343093
22880000	0.315511066749692
22920000	0.3070546284288168
22960000	0.30054883860349657
23000000	0.31489154796004293
23040000	0.30988918020427225
23080000	0.3139523615807295
23120000	0.31426454717218877
23160000	0.31951300442218783
23200000	0.31793684145212175
23240000	0.3330422108650207
23280000	0.3177377413779497
23320000	0.32468211050629614
23360000	0.33808609698861836
23400000	0.3394424292713404
23440000	0.3287354416191578
23480000	0.33133155774772166
23520000	0.3398735137283802
23560000	0.31950223706662656
23600000	0.33111406765580176
23640000	0.3518001711934805
23680000	0.3422676436275244
23720000	0.33026906956136226
23760000	0.33677577513456347
23800000	0.34123613101840017
23840000	0.35205429123342036
23880000	0.34512589579820635
23920000	0.353499640917778
23960000	0.359993779155612
24000000	0.35057708293497564
24040000	0.3435375167071819
24080000	0.35671602384746076
24120000	0.36148566602766513
24160000	0.3455220543026924
24200000	0.33736143536567686
24240000	0.35290283632874486
24280000	0.35006498984396456
24320000	0.35545526042580605
24360000	0.3584139611601829
24400000	0.3521980990827084
24440000	0.3648849865883589
24480000	0.3708960148483515
24520000	0.3550553321301937
24560000	0.3686163536787033
24600000	0.3704356713026762
24640000	0.3738572159051895
24680000	0.3695331025362015
24720000	0.36784331324398517
24760000	0.36223816814720633
24800000	0.3675095248043537
24840000	0.3605799187600613
24880000	0.3689138259470463
24920000	0.3826750887960196
24960000	0.3890068091332912
25000000	0.37645921238958835
25040000	0.3695098068147898
25080000	0.3758804407656193
25120000	0.39058249452710153
25160000	0.38375331466794016
25200000	0.40308679617345333
25240000	0.39263610815405847
25280000	0.4027926977992058
25320000	0.39244605515897274
25360000	0.38289901531636716
25400000	0.3935784904718399
25440000	0.4075948700129986
25480000	0.39266704708337785
25520000	0.4132440103024244
25560000	0.42280114982426165
25600000	0.42860322252213956
25640000	0.41965417464971544
25680000	0.4161239609956741
25720000	0.4216105541318655
25760000	0.4270654837489128
25800000	0.4292676416248083
25840000	0.436123246717453
25880000	0.4391433794617653
25920000	0.43314344152510165
25960000	0.4223524828583002
26000000	0.43102100944519045
26040000	0.45421910552084444
26080000	0.457970442917943
26120000	0.44620038641393184
26160000	0.4523212516725063
26200000	0.43908050173819063
26240000	0.43917688355743884
26280000	0.43857023825645447
26320000	0.45760104908645155
26360000	0.45872922798991206
26400000	0.4624865352421999
26440000	0.4328062728792429
26480000	0.4351885071307421
26520000	0.4633450987696648
26560000	0.45918550310134887
26600000	0.46966109243631365
26640000	0.47072969927787783
26680000	0.4619497536212206
26720000	0.458172025680542
26760000	0.46470713896751403
26800000	0.46802982357144357
26840000	0.4714884683817625
26880000	0.4742467365860939
26920000	0.45902564927339556
26960000	0.47399343604147437
27000000	0.4670960035800934
27040000	0.48034845939576626
27080000	0.47773299656808377
27120000	0.4896050493955612
27160000	0.48294809633791447
27200000	0.47609328315258026
27240000	0.47562928636372087
27280000	0.47693311358094215
27320000	0.4742438787460327
27360000	0.4840429308474064
27400000	0.47477835147678854
27440000	0.48156526556909085
27480000	0.4830263499319553
27520000	0.4903110838830471
27560000	0.4880366362929344
27600000	0.49157860012054444
27640000	0.5067251076817513
27680000	0.5130931914031506
27720000	0.5199691800773144
27760000	0.5629652101397514
27800000	0.5728294417083264
27840000	0.5611548863351346
27880000	0.5406392088085413
27920000	0.5568399385392666
27960000	0.5588187991976737
28000000	0.5883892984330654
28040000	0.5621348692953586
28080000	0.5660781809210778
28120000	0.5674202340960502
28160000	0.5747910985410214
28200000	0.5518862068116664
28240000	0.5602646016597748
28280000	0.5596755471348762
28320000	0.570227767688036
28360000	0.556266937327385
28400000	0.5412916201889515
28440000	0.5578894349277019
28480000	0.5450436268568039
28520000	0.5481174471735955
28560000	0.5593284065157175
28600000	0.5722402113765478
28640000	0.5767294213712215
28680000	0.5548350998222827
28720000	0.5651086043477058
28760000	0.6032848795324564
28800000	0.5952596637606621
28840000	0.6092433176845312
28880000	0.5649441925644875
28920000	0.5971669343829155
28960000	0.6070900810301304
29000000	0.595690681874752
29040000	0.5992939799010754
29080000	0.5837998374462128
29120000	0.5735785282194614
29160000	0.5620446965098381
29200000	0.5677849535048008
29240000	0.5970388315618038
29280000	0.581834401679039
29320000	0.5844900669574737
29360000	0.6057462645828724
29400000	0.6056443173646927
29440000	0.6291473734557629
29480000	0.6236218949496746
29520000	0.6301279413938522
29560000	0.6324526383876801
29600000	0.6334582800924778
29640000	0.6474753340065479
29680000	0.646323220461607
29720000	0.6528863659322262
29760000	0.6495548467457295
29800000	0.6338760027289391
29840000	0.6529229906201363
29880000	0.6566240826785564
29920000	0.6288811799168587
29960000	0.640272433167696
30000000	0.6415967703282833
30040000	0.6433667302548886
30080000	0.6362373498439788
30120000	0.6489978140473366
30160000	0.6517061413586139
30200000	0.6609329828083516
30240000	0.6671142486453057
30280000	0.6502561315894126
30320000	0.6359340800762177
30360000	0.6409573631942272
30400000	0.6559996120929718
30440000	0.6612715056151152
30480000	0.6503462871015072
30520000	0.6570671825945378
30560000	0.6466460408329964
30600000	0.6361050894141197
30640000	0.6354131491959095
30680000	0.6536667050242424
30720000	0.6580871284127235
30760000	0.6751946104288101
30800000	0.6561752317011357
30840000	0.6819401773929596
30880000	0.6730772051990033
30920000	0.6854060788094998
30960000	0.6787899157941342
31000000	0.7092893982172013
31040000	0.6980942369043827
31080000	0.7152629733681679
31120000	0.7155192743659019
31160000	0.7425747098505497
31200000	0.7241378965437413
31240000	0.6945887244999409
31280000	0.7171365263223648
31320000	0.717672781008482
31360000	0.726949611979723
31400000	0.7275628168165684
31440000	0.7312780982613564
31480000	0.726334945166111
31520000	0.7415330683529378
31560000	0.7357919102668762
31600000	0.7600702803313732
31640000	0.7552956992864609
31680000	0.7883669937133789
31720000	0.78905421230793
31760000	0.7883543998062611
31800000	0.7857663318991661
31840000	0.7841933001458645
31880000	0.7761482625365257
31920000	0.838447501963377
31960000	0.8341100924253464
32000000	0.8729038429021835
32040000	0.8432782548964024
32080000	0.8364749577701092
32120000	0.8325166342020035
32160000	0.8546501744449139
32200000	0.8554689449191093
32240000	0.8798546885430812
32280000	0.8940653774678707
32320000	0.8928008589744568
32360000	0.8734404247224331
32400000	0.9010647916853428
32440000	0.9293460475206375
32480000	0.9603806219995021
32520000	1.0045160219013691
32560000	0.98543672311306
32600000	1.0049644827008248
32640000	0.9772117119789123
32680000	0.9704461961925029
32720000	0.9791207548677922
32760000	0.9699886504232883
32800000	0.9702910538256169
32840000	0.9609812686383724
32880000	0.9605319860339164
32920000	0.9912805491566657
32960000	0.9945018715262413
33000000	1.0492401410460472
33040000	1.0455102015852928
33080000	1.0297094545543193
33120000	1.0445327166974545
33160000	1.015773658299446
33200000	1.0278889287412167
33240000	1.0358079775571822
33280000	1.0813303815901278
33320000	1.122220110309124
33360000	1.1469396342873572
33400000	1.1277202741980552
33440000	1.128813972556591
33480000	1.1274658798098565
33520000	1.1939352077960967
33560000	1.2078610182166098
33600000	1.236674732339382
33640000	1.2496524980306625
33680000	1.2701819639205933
33720000	1.276881224167347
33760000	1.270871769797802
33800000	1.2458338031768799
33840000	1.2954148356795312
33880000	1.2820836226701737
33920000	1.304669715178013
33960000	1.2800980837583542
34000000	1.3189856649219989
34040000	1.3404582905769349
34080000	1.3604970133066177
34120000	1.3902098565220833
34160000	1.3960455634713174
34200000	1.4198179271101952
34240000	1.426138361954689
34280000	1.4330235969901084
34320000	1.449662018752098
34360000	1.4330952191472053
34400000	1.4959855985760688
34440000	1.522740677177906
34480000	1.5480497651100158
34520000	1.5550003502488137
34560000	1.6210995829224586
34600000	1.6255735061407088
34640000	1.5779933893799782
34680000	1.6148869290471077
34720000	1.6797057453870774
34760000	1.5996555117368698
34800000	1.6967575283288956
34840000	1.6811091972708703
34880000	1.6677854187369348
34920000	1.6198928096175194
34960000	1.6776873899638653
35000000	1.7234391350269318
35040000	1.7280686706781387
35080000	1.7275152616500855
35120000	1.7168018598079682
35160000	1.7696366949915885
35200000	1.7934301619648934
35240000	1.7922854571700095
35280000	1.7900935817241668
35320000	1.7647827165961265
35360000	1.9287085444569587
35400000	1.8640058957695962
35440000	1.979777383697033
35480000	1.9502044963479042
35520000	1.9246465925574303
35560000	1.9643393284916877
35600000	2.0518090454936027
35640000	2.0655120691776276
35680000	2.1291862091064453
35720000	2.167646190035343
35760000	2.2834634412527084
35800000	2.2540336301207544
35840000	2.446968362736702
35880000	2.3204098368763924
35920000	2.3808132036447525
35960000	2.5142006457805635
36000000	2.5489016901254655
36040000	2.4316538474440574
36080000	2.565762425434589
36120000	2.535458289003372
36160000	2.59494029071331
36200000	2.67528999671936
36240000	2.6941041996479034
36280000	2.814021380329132
36320000	2.7670204856157303
36360000	2.678841130876541
36400000	2.815459351682663
36440000	2.9256788035869596
36480000	2.958951918387413
36520000	3.025207069993019
36560000	3.033097920203209
36600000	2.9643520718097687
36640000	3.1928315780639647
36680000	3.154714342880249
36720000	3.190390695524216
36760000	3.2291374748706816
36800000	3.3504129501342774
36840000	3.233169667029381
36880000	3.3354119444608687
36920000	3.4984397516965866
36960000	3.479030906152725
37000000	3.6914385572195054
37040000	3.783635327219963
37080000	4.110882197809219
37120000	4.034254884672165
37160000	4.027340382099152
37200000	4.311590117716789
37240000	4.386319646143913
37280000	4.7166694826602935
37320000	4.428123964548111
37360000	4.779211430764199
37400000	4.633895281887054
37440000	4.57369199912548
37480000	4.497327537727356
37520000	4.6909669798851015
37560000	4.730400890660286
37600000	5.093919228482246
37640000	5.070945660328865
37680000	5.223721667194367
37720000	6.4944984848022465
37760000	5.92101853954792
37800000	5.634573001289367
37840000	6.009669886445999
37880000	6.571711653518677
37920000	7.216533491301536
37960000	6.051352211356163
38000000	7.334854260492325
38040000	8.095389482831955
38080000	6.874319671225548
38120000	8.681591450881958
38160000	9.565710056972504
38200000	10.431276811599732
38240000	7.967917410945892
38280000	8.580160268187523
38320000	10.746076585817336
38360000	9.073379052686692
38400000	9.369070926976203
38440000	10.255715899896622
38480000	11.819309308052063
38520000	12.431926888799667
38560000	11.444659730291367
38600000	11.274681209921837
38640000	11.26927401623726
38680000	14.376554136657715
38720000	13.70839486131668
38760000	12.442188997936249
38800000	15.178312920999527
38840000	16.410862618875502
38880000	14.025119792509079
38920000	16.334644377422332
38960000	17.35758648610115
39000000	14.380632940006256
39040000	18.749563457012176
39080000	18.226004013061523
39120000	23.758161599588394
39160000	22.960807549333573
39200000	22.97243687944412
39240000	24.176262457752227
39280000	34.2816618118763
39320000	35.149523035383226
39360000	47.57165800199509
39400000	37.06206952037811
39440000	42.47528301420212
39480000	56.77949654932022
39520000	47.624626770401
39560000	64.62214466438293
39600000	42.84446877532005
39640000	51.627265131092074
39680000	43.43147403812409
39720000	60.57910673327446
39760000	54.56765506234169
39800000	60.75651504201889
39840000	89.0216213227272
39880000	63.96454855074882
39920000	66.68254260778427
39960000	77.58432368202209
40000000	83.67862119026184
40040000	107.58000230674743
40080000	76.45441108608246
40120000	176.64509091501236
40160000	85.8855611661911
40200000	128.51895171175002
40240000	141.8973379992485
40280000	147.52050696048735
40320000	150.04593923044206
40360000	167.29504853696824
40400000	201.61253506450652
40440000	158.4816913816452
40480000	264.0163145968437
40520000	336.9754020282745
40560000	317.2056577913284
40600000	343.40612060098647
40640000	335.33490089530943
40680000	410.3230378273964
40720000	428.4589037563324
40760000	516.5243813700675
40800000	553.5009221364975
40840000	561.4177095638275
40880000	582.047285310936
40920000	634.9636991984368
40960000	815.7421439716339
41000000	814.1606684253693
41040000	683.9572984704971
41080000	1178.756047210121
41120000	701.9908140349388
41160000	1122.126909013176
41200000	1878.2981866556167
41240000	1419.9415750743865
41280000	1463.2891468381881
41320000	1130.595172719574
41360000	1935.0961276260375
41400000	1263.1196655893325
41440000	212.51042581043242
41480000	159.60265224847794
41520000	188.2551282661438
41560000	174.02855652599334
41600000	173.52436898727416
41640000	195.2180054363251
41680000	157.00035552597046
41720000	167.09770417976378
41760000	168.15426644515992
41800000	180.46203812408447
41840000	195.77714697723388
41880000	202.2022433391571
41920000	217.69613365974428
41960000	206.91381470069885
42000000	243.49065773086548
42040000	278.28986962966917
42080000	248.88922360725402
42120000	253.64488916511536
42160000	277.2699006801605
42200000	301.54758259658814
42240000	283.73180881156924
42280000	279.29247897949216
42320000	325.4567438686371
42360000	335.54802125930786
42400000	303.9189433254242
42440000	342.98584041175843
42480000	320.250802104187
42520000	411.106920401001
42560000	437.95698850402835
42600000	434.22370397109984
42640000	440.6308384399414
42680000	514.9929185531616
42720000	512.9084318939209
42760000	536.5545398509979
42800000	517.4534210449219
42840000	540.545679347229
42880000	620.4489811676025
42920000	589.4066836654663
42960000	658.7254643859864
43000000	639.7057970291138
43040000	738.3307658622741
43080000	804.3629677650451
43120000	766.8694665428162
43160000	819.6439265167236
43200000	877.2209814239502
43240000	988.8980275878906
43280000	1040.2618008331299
43320000	1043.7066879699707
43360000	1144.9601749710082
43400000	1289.3168959243774
43440000	1275.4403829650878
43480000	1288.3867809234619
43520000	1409.7369746902466
43560000	1411.0481634094238
43600000	1496.0009658798217
43640000	1671.7331693206786
43680000	1725.3722179878234
43720000	2101.6424762405395
43760000	2390.3493848220824
43800000	3097.8065023513795
43840000	2903.368738743591
43880000	3402.086059628296
43920000	3882.3890153427124
43960000	3998.4084641784666
44000000	4379.490874606323
44040000	4239.924631504822
44080000	5496.513846418762
44120000	6583.856609680176
44160000	6619.391316757202
44200000	7444.753238671875
44240000	7592.207372207642
44280000	10088.527040756226
44320000	12522.317645281983
44360000	14184.713842282104
44400000	13882.158104229737
44440000	16483.29169315796
44480000	15942.5836684906
44520000	21097.77460008545
44560000	24127.5249185791
44600000	24084.06342071533
44640000	28096.099499887085
44680000	32225.175033496093
44720000	32297.65492720337
44760000	32489.283734991455
44800000	43519.66286210938
44840000	43570.8406569458
44880000	58454.943284588626
44920000	64305.012278039554
44960000	85517.80727403564
45000000	81287.62129534912
45040000	109889.09366380615
45080000	146121.18865628663
45120000	139382.96170437013
45160000	170172.2534388672
45200000	226475.64941677247
45240000	226949.80677507323
45280000	334951.72936088865
45320000	360897.5896479004
45360000	417385.39791323245
45400000	610612.2468458985
45440000	589396.6467803711
45480000	823796.376230957
45520000	1013661.6969618164
45560000	1433835.4699830567
45600000	1646135.8177882812
45640000	1939539.5997058593
45680000	2295068.585987109
45720000	3012900.453305078
45760000	4580895.155167188
45800000	6770184.337892969
45840000	6948744.347986328
45880000	7231667.434730468
45920000	10373639.280750781
45960000	13923961.97384297
46000000	18629081.523428123
46040000	23846236.26453125
46080000	31656397.37876875
46120000	37243355.61741562
46160000	50315792.151965626
46200000	61620569.88235313
46240000	66892821.0336625
46280000	104328954.24675
46320000	119855420.017975
46360000	155015825.7448
46400000	191654763.3179
46440000	110041135.9026
46480000	125116742.7121
46520000	143198883.8325
46560000	194934978.8469
46600000	281381656.1358
46640000	354755373.7813
46680000	434119569.6563
46720000	540788841.8436
46760000	707320751.0982
46800000	997014344.142
46840000	1335510176.9122
46880000	1562896442.1072
46920000	2191890920.892
46960000	2486585783.8136
47000000	3343293457.818
47040000	4197784094.3056
47080000	5250242374.1312
47120000	6975780888.2944
47160000	8959988835.5632
47200000	3108505408.2848
47240000	4697555100.4128
47280000	2632771139.8528
47320000	2956660671.0512
47360000	3466583305.4432
47400000	4341859487.6672
47440000	4621754147.248
47480000	5689733174.0096
47520000	6559767692.208
47560000	9878488019.5008
47600000	10427258030.0544
47640000	13059161287.9616
47680000	16240127997.3888
47720000	20306640584.5248
47760000	23094600732.8896
47800000	26975712356.4544
47840000	31086867019.5712
47880000	37111267374.208
47920000	44420631150.9504
47960000	45356682129.792
48000000	50730859052.1344
48040000	65312700581.3248
48080000	65120315731.2
48120000	79612072868.9664
48160000	95706830986.496
48200000	104393988531.2512
48240000	90934057576.7552
48280000	101824650187.52
48320000	109634682203.0336
48360000	137165267815.0144
48400000	156651495558.0416
48440000	183740258369.4336
48480000	76346952301.056
48520000	79002204205.3632
48560000	53477020260.2496
48600000	35094906943.2832
48640000	37641717810.2528
48680000	43051334242.5088
48720000	41247585136.6912
48760000	33404611017.6256
48800000	34643096707.0208
48840000	37198561433.344
48880000	37089163433.728
48920000	39575873864.0896
48960000	42705879433.472
49000000	46568163376.0256
49040000	53068529129.472
49080000	54537043820.8512
49120000	72484946236.2112
49160000	69128986105.6512
49200000	75705865592.5248
49240000	76646394107.8016
49280000	79248269897.728
49320000	90364864693.0432
49360000	149688413369.5488
49400000	134041305653.8624
49440000	129436074554.7776
49480000	154324587186.5856
49520000	146195179193.344
49560000	158296693459.3536
49600000	164398061452.9024
49640000	266143342018.1504
49680000	227249544477.4912
49720000	233795756727.5008
49760000	243831657210.6752
49800000	324495430264.0128
49840000	329033948742.4512
49880000	362447158622.6176
49920000	377574032712.9088
49960000	587591960557.9775
50000000	599259038613.504
50040000	690108597315.1744
50080000	2526753428615.9873
50120000	1464190997893.9392
50160000	1271721154746.7776
50200000	1350436104198.5537
50240000	1738206633240.1665
50280000	2284616344204.083
50320000	2988332641945.1904
50360000	3338927434881.4336
50400000	3586403212974.4897
50440000	1411725569517.1584
50480000	1423032587152.5889
50520000	1495013144775.8848
50560000	1590287494683.0337
50600000	1814992825935.4624
50640000	2042374331921.2031
50680000	1992244549202.7393
50720000	2202846370473.574
50760000	2707908257808.384
50800000	2875721828781.2607
50840000	1966326278442.1887
50880000	1205887586381.005
50920000	1237574644154.368
50960000	1387886956601.344
51000000	1519933525152.5632
51040000	1479711293102.4895
51080000	1457669917039.0017
51120000	1495107247690.547
51160000	1583736896572.6208
51200000	1529842042857.0625
51240000	1672312283778.2527
51280000	1769925693192.6016
51320000	1865832868754.2273
51360000	1962351882670.8992
51400000	2120678321265.0496
51440000	2067450447167.488
51480000	2258779470675.968
51520000	2432974931388.0063
51560000	2567435044126.72
51600000	2544073061495.603
51640000	3219838305933.7217
51680000	3137248715997.184
51720000	3319163767593.3696
51760000	3307368934827.6226
51800000	3375247505290.035
51840000	3389253575403.1104
51880000	3469174850505.9326
51920000	3750625974779.904
51960000	3667678069725.5938
52000000	4010224243225.395
52040000	2891369516924.928
52080000	1068494635198.0544
52120000	1044869118305.8944
52160000	1174939921530.88
52200000	1124208330366.976
52240000	1087282394054.656
52280000	1223911330162.2783
52320000	1182978651814.2976
52360000	1285211198911.2832
52400000	1172997568674.2017
52440000	1135900471382.8352
52480000	1108116439439.7695
52520000	1149097784283.955
52560000	1055807031997.2352
52600000	1071853950844.928
52640000	1140884687283.8145
52680000	1218004504526.848
52720000	1056953169921.6384
52760000	1122843292948.8896
52800000	1092773365945.1392
52840000	1141547793098.3423
52880000	1141438642338.2017
52920000	1107211873746.944
52960000	558338951474.3809
53000000	569408318029.824
53040000	516399791485.7472
53080000	512044552634.368
53120000	898494408284.5696
53160000	1058213530392.9856
53200000	1042765536221.5936
53240000	913746356133.888
53280000	901881997344.768
53320000	915945345210.7776
53360000	901870155816.96
53400000	888484518225.5104
53440000	820844965840.4865
53480000	881798362826.3424
53520000	916921612402.688
53560000	957887117751.0912
53600000	945791947554.816
53640000	1038623369586.2784
53680000	1110169802165.453
53720000	1096015721221.3248
53760000	1179634568665.4976
53800000	1191015869605.4785
53840000	1417905967929.7537
53880000	1505905278451.712
53920000	1544308991888.5889
53960000	1531012618430.0544
54000000	1476104289684.6848
54040000	1726929408622.592
54080000	3361652345667.584
54120000	3606055962309.4272
54160000	3367990277124.915
54200000	3359771859215.9746
54240000	4628748931019.571
54280000	4565045410988.032
54320000	4377689174094.643
54360000	4185574618346.291
54400000	4077828010711.4497
54440000	4055012586363.2896
54480000	4071750364643.328
54520000	3914221903472.2305
54560000	3976216148207.2065
54600000	3793668335304.704
54640000	3569744125637.4272
54680000	3940872381992.1406
54720000	4512147530376.807
54760000	4589127188768.358
54800000	4281878665481.421
54840000	4308357284410.163
54880000	4427206634366.566
54920000	4848078718192.845
54960000	4542572920281.498
55000000	4588991931613.184
55040000	4592120800464.077
55080000	5036990846874.419
55120000	5638247400249.754
55160000	5530461403198.259
55200000	5941807787527.373
55240000	6263717095027.507
55280000	6696412892076.441
55320000	6828168385475.379
55360000	7325208302072.627
55400000	7572234101037.466
55440000	8277814065260.135
55480000	9039607739344.486
55520000	9562990187800.166
55560000	11168635977675.57
55600000	13048571421183.182
55640000	12957657749336.883
55680000	13521790870487.04
55720000	15028304475167.129
55760000	14851285167767.553
55800000	16162802572119.244
55840000	16385231528053.965
55880000	16990046689427.455
55920000	18860748024735.336
55960000	19556964948928.1
56000000	20407479691378.688
56040000	21423186913053.902
56080000	23600586742457.957
56120000	37048152898351.92
56160000	34336266221256.703
56200000	33301033899314.38
56240000	32141490122181.836
56280000	36746973360527.77
56320000	36443986815719.836
56360000	37235342431590.81
56400000	37819605409228.39
56440000	39186404499521.54
56480000	38598588295964.266
56520000	40721295319289.04
56560000	40998304842199.86
56600000	46512034479813.43
56640000	47836911063321.805
56680000	50235889038550.63
56720000	49540840547260.83
56760000	52120692563587.89
56800000	50695400464685.47
56840000	55500627718334.055
56880000	60320757855761.2
56920000	64554074387985.2
56960000	63328960430945.08
57000000	64889789206652.516
57040000	65153366368347.75
57080000	69939914169489.82
57120000	73230320366990.12
57160000	80096766946233.55
57200000	80293317423661.06
57240000	88412236466356.22
57280000	99206479680110.6
57320000	109725505594956.19
57360000	110006684702107.23
57400000	113779671443492.05
57440000	123087251991586.4
57480000	131464042031821.62
57520000	139791912314863.61
57560000	155161851074707.47
57600000	179582907605372.1
57640000	196964967140399.5
57680000	205823276403916.8
57720000	200800450474567.28
57760000	219815240840249.34
57800000	234148229206664.8
57840000	249969764764903.0
57880000	266054619833040.9
57920000	288414034023363.4
57960000	304804570144859.75
58000000	327845983237334.6
58040000	369555984502226.94
58080000	348026869316478.56
58120000	383179071461051.6
58160000	403402289556173.6
58200000	466768645399878.06
58240000	483028338366794.94
58280000	506083820757109.94
58320000	567918950542527.8
58360000	583902896837152.0
58400000	636049401348882.4
58440000	673097893479343.8
58480000	706304569146291.0
58520000	705255325290620.5
58560000	839380690179981.2
58600000	869896141307222.4
58640000	879790171373541.8
58680000	905617240436716.4
58720000	921845067210031.1
58760000	955356475214004.2
58800000	959919030651165.1
58840000	986706355671164.5
58880000	1003244173458931.8
58920000	1078497642432744.6
58960000	1115539071509620.4
59000000	1169725941639807.0
59040000	1177310802056367.2
59080000	1183835257565924.5
59120000	1232950757568177.8
59160000	1219052467132563.5
59200000	1252903787532229.0
59240000	1287429533503114.5
59280000	1355317035026664.8
59320000	1459086147116964.2
59360000	1532431841018406.5
59400000	1611898945473924.2
59440000	1649079169410347.8
59480000	1695594533124833.2
59520000	1783856479028956.2
59560000	2090690857378460.5
59600000	2036685065324331.0
59640000	2024460279824043.2
59680000	2167544866170260.8
59720000	2460009832987702.0
59760000	2604382210651010.0
59800000	2704614286330901.5
59840000	2841137240954057.5
59880000	3103948817854313.5
59920000	3167178332768829.5
59960000	3202443899318567.0
60000000	3384138455633939.5
60040000	3609186672230950.5
60080000	5037574573597183.0
60120000	5951296505081391.0
60160000	6307864216018826.0
60200000	7260729668897918.0
60240000	7399330950444535.0
60280000	5232895502029370.0
60320000	4841848612850971.0
60360000	4905339429143236.0
60400000	4891515450748515.0
60440000	5021235363663630.0
60480000	5194974079883202.0
60520000	5699382327315844.0
60560000	5954267290406381.0
60600000	5739471473062864.0
60640000	5783744118638458.0
60680000	5803247783260245.0
60720000	1.0515735580734232e+16
60760000	2.1841224421729948e+16
60800000	2.0112330388220884e+16
60840000	1.8692100034875148e+16
60880000	1.8015723047223924e+16
60920000	2.295525942030804e+16
60960000	2.90052225560549e+16
61000000	2.7504532558953684e+16
61040000	2.5793960185511804e+16
61080000	2.622150322862917e+16
61120000	2.4793689040377556e+16
61160000	2.3375469514886796e+16
61200000	2.418002377736601e+16
61240000	2.47883532400486e+16
61280000	2.526246252128481e+16
61320000	2.3982806915124876e+16
61360000	2.5133920861592484e+16
61400000	2.618741340289064e+16
61440000	2.646114321436896e+16
61480000	2.8173819286468428e+16
61520000	2.9216214407166348e+16
61560000	2.985723136608253e+16
61600000	2.918835371688864e+16
61640000	3.262956104102466e+16
61680000	3.1847561801608936e+16
61720000	3.2784796318189172e+16
61760000	3.3454762184374276e+16
61800000	3.600952078569172e+16
61840000	3.639884485066427e+16
61880000	3.7475057790164664e+16
61920000	3.7408067298469816e+16
61960000	4.040694285654714e+16
62000000	4.084835406079045e+16
62040000	4.175126354437855e+16
62080000	4.166337148900365e+16
62120000	4.659795378080244e+16
62160000	4.398505403319918e+16
62200000	4.479483425774853e+16
62240000	4.77155071913699e+16
62280000	4.7903268631086104e+16
62320000	5.327970520395384e+16
62360000	5.493484763904024e+16
62400000	5.732781362305512e+16
62440000	5.669434056690851e+16
62480000	6.105931018302506e+16
62520000	6.214716274658855e+16
62560000	6.4599423803336744e+16
62600000	6.7559727885022184e+16
62640000	6.792066152065191e+16
62680000	7.086043291825859e+16
62720000	7.51297125118963e+16
62760000	7.9615493413347e+16
62800000	8.095073180710485e+16
62840000	8.331531615459502e+16
62880000	8.465319082526371e+16
62920000	8.924446069968443e+16
62960000	8.851556158792365e+16
63000000	8.978857156955058e+16
63040000	9.252446636846277e+16
63080000	9.388922220778598e+16
63120000	9.762497297720814e+16
63160000	9.984640230093541e+16
63200000	1.0106766955118928e+17
63240000	1.1254086006416669e+17
63280000	1.3182017105221323e+17
63320000	1.3445402681117277e+17
63360000	1.3303138962990715e+17
63400000	1.4354049705666632e+17
63440000	2.4961482425397264e+17
63480000	2.471585208390742e+17
63520000	2.4315988334836637e+17
63560000	2.3477043470730243e+17
63600000	2.4805664072062582e+17
63640000	2.2821264247111443e+17
63680000	2.223509100604575e+17
63720000	2.3792777574181357e+17
63760000	2.361997380643585e+17
63800000	2.4160160570670266e+17
63840000	2.3973474540266906e+17
63880000	2.4579917208268582e+17
63920000	2.336198292315977e+17
63960000	2.40766382135835e+17
64000000	2.548575572784738e+17
64040000	2.763846563151074e+17
64080000	2.9188337552006125e+17
64120000	2.947741538069632e+17
64160000	2.8733243355910867e+17
64200000	2.908874545250366e+17
64240000	3.052678081544217e+17
64280000	2.4285141005175526e+17
64320000	2.486895550083992e+17
64360000	2.329751854109023e+17
64400000	2.419437915137326e+17
64440000	2.4042270610443187e+17
64480000	2.5141812002514346e+17
64520000	2.54958605208552e+17
64560000	2.6403252884267965e+17
64600000	2.8098135289853075e+17
64640000	2.6472659827642755e+17
64680000	2.8748712000602474e+17
64720000	2.886041400924642e+17
64760000	2.992517790758682e+17
64800000	3.008232776606677e+17
64840000	3.062957311431834e+17
64880000	3.2924724481354125e+17
64920000	3.1587468649158496e+17
64960000	3.267335320658753e+17
65000000	3.2742541591188435e+17
65040000	3.542940318304146e+17
65080000	3.573664441459664e+17
65120000	3.535001492138515e+17
65160000	3.601595957225552e+17
65200000	3.604562808715371e+17
65240000	3.810031824980769e+17
65280000	3.594536471754888e+17
65320000	3.5925634951879245e+17
65360000	3.9207257931094426e+17
65400000	4.0163551676822336e+17
65440000	4.1715081241277056e+17
65480000	4.0978431761430336e+17
65520000	4.236074063439149e+17
65560000	4.4377731044288486e+17
65600000	4.353444424080446e+17
65640000	4.740844257575262e+17
65680000	4.589076396801182e+17
65720000	4.92216709350214e+17
65760000	5.06210681480634e+17
65800000	5.520732708529953e+17
65840000	5.5020801172909056e+17
65880000	5.586331664596517e+17
65920000	5.740152356915875e+17
65960000	6.690532983827493e+17
66000000	6.831489514844901e+17
66040000	6.91993440916308e+17
66080000	6.845301803783899e+17
66120000	6.768492811104284e+17
66160000	7.261743853173855e+17
66200000	6.875083990351697e+17
66240000	7.017553970949754e+17
66280000	6.862896195895316e+17
66320000	7.045157014514563e+17
66360000	7.16202413334816e+17
66400000	7.813535467189198e+17
66440000	8.015042825025428e+17
66480000	8.148191520031772e+17
66520000	8.031370631607674e+17
66560000	8.371650921111924e+17
66600000	8.047954288086071e+17
66640000	8.155410460398139e+17
66680000	8.173756810779535e+17
66720000	8.193104780244831e+17
66760000	8.079520402480042e+17
66800000	8.667123655286349e+17
66840000	8.858688924737335e+17
66880000	9.176901037959608e+17
66920000	9.369803400480109e+17
66960000	9.795317990352065e+17
67000000	9.604385478469791e+17
67040000	9.557186774675727e+17
67080000	9.822021588548713e+17
67120000	1.0030973833633449e+18
67160000	1.0460976030392552e+18
67200000	1.0745498250614053e+18
67240000	1.077099038829342e+18
67280000	1.1209021237255104e+18
67320000	1.187693341678412e+18
67360000	1.2093278367128732e+18
67400000	1.290875357068596e+18
67440000	1.271390830561234e+18
67480000	1.3834264892470336e+18
67520000	1.314066259001707e+18
67560000	1.4735534927027973e+18
67600000	1.4512318147224443e+18
67640000	1.4736933577544458e+18
67680000	1.5103178353016404e+18
67720000	1.5415687271542477e+18
67760000	1.617959792502335e+18
67800000	1.696847918572654e+18
67840000	1.6978799051918948e+18
67880000	1.7190965681297155e+18
67920000	1.7659362492887498e+18
67960000	1.7966407584298565e+18
68000000	1.761502005576677e+18
68040000	1.8540996829410488e+18
68080000	1.8686542798154954e+18
68120000	1.915467971450535e+18
68160000	2.043811565739711e+18
68200000	2.053203708550822e+18
68240000	2.0423625712761577e+18
68280000	2.218571550462726e+18
68320000	2.1760276901333885e+18
68360000	2.2174708161780198e+18
68400000	2.2909901431539282e+18
68440000	2.41501176933011e+18
68480000	2.3618816344875935e+18
68520000	2.357796937671594e+18
68560000	2.425544633897738e+18
68600000	2.5713591125901174e+18
68640000	2.533631366133088e+18
68680000	2.608776566667817e+18
68720000	2.612495224466518e+18
68760000	2.276432161618478e+18
68800000	2.367141319491173e+18
68840000	2.412756561985579e+18
68880000	2.434028005204036e+18
68920000	2.5750979564052557e+18
68960000	2.4931205393279104e+18
69000000	2.5608095954241055e+18
69040000	2.700286494990115e+18
69080000	2.5308833845737917e+18
69120000	2.6926258720995487e+18
69160000	2.556433138119307e+18
69200000	2.669561680243501e+18
69240000	2.6792044699517906e+18
69280000	2.912798361474308e+18
69320000	2.7140257807310223e+18
69360000	2.900173475380836e+18
69400000	2.932731969205512e+18
69440000	2.8724625396674437e+18
69480000	3.1406306563489454e+18
69520000	3.022574192822336e+18
69560000	3.181329834539971e+18
69600000	3.2665346685526794e+18
69640000	3.4778199089866327e+18
69680000	3.2434901051369784e+18
69720000	3.406633682785928e+18
69760000	3.5666699378735247e+18
69800000	3.52267223675636e+18
69840000	3.944480812622348e+18
69880000	3.6413535368668355e+18
69920000	3.697203868843461e+18
69960000	4.032304292304852e+18
70000000	3.9326151056078234e+18
70040000	3.9926335595634555e+18
70080000	4.144589509903895e+18
70120000	4.0201219312741596e+18
70160000	4.1426737425109094e+18
70200000	4.114630497192623e+18
70240000	4.846545130988584e+18
70280000	5.226473569804846e+18
70320000	5.125299573338043e+18
70360000	5.176868256224345e+18
70400000	5.466688402426043e+18
70440000	5.495288640942325e+18
70480000	5.436136597881901e+18
70520000	5.620059320169527e+18
70560000	5.909411036573977e+18
70600000	6.092887028146231e+18
70640000	6.237817996098049e+18
70680000	6.156968545236313e+18
70720000	6.380881861481331e+18
70760000	6.386574870614486e+18
70800000	6.280194414715299e+18
70840000	6.936610908138757e+18
70880000	7.141441066384156e+18
70920000	7.147880018572205e+18
70960000	7.27958691725341e+18
71000000	7.124157078712917e+18
71040000	6.904214053690279e+18
71080000	7.883315219372304e+18
71120000	7.906236020034323e+18
71160000	8.215880201208246e+18
71200000	8.822979413673318e+18
71240000	8.044151091755452e+18
71280000	8.06135594894923e+18
71320000	9.32412036453484e+18
71360000	8.32452133962817e+18
71400000	8.84289625766613e+18
71440000	5.812687366097512e+18
71480000	6.428565381719778e+18
71520000	6.363816264657628e+18
71560000	6.245577671682187e+18
71600000	6.526071207347052e+18
71640000	6.43141826701003e+18
71680000	7.346363366851313e+18
71720000	7.448657243783626e+18
71760000	6.97159860010988e+18
71800000	8.041481982803781e+18
71840000	7.959175068545153e+18
71880000	7.447464906195912e+18
71920000	7.850617840275944e+18
71960000	8.513351019878334e+18
72000000	8.193823565640832e+18
72040000	8.542703258349829e+18
72080000	8.304199630852439e+18
72120000	1.0005990645256202e+19
72160000	8.340827103486488e+18
72200000	8.0438913959944e+18
72240000	9.446766575002098e+18
72280000	8.893513590562912e+18
72320000	9.507791617985368e+18
72360000	9.426678344283838e+18
72400000	8.974346162986577e+18
72440000	9.252828044787286e+18
72480000	8.948516872264261e+18
72520000	1.1916731120722848e+19
72560000	1.221763738993092e+19
72600000	1.2816739915638694e+19
72640000	1.2005706561733943e+19
72680000	1.3139546416919226e+19
72720000	1.4161022350356769e+19
72760000	1.3949289757742854e+19
72800000	1.3847593607567708e+19
72840000	1.4389907133928573e+19
72880000	1.4441297694474322e+19
72920000	1.3892098921063318e+19
72960000	1.4327204264341942e+19
