240000	0.024208252565725705
280000	0.03621702041644603
320000	0.039398148178961125
360000	0.03740054870918393
400000	0.03658906485904008
440000	0.03531373326461762
480000	0.03570670952331275
520000	0.036418535626493394
560000	0.03703013223595917
600000	0.0376315892919898
640000	0.038998626951500776
680000	0.04094965943880379
720000	0.042284182795509696
760000	0.043653257820382714
800000	0.04459815520942211
840000	0.04538063785471022
880000	0.04555768334120512
920000	0.04606139228120446
960000	0.047765270547196266
1000000	0.04926145549342036
1040000	0.05102932118624449
1080000	0.05235529224872589
1120000	0.05500233145952225
1160000	0.056194574447721246
1200000	0.05736969177648425
1240000	0.05744966360107064
1280000	0.056612239047139884
1320000	0.059254090709239246
1360000	0.05948890886381269
1400000	0.06057587930113077
1440000	0.061503786723688246
1480000	0.062272128968685864
1520000	0.06311216886937618
1560000	0.0650022716216743
1600000	0.06546341692395509
1640000	0.0646420534916222
1680000	0.06515064722150564
1720000	0.06709026470929384
1760000	0.06524642224386334
1800000	0.06677862166613341
1840000	0.06793286646977068
1880000	0.06861734446659684
1920000	0.07035008136555553
1960000	0.07101482049226761
2000000	0.07517194861546159
2040000	0.08087365588843823
2080000	0.08234647923633456
2120000	0.08063624086305499
2160000	0.08373411383777857
2200000	0.08335561732426286
2240000	0.08231704471558332
2280000	0.08098488671481609
2320000	0.08332543188184499
2360000	0.08377866510227322
2400000	0.08460600730031728
2440000	0.0872388287305832
2480000	0.08826610332429409
2520000	0.0912551600791514
2560000	0.09255799923092127
2600000	0.09188238385990262
2640000	0.09523085544109344
2680000	0.09333726533129812
2720000	0.0973626823887229
2760000	0.09838861813098192
2800000	0.1050340568214655
2840000	0.11017498120814562
2880000	0.11025950367674231
2920000	0.11518955344930291
2960000	0.11762754347398877
3000000	0.1190041790932417
3040000	0.12179096802324056
3080000	0.12226769948676229
3120000	0.12246170220971107
3160000	0.13238455875068902
3200000	0.13083150479122996
3240000	0.13586149101257325
3280000	0.14250284647941588
3320000	0.15410333690196276
3360000	0.15445420690625905
3400000	0.15748013638556005
3440000	0.15783709690123796
3480000	0.1547012129366398
3520000	0.16101277111172677
3560000	0.16269446400105952
3600000	0.16546713237464428
3640000	0.1676633194088936
3680000	0.16658797807842493
3720000	0.1667955559745431
3760000	0.16557513103187085
3800000	0.1720593772381544
3840000	0.1740002682298422
3880000	0.1674165074840188
3920000	0.1692556265771389
3960000	0.16475868041664363
4000000	0.1637508168414235
4040000	0.16244811544418336
4080000	0.16913806156367064
4120000	0.17156711368113756
4160000	0.17528699829131364
4200000	0.1722692054003477
4240000	0.17828714621663094
4280000	0.18201983370482921
4320000	0.1906519773811102
4360000	0.19314253877699375
4400000	0.20050508803129197
4440000	0.19983405444025992
4480000	0.19734310227930546
4520000	0.19573313286304475
4560000	0.19817837718576192
4600000	0.19845699978917838
4640000	0.19837032218277453
4680000	0.20249312614649534
4720000	0.19785499048829078
4760000	0.2011445847377181
4800000	0.2025724460452795
4840000	0.19994785244911908
4880000	0.19770933754593134
4920000	0.19528862728625537
4960000	0.19859323976039886
5000000	0.2012234941571951
5040000	0.20006926314979792
5080000	0.19994669107198715
5120000	0.20314893040060997
5160000	0.2052584153905511
5200000	0.1983266738921404
5240000	0.19548124992847443
5280000	0.20442785028070212
5320000	0.20349213082045317
5360000	0.21426600445061922
5400000	0.21648065482079984
5440000	0.20523722908943892
5480000	0.19817485035508872
5520000	0.20710408666878938
5560000	0.20144559770226478
5600000	0.20196287801861762
5640000	0.19851751019656658
5680000	0.19764323133975267
5720000	0.2029398193433881
5760000	0.2026659772247076
5800000	0.1948613419547677
5840000	0.19600803634226321
5880000	0.19271185145378114
5920000	0.19060799591094255
5960000	0.19488548600375652
6000000	0.203401158259809
6040000	0.20442543203532695
6080000	0.20483296322226524
6120000	0.20147346943616867
6160000	0.20120516519099474
6200000	0.1985931046679616
6240000	0.19744112792313098
6280000	0.19712177954465152
6320000	0.20172010515779257
6360000	0.203457212741673
6400000	0.19978945511877536
6440000	0.19962983344197274
6480000	0.19525404763519763
6520000	0.1972725177079439
6560000	0.2012103736177087
6600000	0.2009899464160204
6640000	0.20078867351263763
6680000	0.2028294857725501
6720000	0.20508631332814695
6760000	0.19975112808793782
6800000	0.19970283914357423
6840000	0.19231042903959752
6880000	0.1963923891186714
6920000	0.192779697188735
6960000	0.1975291812852025
7000000	0.18675748598128558
7040000	0.18739292055368423
7080000	0.18771599479913711
7120000	0.18667790313363075
7160000	0.18647486999630927
7200000	0.18916758712530135
7240000	0.18090896816253663
7280000	0.1878233772367239
7320000	0.18940794229656457
7360000	0.18956259602159262
7400000	0.1930644565820694
7440000	0.19955588957816361
7480000	0.1975472704023123
7520000	0.20611953367590904
7560000	0.2038900291159749
7600000	0.19800536465793847
7640000	0.19817640329524874
7680000	0.19429963724464178
7720000	0.19761265852302312
7760000	0.1911199492007494
7800000	0.19547299908995627
7840000	0.1957173174545169
7880000	0.19039149636030198
7920000	0.19143658199459315
7960000	0.19634505086392165
8000000	0.18910219009816648
8040000	0.1880082728996873
8080000	0.19135846823304892
8120000	0.19828073704093696
8160000	0.19551577748954296
8200000	0.18912151998579502
8240000	0.18518285346329214
8280000	0.18199562842845918
8320000	0.1796119922965765
8360000	0.18084249846190215
8400000	0.1743283157080412
8440000	0.17635930401831865
8480000	0.17868436377346517
8520000	0.1866504384085536
8560000	0.17954713602513075
8600000	0.17171365917623044
8640000	0.17452315477728844
8680000	0.1688227168917656
8720000	0.17377434017956256
8760000	0.17471237434744835
8800000	0.17992158697098493
8840000	0.1663941697984934
8880000	0.16803692059367895
8920000	0.16771080869585275
8960000	0.16409635014533996
9000000	0.15958556306064128
9040000	0.15957840181291102
9080000	0.15976349679082633
9120000	0.16119720606654883
9160000	0.16019730930328369
9200000	0.15616205791085958
9240000	0.15798523802757264
9280000	0.15840978695601224
9320000	0.16157900533229114
9360000	0.1645675978600979
9400000	0.16401825428009034
9440000	0.16109201001524925
9480000	0.15831519027799368
9520000	0.1503019730269909
9560000	0.1538391468346119
9600000	0.15782330207079648
9640000	0.16511081224232912
9680000	0.161150281830132
9720000	0.16047142643779516
9760000	0.16355413749814032
9800000	0.16476749677956104
9840000	0.16842196498215198
9880000	0.1674554934501648
9920000	0.16827420410662888
9960000	0.15618135773390532
10000000	0.16082582620680333
10040000	0.1645013158366084
10080000	0.15625174517929555
10120000	0.15539375844597816
10160000	0.15984834904074668
10200000	0.16012636160105467
10240000	0.15265066481381656
10280000	0.15613887618780137
10320000	0.15180219063460826
10360000	0.15642924896478652
10400000	0.1580608957387507
10440000	0.15429580146074295
10480000	0.1462873401939869
10520000	0.15238988536298276
10560000	0.15270058026611805
10600000	0.1604453659027815
10640000	0.15377444359511136
10680000	0.15443188774585723
10720000	0.1558979731068015
10760000	0.14781183124929667
10800000	0.15334608170837163
10840000	0.1502640015080571
10880000	0.15042585054710508
10920000	0.15010254849642515
10960000	0.15263037507534027
11000000	0.15176821165680884
11040000	0.15463585203140975
11080000	0.15548501715809107
11120000	0.1497739989310503
11160000	0.15164430869072676
11200000	0.1490106362402439
11240000	0.1514955946877599
11280000	0.15279135178923606
11320000	0.15804551079124213
11360000	0.15861893568784
11400000	0.1574203238323331
11440000	0.15442351894676684
11480000	0.15505276289880277
11520000	0.1552476679712534
11560000	0.15082595564723014
11600000	0.1574194902777672
11640000	0.15188563727140428
11680000	0.1595940340489149
11720000	0.15780314712822438
11760000	0.16222978808581828
11800000	0.16830913463383912
11840000	0.16576112113445998
11880000	0.1641340959370136
11920000	0.1665849132746458
11960000	0.16221786512434483
12000000	0.1609367939427495
12040000	0.16124757521003485
12080000	0.1573060638487339
12120000	0.16890581970959903
12160000	0.16275409234166147
12200000	0.16057716640681027
12240000	0.153761233843863
12280000	0.1560491072744131
12320000	0.1508472930043936
12360000	0.15131073602437972
12400000	0.15684842006266117
12440000	0.15168367728590965
12480000	0.15864388466626406
12520000	0.15554014564603566
12560000	0.15614720468074084
12600000	0.15411108109205962
12640000	0.15520780896097422
12680000	0.15722221749573945
12720000	0.15830691767781974
12760000	0.15666247805356978
12800000	0.1560018537774682
12840000	0.15142961339727043
12880000	0.15492393425405027
12920000	0.15087349268347025
12960000	0.1509992345035076
13000000	0.15410598584264518
13040000	0.15503967962116003
13080000	0.15235367848575115
13120000	0.1593483312368393
13160000	0.1519190370962024
13200000	0.14992116987258197
13240000	0.1558212804928422
13280000	0.15547287637889384
13320000	0.148269814991951
13360000	0.1479176996603608
13400000	0.1547594548895955
13440000	0.15356482846736907
13480000	0.15210924699902534
13520000	0.15910023909509183
13560000	0.1562181777253747
13600000	0.16001137065887452
13640000	0.1619846787571907
13680000	0.15755044419467448
13720000	0.1606389104425907
13760000	0.16354028781205415
13800000	0.15888965534716845
13840000	0.16249660313874484
13880000	0.16084371081739665
13920000	0.16196627092510463
13960000	0.16204692266732454
14000000	0.16193613718897104
14040000	0.1679254407390952
14080000	0.1644417942069471
14120000	0.15470217340588568
14160000	0.16329896392375232
14200000	0.1548810971930623
14240000	0.1596293892905116
14280000	0.15518248389065264
14320000	0.1602378109022975
14360000	0.16161696562170982
14400000	0.1590884546160698
14440000	0.15470886089652777
14480000	0.1504862944379449
14520000	0.1555743654757738
14560000	0.15340093968361615
14600000	0.15498232067227363
14640000	0.15899336832165717
14680000	0.15413505543619394
14720000	0.15628530089110135
14760000	0.15607638710588218
14800000	0.1620484932988882
14840000	0.16228557815253736
14880000	0.16393692380785943
14920000	0.16450679274499416
14960000	0.1615662223547697
15000000	0.15624561784118413
15040000	0.1594766921758652
15080000	0.15508931719213725
15120000	0.162096730427444
15160000	0.15655672259926795
15200000	0.15835986731797458
15240000	0.1598558156043291
15280000	0.15787745956480503
15320000	0.16340575834065676
15360000	0.15604333990067243
15400000	0.15711253757476806
15440000	0.1508894410341978
15480000	0.15663488590419292
15520000	0.15302113569825887
15560000	0.15617791226878763
15600000	0.16133844834715128
15640000	0.15978719989061355
15680000	0.15860980573743583
15720000	0.1502315241381526
15760000	0.1549129071518779
15800000	0.1596976830393076
15840000	0.16145911785662173
15880000	0.15529078128039836
15920000	0.15628131953477858
15960000	0.14890648678541182
16000000	0.15348987683206797
16040000	0.15002399619221687
16080000	0.15078469797298313
16120000	0.15480846058279277
16160000	0.15294287685900926
16200000	0.14922699122428895
16240000	0.14410115915089847
16280000	0.15305745217055083
16320000	0.15346072451919318
16360000	0.15638540986031294
16400000	0.15697759941965342
16440000	0.1544091982021928
16480000	0.15857323497235776
16520000	0.15968660785555838
16560000	0.17079539710730315
16600000	0.17254293262660503
16640000	0.18154530452340842
16680000	0.1798910721257329
16720000	0.17701999810039998
16760000	0.16655769845694304
16800000	0.162006536129117
16840000	0.1635327877804637
16880000	0.1624614494279027
16920000	0.15695426638871432
16960000	0.15927407344430686
17000000	0.1553550235196948
17040000	0.15287412448972465
17080000	0.15960075340270996
17120000	0.15577396443635225
17160000	0.15627879244089127
17200000	0.15563354292660952
17240000	0.14992840787619352
17280000	0.15926247857511044
17320000	0.16044159924834966
17360000	0.15534815988242626
17400000	0.15527424663007258
17440000	0.1547168938830495
17480000	0.14804735195338725
17520000	0.15338099785745143
17560000	0.1520970308020711
17600000	0.15535189431756735
17640000	0.1539584569990635
17680000	0.15071278462260962
17720000	0.1573984330430627
17760000	0.15605559886693954
17800000	0.14625536570847034
17840000	0.15172566811144353
17880000	0.15951681875884532
17920000	0.15243803166300057
17960000	0.15166190056502818
18000000	0.15100412803292274
18040000	0.155649681776762
18080000	0.160785954593122
18120000	0.15708495109379292
18160000	0.15742091565281152
18200000	0.1556763011917472
18240000	0.15725734390616417
18280000	0.15917782195806504
18320000	0.1581365044131875
18360000	0.15748265926018357
18400000	0.15804036062806845
18440000	0.14925768751204013
18480000	0.149536746288836
18520000	0.1511490698851645
18560000	0.15329272487312556
18600000	0.15016060096919537
18640000	0.15351266229599714
18680000	0.1552143991291523
18720000	0.15698423394858838
18760000	0.15669029115289448
18800000	0.15486291433274746
18840000	0.15869253887087106
18880000	0.15712194242477417
18920000	0.15831495513916016
18960000	0.15696061509102582
19000000	0.15669167255461217
19040000	0.1564436154514551
19080000	0.16277033299207688
19120000	0.16549054124951362
19160000	0.16668783131837844
19200000	0.16076536597162486
19240000	0.15888415262401104
19280000	0.16081517108380794
19320000	0.15656119270771743
19360000	0.15118836169242858
19400000	0.1514090743020177
19440000	0.1532179993212223
19480000	0.15058563786149026
19520000	0.15224076637625694
19560000	0.14611107158660888
19600000	0.14290455108880998
19640000	0.15113990143239497
19680000	0.149121889705956
19720000	0.14878312251716852
19760000	0.15261345842331647
19800000	0.14864243359416723
19840000	0.15459994993805884
19880000	0.15623227459043265
19920000	0.15448929297626018
19960000	0.15462791728824377
20000000	0.15401744486540556
20040000	0.15311721090376376
20080000	0.14936261446475982
20120000	0.15418533157259226
20160000	0.14906545230597257
20200000	0.15330498001128434
20240000	0.15743646715730428
20280000	0.15929365368634463
20320000	0.16100989825725556
20360000	0.15678832083791494
20400000	0.16288867342472077
20440000	0.16151597961187364
20480000	0.15701998019218444
20520000	0.15722067920267582
20560000	0.16529336097091438
20600000	0.16242192546874284
20640000	0.16145148750841617
20680000	0.15982876123338938
20720000	0.16045513672083617
20760000	0.16036399387717248
20800000	0.16277259440273045
20840000	0.16376112095564604
20880000	0.1614091565862298
20920000	0.1646203721538186
20960000	0.16902738478332757
21000000	0.16464056492447854
21040000	0.16777544479370118
21080000	0.16598022941350937
21120000	0.16185410801768302
21160000	0.16276641458570956
21200000	0.16291981691271068
21240000	0.16713904685676098
21280000	0.159700075545907
21320000	0.15766150595843792
21360000	0.15905940847396852
21400000	0.16210963422060012
21440000	0.1623298062220216
21480000	0.15599155018925667
21520000	0.15695630242079497
21560000	0.16157848441302777
21600000	0.1579801117733121
21640000	0.15281148439645767
21680000	0.15522367626428604
21720000	0.16030335676670074
21760000	0.16138455122709275
21800000	0.14902246257215737
21840000	0.1515631629779935
21880000	0.15393808033242823
21920000	0.15974323713332414
21960000	0.1647610710695386
22000000	0.1644627911403775
22040000	0.16871818326860666
22080000	0.17142269811481237
22120000	0.17617746680378915
22160000	0.17534440363496542
22200000	0.1750165299475193
22240000	0.1776247352063656
22280000	0.1671862146258354
22320000	0.16583810829222204
22360000	0.1661189477980137
22400000	0.16576105213463307
22440000	0.16875181746035814
22480000	0.168694320063293
22520000	0.1715058631286025
22560000	0.1754168582379818
22600000	0.17880691975057125
22640000	0.17613053019940852
22680000	0.17509010501354932
22720000	0.1664187732309103
22760000	0.1663947953402996
22800000	0.17471467390805484
22840000	0.17410183598697185
22880000	0.16941113752424716
22920000	0.1722644698649645
22960000	0.17828434032201768
23000000	0.1740045239508152
23040000	0.18222363242954015
23080000	0.17416481686085464
23120000	0.17346480421721935
23160000	0.1737275024279952
23200000	0.17684613072723152
23240000	0.1712578035145998
23280000	0.17407831318080424
23320000	0.17678893468230963
23360000	0.18307769262194634
23400000	0.17831391665041446
23440000	0.1890539476454258
23480000	0.18618770551085473
23520000	0.18125398850291968
23560000	0.18087540016174317
23600000	0.17981714905947446
23640000	0.18215919642746448
23680000	0.18109842535853385
23720000	0.18441880698651075
23760000	0.1820504657074809
23800000	0.17905035862028598
23840000	0.1815604802533984
23880000	0.17853845545053482
23920000	0.17602069459557534
23960000	0.17792609619051217
24000000	0.17327562474906444
24040000	0.1683036135420203
24080000	0.16878615777939557
24120000	0.17039310201108457
24160000	0.17579580186605454
24200000	0.1708100581228733
24240000	0.17148782319501044
24280000	0.1773906058549881
24320000	0.16932437935471534
24360000	0.17176013254523279
24400000	0.1799973691225052
24440000	0.18625218462944032
24480000	0.1753706696793437
24520000	0.17575782112032176
24560000	0.18200522899180652
24600000	0.18429739747345447
24640000	0.18362359310537577
24680000	0.17777393799871205
24720000	0.17937025983333588
24760000	0.1812909116923809
24800000	0.1810449133068323
24840000	0.1790863209322095
24880000	0.1764185850262642
24920000	0.1764044916063547
24960000	0.1793983152717352
25000000	0.17092125432789326
25040000	0.18120147098749875
25080000	0.18026217975467443
25120000	0.17875874799787997
25160000	0.17219546119123696
25200000	0.17434321884959936
25240000	0.16864349221140146
25280000	0.1652305829115212
25320000	0.1699441004857421
25360000	0.17679549208283424
25400000	0.17121833029985428
25440000	0.17332187894433737
25480000	0.17229469608962536
25520000	0.1720877983480692
25560000	0.17268838256597518
25600000	0.1705131691619754
25640000	0.17409246101677417
25680000	0.16620243714153768
25720000	0.1667844038784504
25760000	0.15985872670561074
25800000	0.1647134038105607
25840000	0.16988654688447713
25880000	0.1741523256957531
25920000	0.17797849949747324
25960000	0.16756464736759663
26000000	0.17167614824324845
26040000	0.17613604508787395
26080000	0.18510186086893082
26120000	0.17940198071449995
26160000	0.17517608255147935
26200000	0.1804433647274971
26240000	0.17651663889437913
26280000	0.17251894425451755
26320000	0.1771683725759387
26360000	0.1768423780232668
26400000	0.17502527090907097
26440000	0.17762048936486244
26480000	0.17293518401682376
26520000	0.17148987872600555
26560000	0.16966169973015785
26600000	0.1700289358153939
26640000	0.17277392550110818
26680000	0.16805884694904089
26720000	0.17370459487289192
26760000	0.17244990025609733
26800000	0.17408808084875346
26840000	0.17794790436327457
26880000	0.18164118968993426
26920000	0.17753633996993304
26960000	0.18085927494466306
27000000	0.17765921499282122
27040000	0.18505977917909622
27080000	0.18154283840358257
27120000	0.18236551843881607
27160000	0.1812591550782323
27200000	0.17938839166015386
27240000	0.1775942940235138
27280000	0.18532798150479793
27320000	0.1841406002432108
27360000	0.18031341857612132
27400000	0.17678708563148976
27440000	0.17510320041030644
27480000	0.18026020062714815
27520000	0.181895408205688
27560000	0.1769585473418236
27600000	0.18142055632621049
27640000	0.18244144628942013
27680000	0.18578413896262647
27720000	0.1782003463447094
27760000	0.17904899366796018
27800000	0.18416451522409916
27840000	0.18277817497253418
27880000	0.18035615513771772
27920000	0.1831855241216719
27960000	0.17946288736760616
28000000	0.1776570572927594
28040000	0.17638283710479735
28080000	0.17864831076562404
28120000	0.18289733840972186
28160000	0.186093858897686
28200000	0.1791128179460764
28240000	0.1860033353894949
28280000	0.18312814874053002
28320000	0.188941078530252
28360000	0.18655036154836416
28400000	0.19912386360913514
28440000	0.19204193132221697
28480000	0.17918577125370502
28520000	0.18411181076169014
28560000	0.18725807184726
28600000	0.18805721593797206
28640000	0.18995143497139216
28680000	0.18484945514500142
28720000	0.19177433011233808
28760000	0.1943728632211685
28800000	0.19329929761886597
28840000	0.18839598476439715
28880000	0.18996194188296794
28920000	0.18610642889738083
28960000	0.18557021139413118
29000000	0.18767352261543274
29040000	0.19160410471111536
29080000	0.1881935108244419
29120000	0.1876254448965192
29160000	0.18007555933892727
29200000	0.18025017193257808
29240000	0.18384172358363868
29280000	0.18529382982105017
29320000	0.18391257958561183
29360000	0.18796099784374237
29400000	0.19056423381716012
29440000	0.19751406076997519
29480000	0.19344833037257195
29520000	0.19455486221015453
29560000	0.19666484273076057
29600000	0.19552075473666192
29640000	0.20176059171706437
29680000	0.2002335258424282
29720000	0.20127638364881278
29760000	0.19455018601417542
29800000	0.1932584670677781
29840000	0.19907396258562804
29880000	0.19970056057721378
29920000	0.203897730140388
29960000	0.1970546723484993
30000000	0.19961799026578664
30040000	0.2027650385826826
30080000	0.20442775670439006
30120000	0.1985138950571418
30160000	0.19894436648637057
30200000	0.19952918386608362
30240000	0.20149395239055157
30280000	0.1999675975859165
30320000	0.19592955836504697
30360000	0.19740310967415572
30400000	0.20240767909884452
30440000	0.1937337506249547
30480000	0.19257023379802704
30520000	0.19540185127109289
30560000	0.18958971851468087
30600000	0.19595484982579947
30640000	0.19453310889452696
30680000	0.19970450424551964
30720000	0.20214372712373735
30760000	0.19597880078852176
30800000	0.20041849271208048
30840000	0.19997916720211506
30880000	0.20454820371866225
30920000	0.2100701622694731
30960000	0.21471828166097404
31000000	0.22263834201097488
31040000	0.2190575537458062
31080000	0.2100558064877987
31120000	0.21437130591571332
31160000	0.2172036571726203
31200000	0.22422680411934853
31240000	0.21622629752457143
31280000	0.2225857563957572
31320000	0.21973920692056417
31360000	0.22876874710321426
31400000	0.23944984764307736
31440000	0.23914408734291792
31480000	0.2517625428646803
31520000	0.24716059633493423
31560000	0.2476840616494417
31600000	0.24958609651625158
31640000	0.24443811972737312
31680000	0.24227633657902478
31720000	0.23739575450718403
31760000	0.24274621296823023
31800000	0.24423967534303664
31840000	0.23772910437583925
31880000	0.2365175794556737
31920000	0.2443729262545705
31960000	0.2369691876143217
32000000	0.2395615561544895
32040000	0.24279010348170996
32080000	0.24509324110001326
32120000	0.24268009980618954
32160000	0.2576481248781085
32200000	0.2528768619269133
32240000	0.2581579546421766
32280000	0.25454670623987913
32320000	0.2607093447431922
32360000	0.2528104199528694
32400000	0.2502431786745787
32440000	0.2564848571538925
32480000	0.2604697805136442
32520000	0.26262229763269423
32560000	0.2727701254278421
32600000	0.27554978215694426
32640000	0.27136426176428796
32680000	0.27731156370937826
32720000	0.268472819660604
32760000	0.2734530524432659
32800000	0.26982469538450243
32840000	0.2649784679055214
32880000	0.2741268157452345
32920000	0.2812329261466861
32960000	0.2935831137418747
33000000	0.2709824631601572
33040000	0.2839097753852606
33080000	0.2872583310544491
33120000	0.284988214635849
33160000	0.28692737621068953
33200000	0.29162209403812883
33240000	0.2831520358771086
33280000	0.28648444006443025
33320000	0.2931520428746939
33360000	0.3157999634951353
33400000	0.30041625914871695
33440000	0.30177863240092995
33480000	0.3137822544515133
33520000	0.3000110655665398
33560000	0.29634507266283033
33600000	0.29741301015913485
33640000	0.2892200455725193
33680000	0.29127482659816745
33720000	0.2933808083355427
33760000	0.2945810201689601
33800000	0.2992111173227429
33840000	0.29770907691270115
33880000	0.29404558854401114
33920000	0.29040807039141653
33960000	0.29206007573008536
34000000	0.2851431871175766
34040000	0.28765395380556585
34080000	0.292778297790885
34120000	0.29843313857614995
34160000	0.30298480121046306
34200000	0.30733000761270524
34240000	0.3142535811394453
34280000	0.31147795706391335
34320000	0.30399263347685335
34360000	0.31181775885671376
34400000	0.3074341212272644
34440000	0.2994035525470972
34480000	0.30737854761481287
34520000	0.30925930092334747
34560000	0.32215985499620436
34600000	0.30825885799378155
34640000	0.3066824538856745
34680000	0.30979807897508144
34720000	0.3259569874316454
34760000	0.3112604565531015
34800000	0.3163751507908106
34840000	0.32333896035254
34880000	0.3204835496276617
34920000	0.3167816394805908
34960000	0.33421109091341494
35000000	0.3373748543590307
35040000	0.33913598398566247
35080000	0.3258096692860126
35120000	0.32453063125908377
35160000	0.3237828784584999
35200000	0.3305382003903389
35240000	0.3282939353734255
35280000	0.33043650771379474
35320000	0.3452845733314753
35360000	0.3344890458732843
35400000	0.3361554925918579
35440000	0.3345252140790224
35480000	0.3369620149672031
35520000	0.343326039609313
35560000	0.3386270124554634
35600000	0.3680717538356781
35640000	0.3707884414434433
35680000	0.3734527640551329
35720000	0.3636720123142004
35760000	0.3660406045496464
35800000	0.3699652862071991
35840000	0.35805023135989905
35880000	0.3578499287515879
35920000	0.35341347907334564
35960000	0.36003902498185636
36000000	0.36207766314148904
36040000	0.3697216437280178
36080000	0.3860851775199175
36120000	0.413131463304162
36160000	0.4213306305766106
36200000	0.4020221088975668
36240000	0.41102598282396796
36280000	0.4043110052883625
36320000	0.41714675083458425
36360000	0.4224564352482557
36400000	0.4053750812917948
36440000	0.40126308859288695
36480000	0.4185773378700018
36520000	0.4105936969101429
36560000	0.40710652240514755
36600000	0.42012452295422553
36640000	0.43613884698450567
36680000	0.4332268778473139
36720000	0.4587085374802351
36760000	0.45158257002830504
36800000	0.47205519412755964
36840000	0.4384505032628775
36880000	0.4710273788928986
36920000	0.4810491038233042
36960000	0.4727347359806299
37000000	0.4837168808966875
37040000	0.49021328547000886
37080000	0.4843363254845142
37120000	0.47326416121721265
37160000	0.4818670227468014
37200000	0.48383795434236526
37240000	0.524336982113123
37280000	0.48188022936880587
37320000	0.508086154693365
37360000	0.4917250175118446
37400000	0.5245207235187292
37440000	0.5145581453025341
37480000	0.5322268653005362
37520000	0.5372536284118891
37560000	0.5634825138181448
37600000	0.5542778496772051
37640000	0.5508893770486116
37680000	0.569001336723566
37720000	0.5925115449756384
37760000	0.5593466943204403
37800000	0.5734952621251345
37840000	0.5600620529770851
37880000	0.5427954825609922
37920000	0.5853722378909588
37960000	0.5333194393515587
38000000	0.533201990917325
38040000	0.5315554158776998
38080000	0.5487881671845913
38120000	0.5492941188901663
38160000	0.5734661146253347
38200000	0.5602786518752575
38240000	0.5513205515176057
38280000	0.5303335097968578
38320000	0.5548294339478016
38360000	0.581029666519165
38400000	0.5839709398567676
38440000	0.5892759558558464
38480000	0.5958033442795276
38520000	0.61207222366333
38560000	0.6141509196162224
38600000	0.6095915284365415
38640000	0.6839547016561032
38680000	0.6288635967224836
38720000	0.6795674947142601
38760000	0.6618411853790284
38800000	0.666266175442934
38840000	0.6630464638710022
38880000	0.677639000749588
38920000	0.6795538813680411
38960000	0.7306081050813198
39000000	0.7859408170640468
39040000	0.7957949302911759
39080000	0.7987748668968677
39120000	0.8287455384910106
39160000	0.8086007088720798
39200000	0.8341022019147873
39240000	0.8289524125277996
39280000	0.811287553948164
39320000	0.8480472557872534
39360000	1.044515403586626
39400000	0.8850761410295963
39440000	0.9146419423878193
39480000	0.9265985544383526
39520000	0.9830923645734787
39560000	1.0486051532506944
39600000	1.055351209783554
39640000	1.0630295842289925
39680000	1.0550065300941467
39720000	1.032083684438467
39760000	1.1256991612970828
39800000	1.2094949187099933
39840000	1.2087099086105824
39880000	1.2708416660666466
39920000	1.2889677277326583
39960000	1.3316125610649585
40000000	1.407886824810505
40040000	1.363395503950119
40080000	1.4076167806744575
40120000	1.3808423898458482
40160000	1.3715118739783765
40200000	1.3105773846030235
40240000	1.7380732803821564
40280000	1.4729337977111339
40320000	1.5199676269292832
40360000	1.6815256749212741
40400000	1.8261603302240372
40440000	1.777244434195757
40480000	1.8421795996963979
40520000	1.9488409608781339
40560000	2.2663282309532167
40600000	2.0904126865506174
40640000	2.0734580632865427
40680000	2.0191654957532883
40720000	2.1456913757920266
40760000	2.4043549008250236
40800000	2.5760865947425367
40840000	2.6942222097694875
40880000	2.5176044441223144
40920000	2.6092040471196176
40960000	2.434989092081785
41000000	2.651917492198944
41040000	2.602368742722273
41080000	3.442958218061924
41120000	3.014067406117916
41160000	2.9262256981849672
41200000	3.3990063578724863
41240000	3.5366279822230338
41280000	3.726751942336559
41320000	4.049551766979694
41360000	4.249344072818756
41400000	4.554566485202312
41440000	4.653429949116707
41480000	4.905123087000847
41520000	4.885127452003956
41560000	5.496033562958241
41600000	5.7847387232899665
41640000	7.10814510666132
41680000	6.013182437419891
41720000	6.578135428714752
41760000	6.658041725695133
41800000	7.631978757619858
41840000	7.757922607421875
41880000	8.58191419992447
41920000	8.920949626088142
41960000	10.077585517191887
42000000	11.19387126595974
42040000	11.941661615633965
42080000	12.439973601841926
42120000	13.80540957801342
42160000	15.070125576281548
42200000	15.244407567119598
42240000	16.62219373176098
42280000	17.97244136865139
42320000	20.502782445240022
42360000	20.61216822619438
42400000	26.786771589803696
42440000	23.79552096018791
42480000	25.56157095375061
42520000	29.047320048618317
42560000	28.83103555650711
42600000	34.796278285121915
42640000	34.61969204349518
42680000	36.637345848608014
42720000	43.06321042842865
42760000	45.41491483712196
42800000	47.05153709750176
42840000	51.339974847888946
42880000	59.33093141040802
42920000	68.15474409441948
42960000	75.7121821984291
43000000	81.37825307769775
43040000	83.94270956525803
43080000	100.24439282255173
43120000	129.044200893116
43160000	120.40203653259277
43200000	145.76995986604692
43240000	176.04742992210387
43280000	186.11437474899293
43320000	219.32239857521057
43360000	285.93958932151793
43400000	319.50678455467227
43440000	345.7519754245758
43480000	392.73793675842285
43520000	412.0378382778168
43560000	540.9808147098541
43600000	562.1114014846802
43640000	624.2146120388031
43680000	750.3625127571106
43720000	889.0727940460205
43760000	967.1285507598877
43800000	1700.132369694519
43840000	1441.0871885147094
43880000	1678.6147490013122
43920000	2024.8800841575624
43960000	2327.4025950500486
44000000	2987.627013635254
44040000	3421.7346118927003
44080000	3929.341167120361
44120000	4762.96974041748
44160000	5152.673396405029
44200000	6820.370903765869
44240000	7917.349385180664
44280000	9115.516294586181
44320000	10669.639360357665
44360000	13481.644473547363
44400000	15834.283884350585
44440000	27679.93543972168
44480000	23648.954061450197
44520000	31005.37215131836
44560000	39244.84461904297
44600000	46796.11291601563
44640000	68311.34210361328
44680000	84466.70069916992
44720000	99246.93775605469
44760000	109560.651409375
44800000	143435.4063859375
44840000	224638.91380625
44880000	281622.95864335936
44920000	320079.1892210937
44960000	397841.6972515625
45000000	592330.5196460937
45040000	869448.06245625
45080000	982137.45478125
45120000	1276338.453603125
45160000	2038496.337734375
45200000	2665249.01041875
45240000	3091863.27528125
45280000	4624621.597275
45320000	6813678.4836
45360000	9437776.4967625
45400000	11471185.23665
45440000	14523354.4839
45480000	23370480.10675
45520000	31006064.501
45560000	39409526.86
45600000	51612541.5037
45640000	87576425.056
45680000	106752000.2168
45720000	146366692.6512
45760000	220378914.8512
45800000	374328674.32
45840000	502581610.7752
45880000	611422185.1312
45920000	817141104.4016
45960000	1322096426.3888
46000000	1837246501.9456
46040000	2377615769.424
46080000	3081945707.9936
46120000	5178028443.6736
46160000	5664579843.0848
46200000	6885051719.6544
46240000	9206435547.776
46280000	14361339078.9632
46320000	19116010072.3712
46360000	22426839699.968
46400000	31071013838.2848
46440000	44979066966.1184
46480000	57452632479.9488
46520000	74745493432.7296
46560000	91091998902.0672
46600000	142618661011.456
46640000	173151757630.8736
46680000	211881360991.0272
46720000	276122787183.0016
46760000	430781258852.7616
46800000	526585597078.7328
46840000	637935855711.0272
46880000	746936826825.9327
46920000	1111817977069.568
46960000	1473346955847.2705
47000000	1669461571030.2207
47040000	2057494039655.2192
47080000	3023171373675.3154
47120000	3674373461298.381
47160000	4369850368550.5024
47200000	5635146599641.907
47240000	8536362858617.241
47280000	9943733671375.668
47320000	11269030263888.281
47360000	13194170278189.465
47400000	20714654679957.504
47440000	22872573981700.914
47480000	27513760928917.094
47520000	33051788964999.99
47560000	46385958690907.75
47600000	57426246615800.22
47640000	63631768595673.91
47680000	74575529607220.42
47720000	111479815526363.95
47760000	121292043281498.11
47800000	137586797244632.27
47840000	167675990414616.16
47880000	227833749640629.44
47920000	270406322556502.03
47960000	303126138696656.5
48000000	364405759578787.0
48040000	494732280482863.5
48080000	588102648541793.5
48120000	641361983371529.4
48160000	737087173928419.4
48200000	960472132293230.6
48240000	1074811101849740.9
48280000	1103787703544263.5
48320000	1298554603351258.0
48360000	1797792568042324.0
48400000	1845833442849823.2
48440000	2213225585091752.8
48480000	2494583256561746.0
48520000	3199705100102245.0
48560000	3689803913469572.0
48600000	3963859040239563.5
48640000	4441193435309172.5
48680000	5577635415427593.0
48720000	6243219862101112.0
48760000	7027281384932219.0
48800000	7524697564448503.0
48840000	9549710120453774.0
48880000	1.0465841603122142e+16
48920000	1.2012595410182236e+16
48960000	1.3353728897970498e+16
49000000	1.703301641425052e+16
49040000	1.853788789013647e+16
49080000	2.143951196753064e+16
49120000	2.3213757962085468e+16
49160000	2.8660690702596412e+16
49200000	3.2206496781401536e+16
49240000	3.337038636632601e+16
49280000	3.822126456904247e+16
49320000	4.398832912282241e+16
49360000	5.368125763851649e+16
49400000	5.65343086861592e+16
49440000	6.668864175609962e+16
49480000	8.461772494093933e+16
49520000	8.450522525290883e+16
49560000	9.614505503634962e+16
49600000	1.055802455945491e+17
49640000	1.1558297931105571e+17
49680000	1.1807757276516502e+17
49720000	1.361493894623486e+17
49760000	1.498517247326698e+17
49800000	2.035934285813764e+17
49840000	1.9843396199185027e+17
49880000	2.2927974953743926e+17
49920000	2.5210820212850637e+17
49960000	3.122270203585025e+17
50000000	3.209599559222711e+17
50040000	3.469426287432224e+17
50080000	3.811198296694878e+17
50120000	3.838857801375773e+17
50160000	4.163574660520802e+17
50200000	4.957168486016929e+17
50240000	4.7772780379869626e+17
50280000	6.522541443495082e+17
50320000	6.25799114973062e+17
50360000	6.052285129043752e+17
50400000	6.96409446998087e+17
50440000	8.077042030445569e+17
50480000	8.652184968155584e+17
50520000	8.866458725295415e+17
50560000	9.245463950939963e+17
50600000	9.192048762419981e+17
50640000	1.1815450572260954e+18
50680000	8.430740440275273e+17
50720000	7.428169767305695e+17
50760000	8.258247053710121e+17
50800000	8.360571733048369e+17
50840000	9.30834615200352e+17
50880000	9.670168257092219e+17
50920000	1.0603687138254268e+18
50960000	1.0566133897689428e+18
51000000	1.1351810880844389e+18
51040000	1.1953300042108718e+18
51080000	1.3484885538020196e+18
51120000	1.351339994632922e+18
51160000	1.4845716065461527e+18
51200000	1.5284283772622108e+18
51240000	1.7401846512280005e+18
51280000	1.8893236760001073e+18
51320000	1.896051000827369e+18
51360000	1.9539089279790303e+18
51400000	2.2166551704871447e+18
51440000	2.363238291194988e+18
51480000	2.601413913747661e+18
51520000	2.5939245052169165e+18
51560000	3.0952534730890547e+18
51600000	3.171882371931612e+18
51640000	3.511936578628318e+18
51680000	3.7619594831912607e+18
51720000	4.251903945371182e+18
51760000	4.5534963841344845e+18
51800000	4.76315407914034e+18
51840000	5.107426796035643e+18
51880000	5.637617991237231e+18
51920000	5.762943642409587e+18
51960000	6.370844524511742e+18
52000000	6.637801173003432e+18
52040000	7.56899868990381e+18
52080000	7.73441306998539e+18
52120000	8.900922154886448e+18
52160000	9.242537615599788e+18
52200000	1.0215846375122403e+19
52240000	1.0864678400146483e+19
52280000	1.1230653136614054e+19
52320000	1.229817350146045e+19
52360000	1.4579974463032332e+19
52400000	1.5376347981509775e+19
52440000	1.8232460772806214e+19
52480000	1.907248167478146e+19
52520000	2.163801358153858e+19
52560000	2.2722696855492166e+19
52600000	2.5663052667213177e+19
52640000	2.666689356672063e+19
52680000	2.726660081450532e+19
52720000	3.186923847098628e+19
52760000	3.3058956377035612e+19
52800000	3.50405926086766e+19
52840000	3.91170648459642e+19
52880000	4.132146759652916e+19
52920000	4.447363304670872e+19
52960000	4.585661121752498e+19
53000000	5.063232944816227e+19
53040000	5.126370015332485e+19
53080000	5.5814869822956904e+19
53120000	6.286586320755177e+19
53160000	6.134052447314718e+19
53200000	6.9264314408400994e+19
53240000	6.761951474856363e+19
53280000	7.105100658665923e+19
53320000	7.914303025901095e+19
53360000	8.250081114764273e+19
53400000	9.72717330049798e+19
53440000	1.0436525163656028e+20
53480000	1.1174403322623633e+20
53520000	1.1337326009211196e+20
53560000	1.1365359907490426e+20
53600000	1.0735471824576635e+20
53640000	9.477029529515573e+19
53680000	1.0777827207488604e+20
53720000	9.861966553997446e+19
53760000	1.069740925777716e+20
53800000	1.1482035591453337e+20
53840000	1.1913209210689996e+20
53880000	1.1894080278859953e+20
53920000	1.049476656504269e+20
53960000	1.1941623606765778e+20
54000000	1.2419908666587495e+20
54040000	1.3566015430841354e+20
54080000	1.2683192436172097e+20
54120000	1.2717051625576905e+20
54160000	1.3008170181439703e+20
54200000	1.5137612515693714e+20
54240000	1.6267792390245233e+20
54280000	1.6852607625406212e+20
54320000	1.6735348318505242e+20
54360000	1.8254297508117905e+20
54400000	1.88720059470839e+20
54440000	1.9216986814986014e+20
54480000	1.9834128515109008e+20
54520000	2.176712723763365e+20
54560000	2.1726807955549304e+20
54600000	2.1345419901277163e+20
54640000	2.014816672015653e+20
54680000	2.4867680629173964e+20
54720000	2.546333236306417e+20
54760000	2.755376704692358e+20
54800000	2.9264814762544064e+20
54840000	2.9087477552384295e+20
54880000	2.8177706529969825e+20
54920000	2.7373490562824353e+20
54960000	2.6348744721047375e+20
55000000	2.436667190735651e+20
55040000	2.2917771254333243e+20
55080000	2.576686272589296e+20
55120000	2.7135533868444362e+20
55160000	2.3984499602226604e+20
55200000	2.587741149741852e+20
55240000	2.9209665508048984e+20
55280000	2.3957415923891828e+20
55320000	2.5321045076103912e+20
55360000	2.4545591339561878e+20
55400000	2.3299143122287893e+20
55440000	2.5198808056054995e+20
55480000	2.4799080213675803e+20
55520000	2.3709034893293588e+20
55560000	2.684914329395036e+20
55600000	2.4817028974928262e+20
55640000	2.3298689812615836e+20
55680000	2.6170839975143316e+20
55720000	2.747177251874532e+20
55760000	2.1939129711600845e+20
55800000	2.278835804776309e+20
55840000	2.611155375267837e+20
55880000	2.541922488811484e+20
55920000	2.75454692154928e+20
55960000	2.887171295915746e+20
56000000	2.589982655452139e+20
56040000	2.4090284183651267e+20
56080000	2.1680855959681676e+20
56120000	2.4464261565880064e+20
56160000	2.626922602833095e+20
56200000	2.2688502992062418e+20
56240000	2.491470351272445e+20
56280000	2.2936593160636413e+20
56320000	1.8970507947860115e+20
56360000	2.0065069237919773e+20
56400000	1.805331198960013e+20
56440000	1.7187566115248036e+20
56480000	1.743697886209286e+20
56520000	1.732800261730835e+20
56560000	2.019232032238804e+20
56600000	2.0152477163091745e+20
56640000	1.9580503796234515e+20
56680000	2.0143839278801096e+20
56720000	2.0758938291850016e+20
56760000	1.885204385850234e+20
56800000	1.9098292423268214e+20
56840000	1.7865528663937047e+20
56880000	1.7063686566036128e+20
56920000	1.7643761367529275e+20
56960000	1.8917649215094784e+20
57000000	1.8789767795265425e+20
57040000	1.9488552815514698e+20
57080000	1.9322303960439315e+20
57120000	1.690720689041507e+20
57160000	1.7996225398189425e+20
57200000	1.861682976618632e+20
57240000	2.025402730099726e+20
57280000	1.645332193033609e+20
57320000	1.853380402660636e+20
57360000	2.097808698560707e+20
57400000	1.9003449154327947e+20
57440000	1.7982258692171317e+20
57480000	2.1557556743780365e+20
57520000	2.0756684686660914e+20
57560000	1.88544329714943e+20
57600000	2.014890486120198e+20
57640000	2.0333145222894967e+20
57680000	1.8054177248602977e+20
57720000	2.1151375929713502e+20
57760000	1.9684349849480086e+20
57800000	2.1626533794658406e+20
57840000	1.9591782501436844e+20
57880000	2.2240321048637784e+20
57920000	2.34314671945053e+20
57960000	2.12721611862771e+20
58000000	1.911507920622334e+20
58040000	1.8320955152502e+20
58080000	1.8044511980052906e+20
58120000	1.8660438619062465e+20
58160000	1.924737682337597e+20
58200000	1.615925855631104e+20
58240000	1.524985563821796e+20
58280000	1.7119620740618407e+20
58320000	1.8867420725812825e+20
58360000	1.6894888081684618e+20
58400000	1.784306067268235e+20
58440000	1.8130745920456422e+20
58480000	2.001058179472643e+20
58520000	1.7465956954445817e+20
58560000	2.0098630773283032e+20
58600000	1.699128802859988e+20
58640000	1.4154748766803172e+20
58680000	1.5290473700267124e+20
58720000	1.4243851296047052e+20
58760000	1.3511580535950965e+20
58800000	1.3203722480479543e+20
58840000	1.1952249196887315e+20
58880000	1.3223696153754757e+20
58920000	1.3278003165730711e+20
58960000	1.3725975339893218e+20
59000000	1.2437605066504531e+20
59040000	1.2749960846709975e+20
59080000	1.3138855421432914e+20
59120000	1.191222132554262e+20
59160000	1.1287324851107855e+20
59200000	1.216924857432077e+20
59240000	1.3070304675699086e+20
59280000	1.3359612334320768e+20
59320000	1.34042179192911e+20
59360000	1.275175467444676e+20
59400000	1.2805877746458939e+20
59440000	1.44108357347059e+20
59480000	1.4032833989896579e+20
59520000	1.370629709823182e+20
59560000	1.2880936674246726e+20
59600000	1.4378309826828336e+20
59640000	1.4385285643694154e+20
59680000	1.4083495138076092e+20
59720000	1.558401886351636e+20
59760000	1.5737309253109314e+20
59800000	1.5031447847915245e+20
59840000	1.4222331810300628e+20
59880000	1.2205269884262033e+20
59920000	1.276027417129473e+20
59960000	1.320482887795969e+20
60000000	1.3529240094562814e+20
60040000	1.3506642760440155e+20
60080000	1.317815497943372e+20
60120000	1.3156357031865852e+20
60160000	1.1785164931797567e+20
60200000	1.3055207509820072e+20
60240000	1.2473750679663043e+20
60280000	1.2251204278850657e+20
60320000	1.414122460536727e+20
60360000	1.3977075199560974e+20
60400000	1.2886932119172761e+20
60440000	1.280041649836528e+20
60480000	1.3100211064423208e+20
60520000	1.2020877017535504e+20
60560000	1.2140043248115217e+20
60600000	1.459183708235982e+20
60640000	1.5487969983817322e+20
60680000	1.3029465892291283e+20
60720000	1.2666175187668802e+20
60760000	1.3934986753580607e+20
60800000	1.3708441896352906e+20
60840000	1.2622117289228724e+20
60880000	1.3213458279964123e+20
60920000	1.2048394413100001e+20
60960000	1.2165966328726946e+20
61000000	1.2261487244418536e+20
61040000	1.1901420733762534e+20
61080000	1.254543452819774e+20
61120000	1.206689354301489e+20
61160000	1.2458712827432195e+20
61200000	1.1446065656789366e+20
61240000	1.1741136543864062e+20
61280000	1.2635791051573912e+20
61320000	1.1063777854521544e+20
61360000	1.1851703273702728e+20
61400000	1.160662354900863e+20
61440000	1.09591243795926e+20
61480000	1.0931012482722659e+20
61520000	1.113271760729817e+20
61560000	1.2082650440815739e+20
61600000	1.2011758240053807e+20
61640000	1.1492081688498695e+20
61680000	1.2399017102862097e+20
61720000	1.13149836759157e+20
61760000	1.1537339273218277e+20
61800000	1.1181211481092484e+20
61840000	1.1194463341939232e+20
61880000	1.0988372752239133e+20
61920000	9.845675045343117e+19
61960000	9.433554075015484e+19
62000000	9.894272846306899e+19
62040000	1.0809887695607072e+20
62080000	9.515910296301312e+19
62120000	9.814227217462157e+19
62160000	9.180313688584675e+19
62200000	9.089268610056638e+19
62240000	9.588662714076276e+19
62280000	9.963911663747545e+19
62320000	9.915134219457166e+19
62360000	9.172964150233083e+19
62400000	1.0395070030889445e+20
62440000	9.870858369498664e+19
62480000	9.976882450028795e+19
62520000	8.879222978632008e+19
62560000	9.067970566675666e+19
62600000	8.641094621781423e+19
62640000	9.451411189848963e+19
62680000	9.386846153174719e+19
62720000	1.0102058373544975e+20
62760000	9.571111615193971e+19
62800000	7.81832113503581e+19
62840000	8.692648248682547e+19
62880000	8.563237219288352e+19
62920000	8.534772760066343e+19
62960000	8.56964182302727e+19
63000000	8.763798166602747e+19
63040000	9.133357731975746e+19
63080000	9.307520966551188e+19
63120000	9.535229924547358e+19
63160000	1.0391769396563568e+20
63200000	9.2509742221573e+19
63240000	1.0490775510672967e+20
63280000	1.0509366321087575e+20
63320000	9.782515414269377e+19
63360000	9.907254762518295e+19
63400000	1.0608384515210309e+20
63440000	1.1150600223039547e+20
63480000	1.0675644311074983e+20
63520000	1.0450652366827145e+20
63560000	1.0612622283364688e+20
63600000	1.06468254900388e+20
63640000	9.177269015997961e+19
63680000	9.528613880317501e+19
63720000	1.0512205983095738e+20
63760000	9.8098801619078e+19
63800000	1.0298703225671506e+20
63840000	9.647422407976442e+19
63880000	1.0785992580201082e+20
63920000	1.1554226675044324e+20
63960000	1.1213660414925573e+20
64000000	1.0822003338301053e+20
64040000	1.1210838716138463e+20
64080000	1.1345361495044158e+20
64120000	1.1467139245768376e+20
64160000	1.0672151821235506e+20
64200000	1.2061814927551549e+20
64240000	1.1522617523385487e+20
64280000	1.1688439769445314e+20
64320000	1.1345448947822712e+20
64360000	1.1263238353578187e+20
64400000	1.1403389097751323e+20
64440000	1.1375149836675986e+20
64480000	1.1951798547262362e+20
64520000	1.3264922964802316e+20
64560000	1.2568980227269163e+20
64600000	1.3850937188271446e+20
64640000	1.2646457125309514e+20
64680000	1.442989080273842e+20
64720000	1.435688707302667e+20
64760000	1.3858332576069625e+20
64800000	1.4713629043895244e+20
64840000	1.5759534803899325e+20
64880000	1.6806290735648214e+20
64920000	1.6826455188676913e+20
64960000	1.76608093429158e+20
65000000	1.7569960095514817e+20
65040000	1.757121854708168e+20
65080000	1.7920959390733586e+20
65120000	1.7453147302515147e+20
65160000	1.7611867155666682e+20
65200000	1.9849131673962932e+20
65240000	1.929360448795504e+20
65280000	2.1167277209795104e+20
65320000	2.6014257333150034e+20
65360000	2.7631897075959464e+20
65400000	2.8203449025873717e+20
65440000	2.951707525612666e+20
65480000	3.5998773055248984e+20
65520000	3.441679324207881e+20
65560000	2.962336856805751e+20
65600000	3.1072633335994647e+20
65640000	3.1906603717200753e+20
65680000	3.108091597589108e+20
65720000	2.941430509247668e+20
65760000	3.1688121727706864e+20
65800000	3.6540533934182085e+20
65840000	3.398864178065642e+20
65880000	3.4948472719092115e+20
65920000	3.677442646617026e+20
65960000	3.7669097275941126e+20
66000000	3.8560068380484534e+20
66040000	4.5011841739410067e+20
66080000	4.242941295032362e+20
66120000	4.8867446417567384e+20
66160000	4.934439350582904e+20
66200000	4.1309744545373146e+20
66240000	4.149644541272179e+20
66280000	4.041841212502509e+20
66320000	4.0638143789734547e+20
66360000	4.484932766520284e+20
66400000	3.9602394017202956e+20
66440000	4.1710040161213796e+20
66480000	4.2452902513070224e+20
66520000	4.207456576595203e+20
66560000	4.080214822754956e+20
66600000	4.169452830225794e+20
66640000	4.302625466089856e+20
66680000	4.152514451318012e+20
66720000	3.813316923031286e+20
66760000	3.719258841772273e+20
66800000	3.054706059517692e+20
66840000	3.080770910369532e+20
66880000	3.3466250454262396e+20
66920000	3.165566341357105e+20
66960000	3.6909098022949244e+20
67000000	3.766899671639161e+20
67040000	3.462163656025519e+20
67080000	3.851757563890818e+20
67120000	3.5109038292223354e+20
67160000	3.1863839354245494e+20
67200000	3.8666378409046567e+20
67240000	3.421554369936218e+20
67280000	3.1615556144046676e+20
67320000	3.564544833968046e+20
67360000	3.0723282728832644e+20
67400000	2.898526738424226e+20
67440000	3.307207672062364e+20
67480000	3.426443714414071e+20
67520000	3.174729362042937e+20
67560000	4.193754133419112e+20
67600000	3.479014054435895e+20
67640000	2.6013497955650467e+20
67680000	2.808290715393506e+20
67720000	2.779154522145658e+20
67760000	3.579568566301631e+20
67800000	3.123713940313648e+20
67840000	3.2565844351476806e+20
67880000	3.4316085508762495e+20
67920000	2.830776187305695e+20
67960000	2.9507237851430892e+20
68000000	2.4899249892699118e+20
68040000	3.111114752116029e+20
68080000	2.6736409163752702e+20
68120000	2.7502073748517496e+20
68160000	2.6954486609731348e+20
68200000	2.4158521629694407e+20
68240000	2.509690003885124e+20
68280000	2.5668234542050725e+20
68320000	2.3983786673004767e+20
68360000	1.8932006879198868e+20
68400000	2.2787470451226323e+20
68440000	2.2103503957760364e+20
68480000	2.340480295794463e+20
68520000	2.0169223011666713e+20
68560000	1.847319023532887e+20
68600000	1.986383118749212e+20
68640000	2.267832676887007e+20
68680000	2.4809892462420443e+20
68720000	2.2284446389328904e+20
68760000	2.3559121279548267e+20
68800000	2.6598735679611273e+20
68840000	2.8323625374327905e+20
68880000	3.1994303373847475e+20
68920000	3.3425496685191234e+20
68960000	3.4519655751373953e+20
69000000	3.142398040449553e+20
69040000	3.2569207422546975e+20
69080000	2.902171713813899e+20
69120000	2.6641827606731466e+20
69160000	2.9998324782063183e+20
69200000	2.875655394237778e+20
69240000	2.8341821768727167e+20
69280000	2.711308216090259e+20
69320000	2.930971932178491e+20
69360000	3.00155205475245e+20
69400000	2.7306682214472732e+20
69440000	3.1575115937398627e+20
69480000	2.8167849805436384e+20
69520000	2.7382884870804757e+20
69560000	2.718596542055301e+20
69600000	2.81625393154021e+20
69640000	2.593791599290676e+20
69680000	3.191587314072907e+20
69720000	2.8263723115605233e+20
69760000	2.7768500164584184e+20
69800000	2.5953582409305037e+20
69840000	2.9319444333560965e+20
69880000	3.223794537072557e+20
69920000	3.849253319452604e+20
69960000	4.173846009181879e+20
70000000	4.209958294117652e+20
70040000	4.4725503360299834e+20
70080000	4.830877148670797e+20
70120000	4.211561297090796e+20
70160000	4.288152381954962e+20
70200000	3.634335790073965e+20
70240000	4.375698678855083e+20
70280000	4.234730567246985e+20
70320000	4.216922054880254e+20
70360000	3.167300638543692e+20
70400000	3.563611001730382e+20
70440000	3.6976237370370366e+20
70480000	3.7453772488363206e+20
70520000	3.936879227971939e+20
70560000	3.4809338404058916e+20
70600000	3.0347607566075835e+20
70640000	4.08662010941209e+20
70680000	2.8712042533766945e+20
70720000	3.628066246008579e+20
70760000	2.9369026633223727e+20
70800000	3.7173788952380414e+20
70840000	3.9144979981129915e+20
70880000	3.343370370954547e+20
70920000	3.66189101494487e+20
70960000	2.6585742313100214e+20
71000000	3.1215162242179924e+20
71040000	3.412339994557325e+20
71080000	3.737422879861757e+20
71120000	3.0769106496787264e+20
71160000	3.383990895253762e+20
71200000	2.9408947179307418e+20
71240000	2.656917339971279e+20
71280000	2.5924527870709606e+20
71320000	2.7875643306886214e+20
71360000	3.295015553977031e+20
71400000	2.3680500404029207e+20
71440000	2.9313649804148395e+20
71480000	2.9032261319593597e+20
71520000	2.9204065156488308e+20
71560000	2.2441129808300134e+20
71600000	2.5363230472174892e+20
71640000	2.7197528915007128e+20
71680000	2.100155453620648e+20
71720000	2.4313619146597224e+20
71760000	2.975345766445836e+20
71800000	2.8840823814734476e+20
71840000	2.5125113155947997e+20
71880000	2.5417939723352228e+20
71920000	2.70384992753918e+20
71960000	2.240896329648267e+20
72000000	3.0110467891903385e+20
72040000	2.1976206611547888e+20
72080000	2.1411308490472e+20
72120000	1.9813778090506292e+20
72160000	2.1226225796887465e+20
72200000	1.9171653884376714e+20
72240000	2.1000806191478715e+20
72280000	2.0121470226078368e+20
72320000	1.959347654988223e+20
72360000	2.1732656913044197e+20
72400000	1.9738568318490404e+20
72440000	1.7060882221053382e+20
72480000	1.533348152038691e+20
72520000	1.542159861735985e+20
72560000	1.3737319972056701e+20
72600000	1.3972081411789428e+20
72640000	1.3233850573452855e+20
72680000	1.5139130938871228e+20
72720000	1.3594433608492216e+20
72760000	1.123222225603522e+20
72800000	1.2148261125025802e+20
72840000	1.3782659338583099e+20
72880000	1.1626131753349087e+20
72920000	1.1034764825873811e+20
72960000	1.0784426375255387e+20
73000000	1.106499420620943e+20
73040000	1.2800256131611943e+20
73080000	1.5278661818861647e+20
73120000	1.2164068616353926e+20
73160000	1.3340133528572405e+20
73200000	1.1734031657750621e+20
73240000	1.1282106358918457e+20
73280000	1.1256329688945918e+20
73320000	1.0557240969588959e+20
73360000	1.0428835974520162e+20
73400000	9.50561588273931e+19
73440000	9.878625139845131e+19
73480000	1.1604632785722466e+20
73520000	9.843712720440046e+19
73560000	9.781966595551381e+19
73600000	9.032924889529618e+19
73640000	1.119930818671558e+20
73680000	9.450358013218981e+19
73720000	9.482583531963474e+19
73760000	1.1086069203836697e+20
73800000	7.592305414618564e+19
73840000	7.938501995390249e+19
73880000	6.908627947290675e+19
73920000	6.594041822600629e+19
73960000	6.685465116960989e+19
74000000	6.7816713886813905e+19
74040000	7.085927475426021e+19
74080000	6.466198942828796e+19
74120000	6.94580720519381e+19
74160000	7.376828386230055e+19
74200000	7.381134074727873e+19
74240000	6.458218346536315e+19
74280000	7.345007144931361e+19
74320000	7.367710368536318e+19
74360000	7.619298151689649e+19
74400000	6.9304492361510584e+19
74440000	5.783234411417395e+19
74480000	6.2670110246498435e+19
74520000	7.049533555001539e+19
74560000	6.2366624664267915e+19
74600000	5.5008040070470935e+19
74640000	5.793838737270613e+19
74680000	5.785938791994963e+19
74720000	5.9360812348516205e+19
74760000	5.515874718323125e+19
74800000	6.460612694970402e+19
74840000	5.903836470019201e+19
74880000	5.0732173906479194e+19
74920000	5.302778339680462e+19
74960000	5.751114028055152e+19
75000000	6.018378956999937e+19
75040000	5.95649169386055e+19
75080000	6.175484214782323e+19
75120000	5.274001443030034e+19
75160000	5.206740906623147e+19
75200000	5.872488544539896e+19
75240000	5.305146012635485e+19
75280000	5.3963071615874834e+19
75320000	5.5433952506798785e+19
75360000	5.671634212561835e+19
75400000	4.873825973854967e+19
75440000	4.992757205081926e+19
75480000	4.985026998951346e+19
75520000	4.806174582390293e+19
75560000	4.326287701445775e+19
75600000	4.646712495224504e+19
75640000	4.802757196873364e+19
75680000	3.9426682397093626e+19
75720000	4.295490958172326e+19
75760000	4.33680238212449e+19
75800000	4.040339855747873e+19
75840000	4.171315127798293e+19
75880000	4.03753538003079e+19
75920000	4.515093488817267e+19
75960000	3.935064572088051e+19
76000000	3.95907857295639e+19
76040000	3.710345497498789e+19
76080000	3.896302648498402e+19
76120000	4.158990772747736e+19
76160000	3.750402210024073e+19
76200000	3.4034598620265845e+19
76240000	3.781691806394e+19
76280000	3.451254593536167e+19
76320000	3.925677102393257e+19
76360000	3.846595802504002e+19
76400000	4.2452317240424915e+19
76440000	3.93245829942773e+19
76480000	3.5972759158055092e+19
76520000	4.017600534653392e+19
76560000	3.954089502323373e+19
76600000	3.935769686283947e+19
76640000	3.841679698588997e+19
76680000	4.221019106876254e+19
76720000	3.708950561463294e+19
76760000	3.926087023095714e+19
76800000	3.82636156307887e+19
76840000	4.3985130439808385e+19
76880000	4.5588449418139075e+19
76920000	4.853098730421606e+19
76960000	4.468874849235109e+19
77000000	4.4446687818098156e+19
77040000	4.436607539792247e+19
77080000	4.872758703259567e+19
77120000	4.444985197667642e+19
77160000	4.521825460284434e+19
77200000	4.623409200912498e+19
77240000	4.634413573913712e+19
77280000	4.690750833840804e+19
77320000	4.910986777360121e+19
77360000	4.593140950627039e+19
77400000	4.567625454317576e+19
77440000	4.362555933888381e+19
77480000	4.072889951703054e+19
77520000	4.520016503550087e+19
77560000	3.949962182083394e+19
77600000	3.961492977760578e+19
77640000	3.9223390329102926e+19
77680000	4.442774999424643e+19
77720000	4.150039611063803e+19
77760000	4.2721479452995035e+19
77800000	4.337129656985411e+19
77840000	4.268806057669468e+19
77880000	4.620403898027023e+19
77920000	4.8747566432622215e+19
77960000	4.519859178822271e+19
78000000	4.7812510689342775e+19
78040000	4.100136873114786e+19
78080000	4.1451847470453e+19
78120000	4.371285105398044e+19
78160000	4.14188899644977e+19
78200000	4.35347211395399e+19
78240000	3.82144013717162e+19
78280000	4.2235019944895324e+19
78320000	3.817008954044995e+19
78360000	4.005492061736094e+19
78400000	5.813196293578107e+19
78440000	6.248692801378767e+19
78480000	6.746054706089524e+19
78520000	6.647455533334892e+19
78560000	6.1834041176927896e+19
78600000	6.603344247575667e+19
78640000	7.042445395027659e+19
78680000	6.703284912981688e+19
78720000	6.650163011882677e+19
78760000	6.060027002414508e+19
78800000	6.435027282335904e+19
78840000	6.927089347013944e+19
78880000	6.040244724127259e+19
78920000	6.899472189544418e+19
78960000	6.012563301603937e+19
79000000	7.325749675499864e+19
79040000	7.62237291603907e+19
79080000	6.745895303495184e+19
79120000	7.747953097475785e+19
79160000	7.0965605635891085e+19
79200000	6.719416238725836e+19
79240000	7.742940193355591e+19
79280000	7.029822057097411e+19
79320000	6.674534505789621e+19
79360000	6.8136891615680315e+19
79400000	6.7984926158364475e+19
79440000	7.1676898885911044e+19
79480000	7.2670456574858125e+19
79520000	7.327180802887097e+19
79560000	7.125393306055345e+19
79600000	6.828571156047895e+19
79640000	7.250507845879003e+19
79680000	7.098483994560273e+19
79720000	7.310754267486174e+19
79760000	6.664578195143131e+19
79800000	7.249756208908999e+19
79840000	7.100237720006684e+19
79880000	6.797736018205331e+19
79920000	6.824869911511711e+19
79960000	7.551407463534102e+19
80000000	7.501500482118741e+19
80040000	6.652140726955288e+19
80080000	7.140412941767896e+19
80120000	7.953147662546456e+19
80160000	7.301162589496742e+19
80200000	7.1565907957173944e+19
80240000	7.095146775806392e+19
80280000	7.65757619561504e+19
80320000	6.697319821867373e+19
80360000	6.870153514998175e+19
80400000	7.238334575226994e+19
80440000	7.387192892209034e+19
80480000	6.831793074201226e+19
80520000	7.638251318066151e+19
80560000	7.47682718249526e+19
80600000	7.726572053218224e+19
80640000	7.937190928635763e+19
80680000	9.270946889749085e+19
80720000	9.209358833005671e+19
80760000	8.293116233316604e+19
80800000	8.71310440214472e+19
80840000	7.582688277244635e+19
80880000	8.21002066457806e+19
80920000	9.68693581526864e+19
80960000	8.990814008370453e+19
81000000	8.179826479165029e+19
81040000	9.249070163436493e+19
81080000	9.096035523950422e+19
81120000	9.176325219667069e+19
81160000	9.41833370448527e+19
81200000	9.082829424124785e+19
81240000	9.863277208107278e+19
81280000	9.713343551984348e+19
81320000	1.0219081358010994e+20
81360000	1.0814622569352466e+20
81400000	1.1401490262902001e+20
81440000	1.129411390181009e+20
81480000	1.2023749108956057e+20
81520000	1.0193442012008437e+20
81560000	1.0738225530091761e+20
81600000	1.2133577202800674e+20
81640000	1.3327206264378802e+20
81680000	1.3763270464609314e+20
81720000	1.2261560134102358e+20
81760000	1.140356944311472e+20
81800000	1.1997772280224734e+20
81840000	1.1931528814366654e+20
81880000	1.3229221471839571e+20
81920000	1.1662199570444178e+20
81960000	1.1569546173855411e+20
82000000	1.1869677791812215e+20
82040000	1.1529321326515801e+20
82080000	1.327437055994993e+20
82120000	1.1994663755915726e+20
82160000	1.291933939166571e+20
82200000	1.3611889437363788e+20
82240000	1.4235728009812564e+20
82280000	1.4104011541130586e+20
82320000	1.3657593920570473e+20
82360000	1.3966300437623497e+20
82400000	1.2342477441539981e+20
82440000	1.4442877322153515e+20
82480000	1.5192725991584268e+20
82520000	1.623453674297094e+20
82560000	1.3961000121367555e+20
82600000	1.4586081242658616e+20
82640000	1.5300281155252965e+20
82680000	1.4670063119989629e+20
82720000	1.4563086750737187e+20
82760000	1.796194994780591e+20
82800000	1.58288150453946e+20
82840000	1.585621863421861e+20
82880000	1.79188107712296e+20
82920000	1.5700083087189656e+20
82960000	1.6853382386414856e+20
83000000	1.8049649870186725e+20
83040000	1.6984032910451297e+20
83080000	1.67227832111025e+20
83120000	1.618337326752486e+20
83160000	1.844931984569776e+20
83200000	1.790767069822093e+20
83240000	1.558349625835679e+20
83280000	1.813724099302775e+20
83320000	1.860970969699309e+20
83360000	1.8456764734571823e+20
83400000	1.7990608896448424e+20
83440000	1.6502343624190476e+20
83480000	1.728624726759496e+20
83520000	1.981549713357983e+20
83560000	1.8452310363561358e+20
83600000	1.745034726661193e+20
83640000	1.8171018598137885e+20
83680000	1.7201051400015053e+20
83720000	2.0854692570432104e+20
83760000	1.9134428752634328e+20
83800000	1.869836990943887e+20
83840000	1.7856667382744406e+20
83880000	1.8600275039353497e+20
83920000	2.0122163832030685e+20
83960000	1.897997437792916e+20
84000000	2.1413959640623343e+20
84040000	1.9367288785140184e+20
84080000	2.3985504855677465e+20
84120000	6.488235944981673e+20
84160000	6.132755385235411e+20
84200000	6.344921807624782e+20
84240000	6.940858411522195e+20
84280000	6.559890222396882e+20
84320000	5.7842611912836547e+20
84360000	6.364169769342838e+20
84400000	6.020846605537912e+20
84440000	6.479598248225237e+20
84480000	5.8292192849889205e+20
84520000	6.58536150399351e+20
84560000	6.026239494989812e+20
84600000	5.5106932621101983e+20
84640000	7.446629644052528e+20
84680000	6.36461075151675e+20
84720000	6.527753513101023e+20
84760000	6.053144115120418e+20
84800000	6.617689063899232e+20
84840000	5.778036574852999e+20
84880000	6.211349736606187e+20
84920000	5.928602038637514e+20
84960000	6.411568213792504e+20
85000000	7.028661681728532e+20
85040000	6.290675975695166e+20
85080000	6.621555664318282e+20
85120000	6.820229577327084e+20
85160000	6.573466593943555e+20
85200000	6.393823919044508e+20
85240000	6.388674332187245e+20
85280000	5.601783839585255e+20
85320000	5.630998610946984e+20
85360000	6.495181732505433e+20
85400000	6.510153193299495e+20
85440000	6.221305474217796e+20
85480000	6.153670755241877e+20
85520000	7.296660046258703e+20
85560000	5.626191845720668e+20
85600000	5.6729893633076665e+20
85640000	5.103039056541702e+20
85680000	5.7899065367548717e+20
85720000	5.56732680235468e+20
85760000	4.883708643822262e+20
85800000	5.7064910803331796e+20
85840000	5.832827983590025e+20
85880000	5.825157968119455e+20
85920000	5.536392064139982e+20
85960000	5.783598549654104e+20
86000000	5.8321416783308705e+20
86040000	5.1375257922965746e+20
86080000	5.2141094945943696e+20
86120000	5.371639049108224e+20
86160000	5.6718912120495525e+20
86200000	5.148357405963808e+20
86240000	5.8863969954100235e+20
86280000	4.977609307860239e+20
86320000	4.971202883350957e+20
86360000	5.890227860059051e+20
86400000	6.405059692240965e+20
86440000	5.817162208312582e+20
86480000	5.609015347176425e+20
86520000	6.241092045564412e+20
86560000	5.602478450911487e+20
86600000	5.2851718519495164e+20
86640000	6.119859958602208e+20
86680000	5.974390950108707e+20
86720000	5.849651658964024e+20
86760000	5.687687660640725e+20
86800000	6.374742604135064e+20
86840000	5.4627193812948995e+20
86880000	5.742908695957475e+20
86920000	5.957381997898381e+20
86960000	5.584185779902444e+20
87000000	7.029831683316696e+20
87040000	5.77959870395417e+20
87080000	4.379792256798135e+20
87120000	5.7396956839692757e+20
87160000	5.0404459477308126e+20
87200000	5.928176109198074e+20
87240000	4.966969634581619e+20
87280000	4.983038189654575e+20
87320000	5.0531841798770976e+20
87360000	5.266193155182672e+20
87400000	4.5078197167520154e+20
87440000	6.016040785514189e+20
87480000	5.204598145619893e+20
87520000	5.079250979050073e+20
87560000	4.36929541359785e+20
87600000	3.970866533930257e+20
87640000	4.7281299601002234e+20
87680000	3.954086190599779e+20
87720000	4.554188428609315e+20
87760000	3.2826887738653435e+20
87800000	3.41172772815966e+20
87840000	3.314561013990676e+20
87880000	4.020565066418558e+20
87920000	3.295021370523284e+20
87960000	3.576984852682773e+20
88000000	3.207930731703625e+20
88040000	3.261854060809224e+20
88080000	2.8598949230909335e+20
88120000	3.2427395112201925e+20
88160000	3.799343807125579e+20
88200000	4.017826979477925e+20
88240000	3.639627248231575e+20
88280000	3.120085628535067e+20
88320000	3.608060907085184e+20
88360000	2.6992147519309195e+20
88400000	2.8900060887179733e+20
88440000	3.518579572850244e+20
88480000	2.6111300061786e+20
88520000	2.789372834433936e+20
88560000	3.371687031683902e+20
88600000	2.604359878324917e+20
88640000	3.4500318179986e+20
88680000	2.953061664878788e+20
88720000	2.781325959951068e+20
88760000	2.8999383521151828e+20
88800000	2.967646965824622e+20
88840000	2.863492464528087e+20
88880000	2.6792723924057417e+20
88920000	2.6493062101973713e+20
88960000	3.4816584562642525e+20
89000000	3.366609576537862e+20
89040000	3.364388849962916e+20
89080000	3.0376202184593736e+20
89120000	3.397843510312916e+20
89160000	3.468319580201422e+20
89200000	3.984772173295826e+20
89240000	3.8468380413930196e+20
89280000	3.8556606377805886e+20
89320000	4.248035000845155e+20
89360000	4.292884193659429e+20
89400000	3.407392434242195e+20
89440000	3.8690136905351306e+20
89480000	3.47934741410628e+20
89520000	3.595103731555708e+20
89560000	3.9006325989981946e+20
89600000	3.955365802346946e+20
89640000	3.791740597864139e+20
89680000	3.3850674267766686e+20
89720000	3.594944704828045e+20
89760000	3.535218131437778e+20
89800000	3.704980769845426e+20
89840000	3.644903583854142e+20
89880000	3.378217471106835e+20
89920000	3.117649806434832e+20
89960000	3.399704680740655e+20
90000000	3.173460466283154e+20
90040000	2.6717474728740815e+20
90080000	3.295355300454757e+20
90120000	3.400180641781748e+20
90160000	3.655362365267692e+20
90200000	3.323612135903018e+20
90240000	3.490900110491721e+20
90280000	3.2382007709254956e+20
90320000	3.4053772485888436e+20
90360000	3.507098960570403e+20
90400000	3.372174483105154e+20
90440000	3.3606719201897434e+20
90480000	3.854449833121168e+20
90520000	3.830302213759628e+20
90560000	4.471486085991899e+20
90600000	3.9137823177244954e+20
90640000	3.6143107971512494e+20
90680000	3.610226344700404e+20
90720000	4.3118365726822525e+20
90760000	4.106645812002628e+20
90800000	4.1746185088256436e+20
90840000	3.507451902690763e+20
90880000	3.4452374776510146e+20
90920000	3.7371249076414716e+20
90960000	3.364888123118304e+20
91000000	3.744946827277254e+20
91040000	4.0305832404417144e+20
91080000	3.756206832400469e+20
91120000	3.415207401741203e+20
91160000	3.9476153850877706e+20
91200000	3.8601102677607567e+20
91240000	3.565020677035115e+20
91280000	2.966941300457359e+20
91320000	3.4688368872673214e+20
91360000	2.5318506644752417e+20
91400000	3.002259180492294e+20
91440000	3.4543861972315465e+20
91480000	3.220917709066138e+20
91520000	3.2965490279210313e+20
91560000	2.8919987916815994e+20
91600000	3.5760994542825066e+20
91640000	3.173850120860371e+20
91680000	3.440015718862599e+20
91720000	3.225120688131654e+20
91760000	3.4759013364467394e+20
91800000	3.720063853404911e+20
91840000	2.9867817808835504e+20
91880000	3.071872009488116e+20
91920000	3.3184450031336194e+20
91960000	3.08751481027191e+20
92000000	3.413017121275518e+20
92040000	2.9784881299122514e+20
92080000	3.570891735895014e+20
92120000	2.723307485344358e+20
92160000	3.048704607550204e+20
92200000	2.9031949059157177e+20
92240000	3.207489395860802e+20
92280000	3.146899362785895e+20
92320000	3.333552780326647e+20
92360000	2.7601999190216432e+20
92400000	2.884715455767479e+20
92440000	2.9543486197035034e+20
92480000	3.102942172559204e+20
92520000	2.9095179608699296e+20
92560000	3.0211577414837646e+20
92600000	3.250039793085009e+20
92640000	2.7098822542893305e+20
92680000	2.679918076111051e+20
92720000	2.752582653371557e+20
92760000	2.8192930966921475e+20
92800000	2.5815033615469996e+20
92840000	2.5597969215971394e+20
92880000	2.471206992475852e+20
92920000	2.4262972136145755e+20
92960000	2.6140705161443662e+20
93000000	2.9016446592875607e+20
93040000	2.6314866460886886e+20
93080000	2.5328639188690862e+20
93120000	2.290500234745851e+20
93160000	2.42317271875019e+20
93200000	2.188507027992504e+20
93240000	2.4527219977749732e+20
93280000	2.24066329473274e+20
93320000	2.429203807350055e+20
93360000	2.4237317065419925e+20
93400000	2.0282692987482764e+20
93440000	1.9536256002927913e+20
93480000	2.347317282539277e+20
93520000	2.0948634040512633e+20
93560000	2.2381065266029013e+20
93600000	2.1466529307655815e+20
93640000	2.1290276252675103e+20
93680000	2.088617882318644e+20
93720000	2.1005940942282126e+20
93760000	2.1787115361519432e+20
93800000	2.3092403956921162e+20
93840000	2.4189693742655573e+20
93880000	2.1020687681163044e+20
93920000	2.4624110870668866e+20
93960000	2.4933810568818206e+20
94000000	2.405295642409415e+20
94040000	2.3430683629570992e+20
94080000	2.3835872382821564e+20
94120000	2.3160197324037328e+20
94160000	2.308925328154129e+20
94200000	1.953781190235453e+20
94240000	2.3953768349104108e+20
94280000	2.3107334884153095e+20
94320000	2.2727592533142287e+20
94360000	2.5028502016728367e+20
94400000	2.491134176279722e+20
94440000	2.138174592556636e+20
94480000	2.3731572103962647e+20
94520000	2.20037473178158e+20
94560000	2.072446814050099e+20
94600000	2.4999724180268486e+20
94640000	2.3185306335756124e+20
94680000	2.316699533534014e+20
94720000	2.4838271986425292e+20
94760000	2.2601952532610538e+20
94800000	2.503967484810269e+20
94840000	2.167147936792185e+20
94880000	2.608837569785556e+20
94920000	2.39030080529927e+20
94960000	2.4987878957528046e+20
95000000	2.28948483834695e+20
95040000	2.461561512197738e+20
95080000	2.3734087617084152e+20
95120000	2.640320223733741e+20
95160000	2.347942682247094e+20
95200000	2.712875727333283e+20
95240000	2.3512731494788936e+20
95280000	2.1884346858434825e+20
95320000	2.576681662392566e+20
95360000	2.5078599956870218e+20
95400000	2.4761402049158244e+20
95440000	2.3862608516642053e+20
95480000	2.3693037021403418e+20
95520000	2.518607711403859e+20
95560000	2.4400548194462627e+20
95600000	2.4019128861939283e+20
95640000	2.3422943153093335e+20
95680000	2.8232914469746298e+20
95720000	2.3880077315267573e+20
95760000	2.7159000739995012e+20
95800000	2.7544040958181386e+20
95840000	2.445543007005129e+20
95880000	2.554378649593857e+20
95920000	2.564993180132277e+20
95960000	2.571656702671288e+20
96000000	2.643635021733249e+20
96040000	2.382487366563704e+20
96080000	2.422582207337696e+20
96120000	2.50369104929722e+20
96160000	2.3540951225629553e+20
96200000	2.5503797831371198e+20
96240000	2.263404342838965e+20
96280000	2.6055844288959142e+20
96320000	2.4574969068029306e+20
96360000	2.1521314811964273e+20
96400000	2.398934880472762e+20
96440000	2.609028898662223e+20
96480000	2.4145310447869677e+20
96520000	2.2790630342814364e+20
96560000	2.492510451242825e+20
96600000	2.2106064503131557e+20
96640000	2.525254175493992e+20
96680000	2.4347333915086504e+20
96720000	2.5563632886042398e+20
96760000	2.223024082958359e+20
96800000	2.5643164835211805e+20
96840000	2.5688299961264466e+20
96880000	2.236943517696073e+20
96920000	2.3673690788486172e+20
96960000	2.3337672129003592e+20
97000000	2.324768017117338e+20
97040000	2.4074243028362995e+20
97080000	2.7016336900302412e+20
97120000	2.3868423021866425e+20
97160000	2.5766441017865965e+20
97200000	2.4799622505301076e+20
97240000	2.4081696648347573e+20
97280000	2.6551076953949644e+20
97320000	2.394285417876931e+20
97360000	2.3813445803959022e+20
97400000	2.384757626525884e+20
97440000	2.775061585315192e+20
97480000	2.503564088470758e+20
97520000	2.670791670149098e+20
97560000	2.691628825477966e+20
97600000	2.6008917710586226e+20
97640000	2.554138193756595e+20
97680000	2.8134014515208045e+20
97720000	2.8029428102586342e+20
97760000	2.3998690072096676e+20
97800000	3.116750046667645e+20
97840000	1.7242476686093196e+20
97880000	1.3852084289527744e+20
97920000	9.509945648489814e+19
97960000	6.633209808699045e+19
98000000	6.223122058484069e+19
98040000	6.677416754583803e+19
98080000	6.579529449437657e+19
98120000	6.621589165371604e+19
98160000	6.466907266726939e+19
98200000	6.696006850233388e+19
98240000	7.002016038211578e+19
98280000	6.958289643141628e+19
98320000	7.2131019067089535e+19
98360000	7.640593056874083e+19
98400000	7.55359156360452e+19
98440000	7.0908326589145735e+19
98480000	6.376861935057765e+19
98520000	7.0625131872084255e+19
98560000	7.256609994385675e+19
98600000	7.427236650404112e+19
98640000	7.6550775435229e+19
98680000	7.830052624064635e+19
98720000	7.750985582062005e+19
98760000	7.514882714457162e+19
98800000	7.817713983816788e+19
98840000	7.936325197708095e+19
98880000	7.36008451495495e+19
98920000	7.576895269162051e+19
98960000	8.377925535900913e+19
99000000	8.084597300071226e+19
99040000	7.573370858453554e+19
99080000	7.948700454091458e+19
99120000	8.415021458869712e+19
99160000	8.607949312353028e+19
99200000	8.355348173461393e+19
99240000	8.838000409645993e+19
99280000	8.906424386219126e+19
99320000	8.42545858609843e+19
99360000	9.825834083133746e+19
99400000	9.40365867522701e+19
99440000	9.865435915126048e+19
99480000	9.342975429504234e+19
99520000	9.823355879208416e+19
99560000	9.357644943285064e+19
99600000	9.925629465013728e+19
99640000	9.296693270866647e+19
99680000	1.1562061814036732e+20
99720000	1.0580484918128506e+20
99760000	1.0636538706162532e+20
99800000	1.0292254189444504e+20
99840000	1.0484970732274085e+20
99880000	1.1201320059620318e+20
99920000	1.1472432671144428e+20
99960000	1.3405132039410085e+20
100000000	1.2204008590408134e+20
